1956 1570 1921 1693 
1834 867 1155 1603 
1570 971 868 1630 
1407 1715 1358 1730 
1517 2562 2262 1854 
1833 2643 2694 1829 
2043 1884 2221 1702 
1956 913 1185 1548 
1622 605 561 1569 
1354 1321 977 1731 
1404 2461 2164 1902 
1733 2961 2983 1878 
2072 2338 2634 1711 
2052 1100 1343 1535 
1756 378 314 1523 
1370 850 566 1700 
1349 2134 1936 1896 
1598 3051 3137 1930 
2013 2781 3041 1760 
2114 1519 1657 1528 
1891 418 265 1457 
1466 462 270 1629 
1356 1648 1569 1894 
1463 2874 3102 1985 
1893 3081 3417 1809 
2122 2026 2101 1544 
1991 715 379 1448 
1588 278 138 1588 
1338 1159 1175 1855 
1411 2502 2958 1996 
1774 3138 3559 1886 
2031 2460 2591 1614 
2017 1160 634 1419 
1707 373 102 1508 
1449 811 797 1793 
1425 2013 2655 2034 
1684 2903 3564 1945 
1925 2703 3097 1670 
1966 1628 1028 1387 
1765 684 84 1477 
1552 696 476 1728 
1496 1593 2273 2056 
1649 2535 3555 1960 
1823 2690 3512 1736 
1867 1970 1494 1482 
1760 1083 70 1437 
1634 824 261 1651 
1603 1356 1852 1927 
1687 2154 3517 2000 
1770 2484 3550 1803 
1785 2129 1989 1520 
1707 1443 62 1444 
1660 1082 149 1609 
1671 1284 1465 1880 
1733 1842 3342 1978 
1763 2193 3551 1827 
1712 2080 2378 1580 
1647 1656 275 1450 
1642 1360 98 1566 
1724 1421 1155 1816 
1808 1714 3020 1964 
1794 1929 3550 1865 
1691 1908 2758 1620 
1583 1715 642 1470 
1597 1572 77 1550 
1715 1601 816 1783 
1859 1724 2651 1930 
1841 1780 3541 1875 
1682 1721 3172 1664 
1540 1656 1026 1496 
1544 1669 62 1538 
1724 1782 465 1734 
1894 1832 2263 1923 
1897 1760 3538 1912 
1710 1596 3470 1712 
1517 1535 1447 1520 
1505 1654 54 1518 
1703 1876 264 1709 
1910 1953 1859 1906 
1936 1803 3477 1916 
1749 1543 3527 1740 
1517 1431 1869 1558 
1470 1581 56 1521 
1658 1884 145 1677 
1907 2041 1450 1861 
1970 1886 3246 1918 
1789 1564 3532 1776 
1529 1366 2276 1588 
1445 1499 330 1521 
1618 1836 97 1641 
1892 2078 1074 1841 
1996 1970 2900 1914 
1830 1619 3526 1793 
1551 1347 2634 1608 
1426 1427 703 1533 
1570 1765 76 1628 
1864 2065 738 1798 
2014 2024 2506 1893 
1879 1698 3502 1818 
1578 1376 2923 1641 
1413 1382 1102 1541 
1529 1691 69 1603 
1826 2024 475 1774 
2010 2055 2090 1885 
1912 1761 3399 1830 
1625 1427 3134 1668 
1421 1365 1503 1556 
1492 1635 80 1603 
1782 1967 285 1757 
2005 2054 1691 1868 
1953 1815 3156 1836 
1672 1485 3251 1697 
1427 1369 1885 1578 
1462 1585 347 1592 
1727 1917 174 1730 
1982 2054 1316 1854 
1973 1857 2836 1844 
1722 1540 3274 1703 
1460 1388 2219 1581 
1442 1547 672 1591 
1682 1856 125 1718 
1950 2023 995 1842 
1997 1897 2507 1842 
1766 1593 3222 1724 
1497 1419 2486 1601 
1437 1522 1008 1590 
1639 1805 180 1698 
1912 1988 747 1819 
1996 1914 2157 1849 
1808 1646 3087 1749 
1537 1454 2681 1612 
1433 1504 1347 1584 
1598 1751 340 1687 
1864 1942 585 1820 
1989 1914 1831 1852 
1840 1691 2905 1760 
1580 1502 2808 1628 
1444 1509 1659 1581 
1570 1712 550 1669 
1826 1904 502 1797 
1971 1904 1533 1853 
1871 1728 2667 1780 
1622 1544 2855 1648 
1464 1529 1943 1583 
1544 1686 799 1645 
1784 1863 493 1781 
1953 1883 1281 1851 
1889 1746 2412 1791 
1662 1579 2836 1662 
1491 1551 2177 1591 
1530 1673 1069 1636 
1747 1827 545 1753 
1923 1861 1082 1839 
1901 1753 2152 1805 
1697 1604 2751 1683 
1514 1574 2347 1592 
1521 1669 1330 1619 
1706 1803 655 1736 
1892 1845 937 1828 
1901 1758 1892 1813 
1728 1638 2625 1706 
1541 1592 2460 1612 
1520 1667 1580 1617 
1684 1779 807 1717 
1863 1824 856 1816 
1896 1758 1656 1815 
1749 1662 2458 1729 
1568 1619 2521 1632 
1528 1668 1799 1613 
1665 1757 988 1694 
1845 1801 829 1794 
1889 1762 1455 1821 
1762 1682 2271 1747 
1584 1639 2527 1654 
1531 1674 1994 1620 
1658 1741 1194 1681 
1828 1758 846 1769 
1887 1748 1294 1810 
1764 1687 2076 1761 
1597 1677 2493 1681 
1492 1687 2139 1631 
1661 1735 1389 1661 
1828 1732 909 1739 
1982 1727 1160 1789 
1758 1677 1867 1767 
1594 1690 2395 1689 
1462 1709 2244 1644 
1653 1733 1581 1661 
1815 1711 1022 1736 
1986 1689 1074 1763 
1776 1663 1677 1762 
1597 1705 2275 1710 
1470 1737 2300 1668 
1633 1751 1768 1673 
1820 1709 1148 1707 
1930 1658 1033 1745 
1790 1637 1488 1755 
1604 1703 2141 1685 
1511 1764 2324 1664 
1602 1776 1920 1701 
1802 1722 1294 1729 
1912 1642 1042 1799 
1821 1628 1376 1717 
1623 1689 1982 1704 
1508 1780 2293 1652 
1584 1800 2030 1707 
1784 1741 1455 1712 
1915 1641 1086 1727 
1850 1605 1275 1718 
1664 1680 1836 1730 
1506 1774 2241 1711 
1571 1836 2136 1726 
1750 1759 1602 1704 
1911 1657 1163 1694 
1867 1587 1211 1703 
1687 1653 1688 1730 
1514 1760 2152 1735 
1543 1828 2168 1739 
1715 1782 1751 1702 
1909 1680 1267 1692 
1897 1595 1186 1692 
1728 1638 1560 1729 
1528 1734 2048 1744 
1523 1812 2124 1752 
1690 1804 1880 1714 
1890 1705 1390 1685 
1903 1610 1230 1667 
1748 1610 1441 1712 
1553 1713 1932 1744 
1519 1807 2123 1761 
1656 1810 1971 1721 
1866 1720 1505 1684 
1908 1620 1231 1658 
1782 1612 1364 1706 
1579 1698 1811 1742 
1512 1795 2124 1773 
1625 1815 2040 1735 
1833 1732 1617 1697 
1911 1652 1283 1665 
1806 1613 1312 1694 
1607 1687 1692 1742 
1494 1735 2054 1770 
1601 1806 2075 1749 
1799 1744 1731 1693 
1916 1760 1355 1663 
1824 1613 1286 1676 
1633 1678 1591 1727 
1510 1693 1965 1773 
1586 1801 2088 1760 
1765 1741 1826 1707 
1898 1675 1454 1655 
1856 1625 1290 1679 
1674 1681 1521 1716 
1544 1748 1876 1781 
1561 1796 2076 1762 
1738 1748 1899 1720 
1883 1674 1543 1663 
1862 1635 1318 1667 
1704 1683 1455 1713 
1526 1745 1782 1767 
1553 1791 2034 1768 
1706 1748 1945 1729 
1865 1681 1635 1670 
1869 1641 1368 1659 
1737 1677 1409 1699 
1528 1736 1698 1753 
1560 1791 1986 1780 
1678 1748 1983 1741 
1910 1685 1719 1683 
1854 1623 1416 1649 
1758 1663 1388 1686 
1579 1724 1624 1759 
1574 1790 1935 1781 
1661 1759 1988 1751 
1838 1696 1781 1671 
1849 1633 1465 1651 
1775 1656 1391 1679 
1635 1709 1573 1736 
1581 1777 1865 1768 
1636 1767 1976 1753 
1781 1736 1836 1712 
1826 1660 1541 1677 
1781 1650 1412 1686 
1660 1674 1539 1676 
1607 1749 1813 1748 
1649 1776 1965 1749 
1759 1757 1855 1813 
1807 1686 1579 1697 
1766 1641 1411 1690 
1665 1644 1518 1691 
1609 1705 1797 1695 
1650 1764 1964 1711 
1752 1788 1870 1753 
1795 1741 1602 1758 
1778 1684 1424 1750 
1664 1627 1499 1674 
1632 1669 1781 1655 
1659 1728 1969 1661 
1749 1801 1898 1734 
1796 1791 1615 1813 
1765 1726 1412 1814 
1674 1636 1471 1710 
1631 1605 1733 1605 
1656 1661 1977 1576 
1753 1766 1932 1696 
1795 1819 1662 1834 
1772 1789 1405 1886 
1676 1678 1424 1767 
1639 1598 1665 1600 
1655 1607 1986 1510 
1744 1710 1990 1620 
1792 1810 1780 1815 
1773 1829 1403 1943 
1688 1746 1373 1851 
1632 1633 1640 1620 
1645 1567 1954 1463 
1733 1642 2034 1536 
1789 1773 1790 1770 
1788 1855 1448 1986 
1695 1819 1348 1923 
1635 1683 1547 1696 
1641 1586 1906 1461 
1716 1586 2052 1464 
1759 1737 1872 1686 
1772 1810 1521 1945 
1713 1854 1331 1984 
1654 1714 1467 1771 
1647 1631 1807 1510 
1697 1567 2042 1426 
1763 1718 1948 1605 
1758 1740 1617 1881 
1717 1843 1368 1999 
1670 1762 1414 1860 
1664 1711 1705 1584 
1696 1594 1980 1433 
1738 1653 1989 1520 
1740 1655 1720 1787 
1719 1789 1454 1965 
1696 1853 1399 1926 
1686 1797 1606 1681 
1697 1666 1878 1485 
1728 1578 1979 1511 
1724 1598 1829 1706 
1713 1719 1563 1914 
1703 1837 1424 1933 
1711 1855 1519 1776 
1717 1757 1768 1568 
1718 1621 1937 1512 
1702 1563 1894 1628 
1701 1637 1686 1820 
1707 1773 1493 1910 
1731 1868 1482 1840 
1740 1834 1655 1669 
1716 1702 1856 1541 
1684 1572 1907 1572 
1674 1569 1787 1718 
1703 1687 1589 1863 
1745 1829 1488 1878 
1766 1874 1565 1762 
1731 1779 1753 1607 
1673 1628 1887 1548 
1653 1549 1849 1633 
1686 1614 1684 1787 
1746 1764 1529 1878 
1777 1872 1514 1831 
1749 1842 1658 1692 
1684 1700 1831 1571 
1641 1576 1888 1574 
1667 1573 1774 1708 
1738 1696 1595 1848 
1781 1833 1503 1871 
1761 1865 1580 1765 
1694 1770 1762 1615 
1642 1625 1882 1556 
1657 1558 1835 1635 
1728 1630 1662 1793 
1784 1773 1519 1888 
1775 1860 1534 1824 
1704 1813 1686 1671 
1643 1687 1852 1557 
1650 1588 1870 1585 
1713 1604 1731 1734 
1780 1715 1563 1870 
1777 1819 1516 1868 
1715 1827 1634 1726 
1650 1731 1807 1579 
1650 1630 1883 1557 
1711 1607 1787 1680 
1772 1676 1608 1834 
1783 1777 1515 1884 
1726 1816 1594 1780 
1659 1761 1764 1615 
1647 1670 1870 1548 
1699 1625 1819 1632 
1764 1663 1656 1789 
1779 1740 1529 1880 
1731 1790 1564 1819 
1662 1768 1718 1663 
1641 1697 1852 1558 
1691 1643 1839 1601 
1758 1659 1698 1751 
1782 1720 1559 1866 
1733 1765 1548 1841 
1669 1756 1682 1704 
1648 1713 1832 1583 
1687 1666 1852 1582 
1752 1667 1732 1717 
1781 1710 1587 1841 
1741 1751 1548 1851 
1674 1750 1646 1744 
1646 1716 1798 1610 
1679 1685 1850 1580 
1743 1676 1756 1678 
1779 1706 1609 1811 
1745 1737 1545 1851 
1684 1743 1624 1764 
1650 1722 1770 1639 
1675 1691 1847 1584 
1738 1686 1784 1652 
1774 1702 1637 1774 
1751 1732 1552 1844 
1690 1741 1603 1791 
1650 1724 1741 1667 
1665 1696 1838 1597 
1727 1688 1802 1637 
1773 1704 1666 1746 
1757 1722 1558 1826 
1702 1736 1585 1807 
1654 1725 1716 1702 
1659 1705 1830 1613 
1713 1695 1819 1622 
1765 1701 1699 1716 
1769 1713 1578 1802 
1716 1725 1568 1811 
1661 1722 1686 1728 
1660 1709 1810 1637 
1706 1700 1832 1617 
1764 1702 1727 1690 
1765 1713 1602 1780 
1730 1717 1569 1810 
1676 1714 1657 1756 
1658 1711 1790 1669 
1686 1701 1831 1627 
1754 1718 1764 1671 
1761 1706 1625 1734 
1748 1714 1573 1808 
1686 1704 1633 1770 
1656 1707 1758 1700 
1670 1705 1824 1628 
1742 1726 1780 1657 
1753 1710 1651 1655 
1756 1720 1572 1802 
1698 1702 1617 1780 
1662 1708 1729 1750 
1660 1704 1804 1642 
1720 1721 1784 1657 
1755 1727 1686 1670 
1761 1725 1597 1782 
1706 1700 1608 1779 
1674 1694 1699 1786 
1648 1676 1788 1649 
1702 1713 1788 1636 
1744 1723 1705 1693 
1763 1736 1615 1755 
1722 1698 1601 1781 
1673 1684 1679 1745 
1651 1668 1790 1671 
1686 1715 1788 1636 
1735 1728 1723 1675 
1753 1731 1602 1739 
1732 1709 1612 1778 
1680 1682 1662 1754 
1662 1690 1831 1691 
1687 1701 1776 1652 
1728 1723 1736 1666 
1757 1733 1594 1730 
1737 1723 1627 1774 
1689 1693 1658 1762 
1672 1686 1728 1719 
1685 1700 1774 1673 
1730 1726 1747 1675 
1745 1734 1677 1712 
1738 1732 1631 1761 
1699 1710 1651 1768 
1676 1702 1716 1732 
1685 1701 1761 1689 
1720 1719 1754 1672 
1744 1716 1693 1711 
1737 1734 1654 1746 
1707 1714 1648 1768 
1684 1704 1710 1742 
1685 1696 1755 1700 
1711 1710 1758 1674 
1740 1686 1699 1701 
1740 1738 1667 1729 
1710 1719 1648 1759 
1682 1752 1698 1734 
1681 1691 1728 1710 
1709 1706 1752 1678 
1749 1690 1714 1696 
1750 1736 1677 1718 
1725 1724 1652 1748 
1687 1707 1681 1725 
1677 1690 1723 1714 
1699 1699 1743 1681 
1716 1703 1718 1683 
1750 1719 1677 1714 
1727 1717 1661 1746 
1741 1715 1686 1745 
1680 1699 1717 1722 
1697 1700 1744 1692 
1704 1713 1729 1678 
1743 1720 1693 1700 
1725 1715 1658 1740 
1714 1725 1686 1750 
1683 1710 1712 1735 
1697 1719 1746 1699 
1678 1699 1721 1696 
1752 1726 1710 1702 
1730 1709 1666 1731 
1716 1719 1678 1745 
1689 1705 1699 1735 
1703 1719 1741 1708 
1701 1698 1725 1693 
1743 1717 1712 1699 
1728 1706 1675 1722 
1710 1715 1675 1748 
1686 1713 1697 1737 
1700 1720 1726 1721 
1701 1702 1727 1642 
1733 1709 1698 1702 
1717 1706 1682 1724 
1711 1719 1678 1739 
1690 1717 1689 1741 
1697 1720 1722 1725 
1709 1711 1733 1649 
1736 1723 1711 1704 
1725 1703 1688 1716 
1715 1717 1684 1778 
1682 1698 1679 1727 
1697 1715 1707 1719 
1711 1708 1722 1700 
1728 1713 1721 1690 
1717 1691 1687 1698 
1723 1717 1686 1729 
1699 1716 1690 1743 
1701 1730 1715 1730 
1705 1711 1718 1710 
1727 1705 1702 1704 
1725 1700 1700 1703 
1716 1705 1680 1724 
1705 1719 1740 1730 
1702 1718 1699 1730 
1706 1714 1721 1711 
1718 1708 1722 1689 
1724 1698 1699 1699 
1718 1706 1692 1712 
1696 1708 1742 1717 
1705 1712 1690 1733 
1708 1714 1716 1722 
1712 1714 1727 1694 
1719 1699 1699 1699 
1717 1708 1695 1709 
1692 1700 1695 1714 
1705 1711 1683 1734 
1705 1714 1709 1721 
1720 1717 1722 1706 
1709 1701 1711 1688 
1724 1708 1691 1711 
1710 1692 1643 1726 
1712 1725 1699 1735 
1704 1719 1708 1726 
1702 1692 1717 1714 
1711 1707 1726 1691 
1713 1694 1684 1705 
1704 1707 1692 1714 
1710 1713 1686 1733 
1702 1717 1706 1714 
1717 1674 1709 1720 
1714 1708 1727 1691 
1716 1700 1698 1702 
1705 1775 1598 1708 
1706 1706 1674 1718 
1701 1714 1697 1734 
1716 1714 1704 1713 
1712 1712 1723 1708 
1704 1696 1697 1701 
1711 1707 1693 1716 
1700 1706 1678 1727 
1708 1720 1697 1728 
1691 1711 1704 1714 
1712 1717 1719 1697 
1706 1691 1691 1689 
1798 1722 1711 1714 
1700 1697 1685 1714 
1701 1716 1685 1715 
1637 1710 1704 1710 
1713 1716 1715 1709 
1717 1705 1715 1700 
1809 1701 1693 1708 
1690 1691 1673 1704 
1698 1703 1683 1709 
1647 1705 1697 1712 
1714 1711 1725 1710 
1716 1708 1716 1623 
1756 1707 1671 1708 
1690 1681 1661 1715 
1699 1706 1683 1708 
1704 1709 1697 1695 
1708 1713 1717 1714 
1710 1710 1715 1709 
1705 1701 1701 1712 
1698 1703 1686 1713 
1700 1705 1684 1716 
1710 1712 1694 1723 
1702 1710 1706 1710 
1705 1706 1710 1647 
1719 1716 1704 1722 
1704 1725 1701 1715 
1713 1708 1686 1721 
1706 1720 1691 1723 
1710 1710 1700 1719 
1705 1706 1712 1710 
1709 1704 1706 1711 
1710 1708 1700 1711 
1714 1716 1690 1716 
1710 1716 1686 1723 
1711 1713 1700 1722 
1647 1707 1709 1734 
1714 1721 1722 1718 
1719 1699 1706 1716 
1711 1719 1700 1724 
1714 1718 1696 1714 
1707 1715 1700 1715 
1703 1711 1710 1718 
1705 1708 1717 1712 
1707 1705 1710 1710 
1711 1709 1699 1711 
1711 1712 1693 1716 
1706 1714 1698 1712 
1652 1752 1704 1729 
1712 1711 1715 1714 
1711 1717 1707 1720 
1715 1705 1698 1711 
1712 1713 1692 1714 
1714 1714 1693 1719 
1704 1710 1702 1718 
1705 1705 1707 1719 
1709 1711 1710 1717 
1714 1708 1701 1711 
1712 1714 1691 1714 
1707 1713 1691 1715 
1681 1668 1698 1729 
1706 1714 1717 1728 
1713 1706 1706 1711 
1713 1714 1710 1718 
1718 1718 1695 1710 
1709 1714 1692 1713 
1703 1713 1701 1722 
1705 1710 1706 1726 
1706 1707 1709 1720 
1716 1711 1706 1716 
1714 1719 1701 1711 
1707 1716 1697 1711 
1710 1743 1619 1733 
1712 1712 1715 1715 
1708 1707 1715 1732 
1718 1710 1702 1712 
1716 1715 1703 1711 
1708 1715 1695 1711 
1697 1713 1698 1713 
1696 1703 1701 1718 
1706 1704 1708 1720 
1715 1714 1706 1713 
1719 1715 1696 1710 
1714 1719 1694 1606 
1714 1733 1644 1722 
1697 1705 1711 1730 
1709 1711 1707 1726 
1719 1707 1713 1720 
1718 1714 1704 1711 
1711 1715 1692 1709 
1700 1714 1695 1717 
1701 1710 1701 1721 
1702 1701 1708 1718 
1714 1703 1706 1718 
1725 1709 1702 1714 
1662 1720 1697 1772 
1717 1717 1699 1722 
1703 1719 1708 1721 
1707 1703 1713 1725 
1712 1702 1707 1719 
1723 1704 1703 1713 
1721 1713 1697 1711 
1710 1718 1700 1712 
1696 1713 1696 1716 
1696 1704 1703 1758 
1696 1688 1710 1709 
1721 1700 1699 1713 
1631 1703 1698 1666 
1735 1736 1704 1735 
1706 1729 1708 1717 
1706 1708 1706 1744 
1689 1685 1698 1704 
1715 1698 1700 1711 
1724 1707 1698 1701 
1723 1723 1707 1723 
1704 1714 1706 1719 
1698 1708 1702 1714 
1695 1686 1712 1705 
1707 1694 1696 1711 
1651 1638 1697 1721 
1720 1717 1679 1725 
1709 1723 1716 1720 
1699 1728 1706 1724 
1688 1706 1759 1701 
1705 1698 1695 1707 
1714 1700 1695 1716 
1724 1710 1658 1727 
1704 1715 1701 1718 
1704 1719 1703 1716 
1684 1704 1797 1699 
1698 1694 1692 1706 
1715 1730 1624 1718 
1736 1721 1685 1714 
1716 1720 1720 1720 
1707 1714 1699 1719 
1682 1695 1719 1696 
1703 1693 1693 1706 
1704 1694 1703 1703 
1723 1690 1705 1718 
1712 1715 1712 1714 
1707 1716 1701 1715 
1684 1760 1699 1702 
1695 1698 1691 1637 
1716 1713 1677 1712 
1702 1647 1703 1714 
1722 1710 1706 1726 
1706 1716 1710 1720 
1705 1814 1700 1702 
1696 1699 1683 1700 
1705 1701 1690 1704 
1715 1647 1700 1720 
1711 1712 1709 1720 
1703 1714 1710 1714 
1690 1754 1701 1692 
1643 1695 1683 1704 
1718 1714 1699 1714 
1713 1699 1707 1721 
1712 1724 1713 1710 
1709 1697 1695 1722 
1702 1721 1713 1713 
1711 1709 1698 1722 
1709 1715 1707 1708 
1711 1709 1695 1723 
1704 1714 1705 1715 
1707 1708 1700 1721 
1705 1705 1708 1711 
1709 1664 1706 1721 
1716 1722 1721 1721 
1698 1713 1700 1708 
1716 1725 1718 1719 
1699 1698 1697 1718 
1706 1712 1715 1706 
1707 1701 1701 1716 
1717 1720 1715 1709 
1726 1717 1702 1727 
1722 1727 1716 1720 
1708 1707 1698 1724 
1697 1702 1702 1708 
1701 1672 1648 1709 
1720 1715 1708 1703 
1713 1713 1700 1713 
1722 1720 1703 1731 
1702 1713 1700 1723 
1699 1711 1698 1749 
1690 1697 1696 1703 
1706 1709 1699 1707 
1719 1718 1702 1699 
1725 1725 1697 1727 
1696 1705 1696 1711 
1695 1711 1701 1675 
1706 1705 1682 1715 
1715 1722 1718 1707 
1719 1702 1709 1676 
1732 1734 1714 1734 
1710 1708 1705 1723 
1703 1707 1704 1733 
1689 1680 1685 1695 
1706 1698 1703 1702 
1719 1708 1710 1719 
1716 1715 1710 1720 
1703 1707 1698 1721 
1666 1713 1698 1700 
1701 1710 1718 1705 
1715 1701 1716 1717 
1710 1714 1709 1710 
1723 1710 1673 1729 
1708 1718 1709 1722 
1706 1720 1700 1719 
1694 1706 1709 1700 
1714 1710 1702 1712 
1703 1705 1712 1705 
1726 1717 1655 1738 
1706 1715 1711 1721 
1705 1798 1617 1716 
1699 1715 1710 1712 
1720 1704 1697 1714 
1701 1704 1714 1701 
1722 1720 1700 1724 
1708 1713 1713 1719 
1709 1715 1697 1718 
1702 1704 1691 1706 
1710 1708 1697 1711 
1707 1702 1708 1710 
1707 1688 1709 1724 
1707 1710 1714 1648 
1709 1695 1709 1726 
1715 1730 1707 1707 
1707 1711 1690 1723 
1711 1713 1717 1707 
1713 1656 1707 1729 
1709 1719 1723 1716 
1712 1714 1699 1720 
1701 1711 1696 1712 
1709 1714 1694 1715 
1705 1703 1700 1711 
1712 1707 1705 1718 
1665 1710 1714 1628 
1712 1712 1681 1726 
1703 1716 1697 1703 
1708 1698 1690 1717 
1713 1714 1698 1711 
1707 1702 1707 1717 
1716 1713 1717 1712 
1708 1705 1705 1712 
1724 1708 1697 1713 
1707 1699 1692 1714 
1718 1719 1710 1711 
1662 1700 1702 1709 
1680 1749 1719 1730 
1722 1718 1718 1725 
1795 1708 1697 1706 
1694 1694 1689 1709 
1704 1712 1695 1712 
1713 1715 1701 1725 
1701 1712 1713 1715 
1707 1706 1704 1723 
1707 1711 1705 1709 
1713 1712 1695 1712 
1708 1709 1696 1716 
1713 1711 1700 1723 
1724 1693 1738 1719 
1712 1716 1716 1708 
1702 1717 1698 1726 
1712 1707 1702 1711 
1719 1716 1700 1713 
1707 1703 1695 1715 
1709 1710 1709 1720 
1703 1701 1709 1712 
1706 1705 1710 1707 
1713 1704 1701 1711 
1720 1714 1701 1714 
1712 1713 1694 1671 
1729 1735 1663 1740 
1692 1717 1725 1722 
1717 1710 1714 1809 
1691 1693 1702 1690 
1702 1698 1684 1703 
1704 1708 1693 1656 
1714 1721 1699 1724 
1706 1712 1704 1724 
1696 1702 1707 1757 
1684 1671 1700 1692 
1702 1696 1687 1699 
1655 1703 1686 1613 
1728 1740 1670 1733 
1707 1705 1716 1732 
1704 1709 1706 1716 
1695 1687 1762 1703 
1701 1700 1690 1698 
1707 1705 1686 1712 
1706 1710 1698 1722 
1709 1717 1708 1724 
1696 1701 1704 1708 
1711 1707 1709 1709 
1711 1705 1705 1711 
1656 1619 1704 1707 
1720 1723 1696 1735 
1716 1714 1692 1717 
1707 1713 1709 1721 
1711 1707 1708 1714 
1710 1706 1703 1716 
1713 1715 1702 1719 
1711 1717 1699 1720 
1705 1714 1695 1715 
1708 1710 1701 1710 
1710 1707 1706 1706 
1711 1705 1707 1709 
1696 1605 1636 1726 
1723 1723 1712 1716 
1701 1717 1694 1723 
1717 1710 1705 1718 
1709 1708 1705 1714 
1709 1709 1706 1709 
1710 1711 1703 1712 
1711 1714 1703 1717 
1710 1713 1703 1717 
1706 1707 1700 1715 
1712 1710 1711 1713 
1710 1705 1713 1661 
1728 1732 1672 1724 
1707 1716 1715 1733 
1714 1713 1711 1724 
1711 1709 1708 1717 
1711 1704 1705 1709 
1712 1706 1710 1710 
1712 1710 1710 1710 
1710 1710 1706 1707 
1705 1707 1695 1714 
1706 1710 1698 1713 
1706 1707 1703 1707 
1709 1700 1705 1642 
1721 1724 1663 1719 
1725 1712 1713 1723 
1704 1709 1704 1720 
1710 1710 1695 1713 
1705 1705 1709 1712 
1712 1705 1708 1708 
1712 1700 1708 1712 
1712 1712 1707 1717 
1710 1710 1701 1719 
1701 1712 1700 1713 
1705 1709 1699 1711 
1622 1705 1701 1759 
1719 1712 1703 1722 
1704 1704 1706 1728 
1709 1721 1692 1722 
1700 1712 1704 1720 
1698 1706 1697 1709 
1709 1708 1702 1710 
1714 1708 1711 1714 
1712 1716 1708 1714 
1708 1716 1701 1721 
1703 1717 1705 1718 
1701 1712 1700 1712 
1677 1738 1702 1728 
1722 1720 1712 1722 
1720 1713 1696 1695 
1719 1727 1716 1736 
1695 1710 1696 1714 
1704 1708 1696 1724 
1698 1700 1702 1705 
1716 1707 1702 1713 
1702 1702 1703 1716 
1719 1723 1710 1732 
1701 1714 1706 1715 
1698 1709 1698 1710 
1724 1651 1708 1709 
1717 1705 1709 1708 
1720 1713 1720 1715 
1707 1718 1658 1727 
1705 1721 1711 1720 
1702 1713 1700 1712 
1691 1698 1751 1691 
1703 1693 1689 1703 
1715 1707 1700 1714 
1722 1710 1655 1731 
1701 1714 1712 1718 
1697 1714 1701 1711 
1683 1699 1698 1685 
1708 1701 1691 1711 
1705 1712 1701 1712 
1730 1729 1717 1727 
1714 1724 1704 1727 
1699 1713 1699 1720 
1689 1706 1702 1701 
1702 1686 1686 1699 
1715 1699 1699 1712 
1713 1691 1710 1721 
1706 1717 1709 1715 
1700 1708 1696 1618 
1708 1773 1603 1715 
1687 1696 1702 1703 
1715 1693 1707 1706 
1708 1646 1697 1721 
1718 1721 1710 1728 
1700 1712 1707 1712 
1691 1756 1700 1698 
1697 1686 1688 1702 
1717 1701 1708 1710 
1724 1674 1706 1722 
1719 1716 1717 1715 
1664 1712 1702 1678 
1694 1761 1726 1691 
1703 1683 1687 1707 
1704 1709 1697 1702 
1712 1704 1698 1719 
1718 1717 1701 1728 
1700 1711 1702 1719 
1738 1712 1703 1695 
1687 1692 1689 1700 
1707 1700 1696 1702 
1670 1704 1698 1718 
1716 1714 1706 1720 
1617 1720 1703 1651 
1796 1712 1702 1722 
1690 1686 1703 1706 
1696 1701 1688 1694 
1640 1704 1704 1709 
1721 1718 1707 1719 
1714 1719 1708 1717 
1792 1707 1698 1712 
1685 1687 1683 1697 
1695 1695 1696 1700 
1683 1702 1698 1710 
1718 1722 1715 1724 
1667 1721 1708 1761 
1710 1721 1708 1731 
1695 1715 1679 1708 
1703 1698 1695 1708 
1720 1716 1709 1715 
1710 1703 1698 1714 
1714 1717 1709 1721 
1705 1707 1696 1724 
1702 1713 1705 1707 
1702 1702 1696 1707 
1716 1708 1710 1706 
1722 1708 1704 1717 
1682 1742 1705 1733 
1721 1723 1710 1729 
1697 1715 1692 1714 
1710 1709 1714 1714 
1714 1710 1704 1708 
1726 1713 1709 1718 
1705 1706 1702 1712 
1713 1722 1702 1728 
1695 1705 1699 1715 
1708 1716 1703 1713 
1703 1699 1700 1708 
1731 1711 1704 1719 
1771 1631 1706 1713 
1727 1724 1711 1724 
1703 1699 1705 1710 
1707 1719 1700 1719 
1707 1699 1704 1706 
1725 1701 1673 1721 
1716 1705 1709 1716 
1717 1710 1705 1718 
1693 1711 1757 1698 
1700 1703 1685 1710 
1712 1711 1702 1714 
1721 1713 1691 1719 
1691 1664 1692 1724 
1725 1722 1711 1717 
1690 1711 1732 1712 
1704 1714 1697 1709 
1708 1708 1706 1710 
1717 1707 1708 1717 
1720 1712 1717 1713 
1707 1707 1702 1712 
1698 1734 1699 1706 
1700 1697 1690 1710 
1703 1702 1703 1705 
1707 1689 1700 1723 
1725 1649 1659 1716 
1718 1718 1711 1717 
1704 1772 1701 1711 
1701 1692 1696 1715 
1702 1705 1700 1713 
1710 1711 1707 1709 
1712 1711 1703 1717 
1710 1711 1708 1713 
1694 1740 1701 1697 
1699 1699 1685 1714 
1704 1715 1704 1714 
1707 1704 1699 1704 
1734 1722 1669 1719 
1709 1709 1701 1734 
1716 1714 1715 1710 
1709 1704 1702 1718 
1707 1707 1705 1710 
1702 1710 1699 1721 
1719 1723 1712 1713 
1709 1704 1698 1712 
1730 1705 1702 1713 
1706 1700 1698 1713 
1713 1715 1712 1707 
1668 1699 1695 1703 
1730 1718 1811 1728 
1714 1718 1713 1714 
1787 1697 1710 1705 
1690 1691 1683 1704 
1704 1702 1699 1709 
1711 1713 1698 1720 
1708 1716 1709 1710 
1710 1711 1699 1717 
1707 1710 1706 1714 
1712 1709 1700 1718 
1707 1706 1706 1714 
1710 1709 1705 1645 
1713 1694 1608 1724 
1704 1724 1714 1720 
1712 1707 1711 1736 
1696 1711 1699 1707 
1715 1714 1698 1716 
1704 1706 1702 1700 
1722 1722 1699 1715 
1703 1700 1696 1710 
1720 1719 1706 1717 
1703 1706 1697 1711 
1709 1718 1708 1707 
1705 1701 1695 1625 
1718 1709 1764 1721 
1712 1714 1711 1721 
1708 1707 1711 1726 
1701 1708 1695 1715 
1717 1717 1713 1717 
1703 1705 1706 1706 
1711 1707 1706 1710 
1712 1701 1701 1717 
1714 1714 1709 1713 
1709 1705 1700 1714 
1709 1711 1707 1710 
1714 1708 1703 1644 
1716 1697 1725 1720 
1711 1718 1713 1719 
1709 1701 1713 1722 
1713 1715 1700 1717 
1708 1705 1705 1709 
1709 1706 1704 1711 
1714 1704 1701 1714 
1715 1710 1703 1716 
1711 1709 1701 1716 
1711 1709 1702 1712 
1710 1707 1700 1707 
1711 1705 1702 1644 
1718 1711 1763 1720 
1726 1709 1711 1714 
1709 1706 1703 1723 
1710 1713 1699 1715 
1709 1711 1706 1714 
1707 1707 1701 1706 
1709 1709 1699 1716 
1710 1711 1709 1718 
1707 1708 1703 1713 
1706 1705 1695 1713 
1706 1708 1699 1716 
1706 1710 1705 1642 
1717 1706 1744 1717 
1719 1706 1714 1710 
1706 1706 1707 1721 
1712 1714 1701 1716 
1702 1708 1696 1712 
1703 1710 1696 1709 
1706 1711 1703 1714 
1707 1709 1705 1712 
1707 1708 1698 1715 
1705 1708 1700 1716 
1707 1716 1702 1712 
1704 1709 1699 1637 
1718 1727 1673 1720 
1721 1705 1714 1716 
1706 1710 1706 1720 
1706 1709 1702 1717 
1705 1706 1696 1715 
1704 1709 1698 1710 
1705 1708 1699 1711 
1702 1708 1702 1712 
1707 1706 1700 1713 
1705 1706 1698 1713 
1710 1708 1702 1718 
1704 1705 1701 1637 
1716 1724 1691 1719 
1699 1719 1708 1719 
1716 1705 1708 1717 
1734 1713 1705 1713 
1694 1689 1684 1710 
1713 1713 1700 1717 
1706 1707 1704 1721 
1713 1714 1711 1715 
1707 1702 1700 1717 
1706 1707 1706 1717 
1696 1690 1688 1699 
1699 1694 1691 1634 
1722 1719 1672 1709 
1714 1723 1713 1720 
1716 1700 1708 1713 
1695 1707 1707 1796 
1690 1695 1699 1696 
1705 1701 1693 1703 
1705 1696 1693 1645 
1715 1707 1695 1716 
1713 1712 1710 1715 
1714 1706 1705 1775 
1688 1685 1692 1698 
1703 1696 1691 1612 
1717 1697 1749 1704 
1727 1730 1723 1722 
1710 1697 1714 1726 
1707 1712 1705 1732 
1688 1677 1688 1695 
1704 1700 1696 1700 
1703 1701 1694 1705 
1708 1708 1699 1711 
1718 1716 1708 1719 
1707 1706 1709 1714 
1692 1697 1738 1696 
1696 1693 1684 1733 
1712 1701 1789 1721 
1715 1713 1660 1722 
1712 1709 1722 1717 
1708 1715 1699 1718 
1695 1702 1783 1700 
1698 1698 1687 1701 
1698 1698 1690 1706 
1721 1712 1637 1731 
1713 1718 1714 1717 
1709 1706 1705 1709 
1686 1684 1729 1690 
1699 1692 1685 1685 
1705 1713 1682 1714 
1734 1724 1720 1722 
1703 1717 1712 1714 
1719 1710 1706 1715 
1691 1721 1702 1697 
1696 1689 1684 1701 
1697 1697 1691 1705 
1706 1673 1696 1716 
1712 1719 1710 1717 
1710 1707 1700 1715 
1702 1762 1700 1699 
1695 1690 1686 1705 
1715 1709 1633 1720 
1722 1647 1715 1718 
1705 1723 1711 1714 
1717 1711 1701 1715 
1691 1776 1706 1689 
1696 1687 1677 1699 
1699 1701 1687 1707 
1722 1697 1699 1730 
1716 1722 1714 1718 
1704 1705 1698 1715 
1697 1708 1701 1696 
1696 1699 1687 1708 
1719 1668 1632 1718 
1697 1716 1705 1703 
1717 1717 1714 1727 
1715 1714 1704 1719 
1754 1703 1707 1707 
1691 1690 1692 1700 
1704 1703 1697 1707 
1644 1708 1696 1709 
1716 1722 1710 1721 
1706 1708 1704 1719 
1758 1709 1702 1709 
1689 1694 1689 1703 
1725 1663 1626 1723 
1658 1715 1706 1714 
1721 1726 1724 1732 
1704 1711 1706 1718 
1732 1709 1704 1687 
1687 1687 1673 1701 
1702 1703 1695 1704 
1706 1703 1696 1712 
1714 1706 1703 1722 
1708 1707 1704 1715 
1707 1714 1706 1739 
1691 1694 1692 1696 
1690 1597 1652 1710 
1706 1715 1704 1671 
1724 1717 1710 1723 
1705 1715 1710 1715 
1709 1708 1704 1795 
1694 1697 1695 1695 
1697 1693 1690 1697 
1704 1700 1695 1633 
1715 1710 1698 1719 
1718 1714 1708 1717 
1706 1702 1704 1797 
1684 1678 1698 1685 
1700 1637 1686 1702 
1707 1709 1705 1691 
1724 1724 1701 1716 
1713 1715 1712 1723 
1706 1702 1701 1709 
1688 1675 1708 1699 
1697 1696 1691 1699 
1704 1697 1689 1705 
1707 1702 1683 1716 
1717 1716 1714 1715 
1702 1703 1701 1714 
1697 1713 1707 1702 
1735 1659 1690 1713 
1712 1720 1714 1720 
1711 1720 1697 1727 
1708 1707 1703 1713 
1711 1714 1699 1720 
1708 1714 1707 1712 
1705 1714 1698 1712 
1701 1709 1698 1713 
1714 1714 1702 1721 
1710 1713 1707 1714 
1709 1710 1705 1715 
1706 1705 1703 1708 
1645 1714 1709 1680 
1722 1719 1721 1718 
1717 1705 1715 1719 
1710 1718 1699 1716 
1713 1714 1711 1712 
1709 1711 1705 1709 
1707 1704 1702 1710 
1713 1704 1701 1713 
1713 1706 1700 1715 
1715 1711 1707 1714 
1707 1706 1708 1710 
1709 1708 1704 1712 
1679 1710 1701 1644 
1712 1713 1697 1721 
1715 1693 1702 1722 
1708 1715 1721 1712 
1713 1709 1695 1723 
1707 1716 1707 1705 
1707 1703 1692 1714 
1705 1709 1705 1712 
1715 1711 1702 1726 
1707 1712 1718 1702 
1705 1696 1693 1716 
1705 1708 1711 1705 
1711 1708 1699 1655 
1718 1725 1738 1717 
1683 1719 1701 1718 
1719 1725 1714 1719 
1706 1715 1705 1717 
1709 1710 1699 1713 
1707 1708 1698 1716 
1712 1714 1703 1718 
1699 1706 1700 1714 
1719 1715 1709 1713 
1711 1701 1698 1717 
1716 1719 1710 1710 
1711 1705 1694 1640 
1718 1699 1680 1716 
1713 1707 1705 1728 
1721 1727 1718 1718 
1718 1709 1703 1715 
1709 1705 1702 1709 
1698 1696 1689 1703 
1706 1708 1699 1711 
1712 1713 1701 1717 
1706 1710 1700 1710 
1714 1713 1701 1720 
1707 1713 1704 1723 
1699 1708 1706 1708 
1717 1746 1634 1726 
1711 1715 1708 1681 
1724 1723 1704 1731 
1712 1710 1705 1710 
1705 1707 1698 1715 
1710 1712 1704 1715 
1709 1715 1704 1717 
1703 1707 1704 1709 
1712 1711 1701 1717 
1717 1713 1709 1718 
1713 1710 1709 1712 
1706 1707 1700 1710 
1711 1767 1728 1712 
1721 1718 1710 1719 
1719 1715 1707 1714 
1710 1715 1705 1715 
1715 1711 1707 1712 
1713 1712 1708 1711 
1713 1706 1707 1713 
1713 1703 1708 1713 
1712 1710 1706 1716 
1715 1708 1710 1716 
1708 1708 1707 1712 
1709 1704 1700 1711 
1677 1639 1707 1722 
1718 1714 1717 1718 
1719 1708 1709 1718 
1715 1704 1715 1718 
1711 1707 1705 1718 
1711 1710 1709 1715 
1712 1706 1704 1709 
1707 1704 1705 1709 
1713 1708 1705 1717 
1712 1711 1708 1714 
1710 1712 1703 1708 
1709 1708 1696 1708 
1676 1712 1701 1698 
1722 1713 1707 1723 
1714 1705 1709 1720 
1716 1712 1701 1719 
1715 1712 1707 1717 
1717 1719 1708 1713 
1709 1709 1700 1714 
1711 1709 1703 1719 
1714 1715 1706 1723 
1709 1709 1704 1719 
1708 1710 1703 1716 
1710 1713 1705 1718 
1684 1716 1705 1633 
1710 1712 1710 1722 
1715 1714 1704 1721 
1711 1713 1709 1720 
1710 1712 1705 1716 
1711 1756 1707 1687 
1698 1697 1683 1708 
1709 1712 1699 1708 
1707 1706 1697 1735 
1714 1715 1714 1719 
1714 1715 1711 1717 
1743 1709 1703 1691 
1701 1699 1693 1665 
1705 1690 1722 1708 
1653 1707 1707 1720 
1716 1714 1709 1724 
1714 1718 1717 1718 
1806 1709 1702 1709 
1692 1692 1687 1700 
1701 1697 1692 1707 
1642 1707 1703 1712 
1712 1715 1712 1718 
1714 1717 1710 1721 
1711 1712 1704 1716 
1706 1710 1705 1710 
1713 1767 1600 1714 
1717 1717 1707 1717 
1717 1712 1710 1724 
1717 1715 1711 1719 
1712 1710 1705 1721 
1709 1717 1705 1718 
1709 1713 1708 1716 
1702 1709 1702 1713 
1708 1708 1703 1722 
1713 1716 1709 1723 
1710 1714 1702 1718 
1707 1713 1702 1713 
1678 1646 1702 1730 
1713 1718 1714 1716 
1713 1714 1706 1724 
1715 1716 1709 1721 
1714 1717 1702 1718 
1709 1712 1702 1711 
1710 1716 1704 1712 
1708 1709 1703 1714 
1708 1709 1703 1715 
1708 1709 1706 1722 
1707 1710 1706 1715 
1707 1711 1701 1714 
1637 1713 1697 1737 
1716 1725 1711 1724 
1713 1709 1708 1722 
1705 1711 1706 1720 
1709 1703 1703 1718 
1713 1718 1699 1716 
1712 1719 1702 1710 
1708 1711 1697 1715 
1713 1710 1704 1721 
1710 1712 1707 1723 
1706 1708 1698 1714 
1697 1712 1723 1702 
1721 1714 1696 1661 
1713 1716 1714 1709 
1725 1727 1666 1739 
1712 1715 1718 1722 
1712 1715 1701 1718 
1695 1703 1712 1702 
1710 1708 1691 1718 
1712 1718 1709 1713 
1723 1713 1705 1726 
1713 1717 1715 1719 
1706 1704 1701 1714 
1700 1722 1699 1701 
1710 1703 1689 1705 
1716 1708 1648 1722 
1718 1665 1718 1713 
1710 1717 1716 1719 
1708 1706 1705 1721 
1706 1773 1703 1701 
1704 1696 1682 1701 
1709 1706 1696 1710 
1717 1685 1713 1730 
1710 1718 1728 1714 
1701 1703 1706 1716 
1692 1762 1701 1690 
1703 1692 1681 1704 
1738 1638 1700 1697 
1733 1719 1707 1735 
1720 1723 1725 1732 
1708 1710 1714 1723 
1712 1710 1704 1699 
1702 1696 1687 1706 
1712 1710 1697 1710 
1686 1715 1701 1716 
1721 1720 1714 1725 
1711 1709 1708 1727 
1754 1708 1707 1717 
1696 1694 1691 1701 
1634 1707 1696 1656 
1669 1718 1716 1715 
1728 1727 1722 1723 
1713 1710 1709 1725 
1802 1705 1706 1708 
1693 1688 1678 1694 
1709 1707 1688 1703 
1671 1711 1699 1729 
1724 1718 1719 1728 
1711 1710 1720 1717 
1712 1704 1707 1698 
1693 1690 1677 1697 
1707 1702 1693 1651 
1719 1703 1685 1708 
1730 1720 1719 1732 
1714 1714 1720 1729 
1703 1708 1710 1767 
1696 1699 1695 1704 
1710 1705 1695 1707 
1716 1712 1698 1683 
1730 1720 1701 1727 
1714 1709 1709 1721 
1708 1713 1706 1804 
1687 1695 1701 1693 
1707 1701 1685 1708 
1698 1608 1655 1682 
1739 1731 1713 1733 
1712 1711 1710 1724 
1704 1713 1709 1754 
1687 1680 1682 1693 
1708 1702 1688 1697 
1714 1703 1692 1715 
1725 1716 1709 1728 
1703 1717 1714 1710 
1713 1706 1703 1721 
1700 1702 1711 1711 
1718 1714 1697 1717 
1668 1698 1707 1683 
1727 1714 1683 1731 
1720 1719 1719 1726 
1712 1715 1716 1718 
1696 1706 1756 1703 
1706 1702 1693 1712 
1719 1708 1697 1719 
1718 1702 1625 1730 
1718 1722 1722 1724 
1712 1710 1709 1721 
1683 1703 1800 1696 
1695 1696 1685 1702 
1707 1700 1695 1645 
1730 1726 1630 1725 
1723 1713 1711 1732 
1707 1712 1712 1719 
1672 1708 1743 1692 
1698 1698 1686 1701 
1704 1700 1687 1708 
1729 1696 1703 1724 
1722 1716 1708 1727 
1707 1713 1710 1715 
1690 1772 1705 1704 
1696 1702 1691 1698 
1700 1699 1690 1704 
1727 1684 1639 1719 
1721 1720 1712 1732 
1708 1719 1718 1720 
1713 1718 1705 1722 
1705 1712 1707 1713 
1712 1722 1707 1718 
1712 1712 1700 1719 
1722 1720 1708 1726 
1715 1716 1705 1726 
1709 1724 1708 1715 
1704 1713 1700 1715 
1710 1712 1708 1714 
1705 1664 1703 1713 
1718 1708 1711 1725 
1717 1714 1710 1728 
1710 1716 1712 1721 
1705 1713 1709 1713 
1711 1711 1705 1713 
1719 1713 1706 1721 
1718 1711 1708 1723 
1713 1709 1705 1722 
1711 1711 1707 1722 
1712 1715 1708 1713 
1707 1710 1702 1708 
1714 1711 1704 1655 
1721 1716 1699 1728 
1717 1713 1713 1725 
1708 1712 1705 1720 
1709 1716 1708 1710 
1711 1714 1708 1712 
1713 1711 1708 1717 
1717 1715 1710 1726 
1712 1709 1708 1729 
1711 1716 1708 1720 
1706 1715 1706 1715 
1708 1717 1706 1713 
1713 1714 1706 1715 
1704 1748 1701 1722 
1712 1709 1712 1729 
1709 1711 1708 1728 
1707 1713 1706 1715 
1709 1717 1701 1712 
1713 1716 1707 1714 
1714 1715 1711 1720 
1713 1707 1710 1724 
1709 1709 1711 1725 
1710 1713 1711 1720 
1708 1713 1704 1709 
1715 1715 1703 1709 
1652 1716 1710 1690 
1718 1717 1721 1726 
1713 1710 1709 1729 
1710 1711 1707 1725 
1717 1715 1702 1716 
1714 1713 1699 1709 
1717 1711 1705 1715 
1715 1712 1713 1722 
1708 1709 1716 1719 
1706 1708 1707 1720 
1706 1713 1700 1719 
1715 1715 1703 1716 
1716 1713 1705 1730 
1708 1706 1780 1719 
1709 1706 1719 1721 
1707 1710 1711 1718 
1710 1714 1696 1723 
1715 1722 1692 1719 
1716 1719 1698 1714 
1710 1707 1709 1713 
1711 1705 1725 1714 
1710 1708 1719 1718 
1710 1716 1703 1727 
1716 1724 1688 1731 
1714 1721 1693 1719 
1721 1658 1710 1703 
1705 1704 1728 1705 
1714 1707 1724 1719 
1720 1720 1709 1736 
1716 1729 1688 1737 
1710 1725 1685 1729 
1703 1709 1706 1708 
1699 1696 1727 1693 
1709 1693 1726 1705 
1728 1711 1709 1730 
1729 1733 1687 1744 
1712 1735 1679 1735 
1665 1719 1694 1643 
1689 1692 1728 1688 
1709 1690 1741 1691 
1726 1704 1718 1721 
1734 1728 1689 1748 
1719 1736 1674 1746 
1692 1727 1686 1714 
1679 1698 1719 1686 
1699 1682 1738 1686 
1729 1693 1731 1715 
1741 1721 1699 1751 
1726 1745 1674 1755 
1696 1736 1676 1727 
1681 1715 1663 1692 
1689 1683 1739 1681 
1722 1687 1740 1708 
1741 1712 1708 1742 
1735 1741 1671 1760 
1700 1748 1671 1739 
1674 1723 1695 1698 
1680 1688 1727 1680 
1716 1680 1740 1700 
1746 1700 1718 1734 
1743 1731 1682 1753 
1714 1748 1666 1742 
1647 1703 1688 1699 
1680 1708 1730 1683 
1701 1678 1739 1695 
1741 1685 1726 1729 
1749 1717 1694 1749 
1727 1747 1678 1745 
1683 1737 1680 1711 
1673 1707 1712 1725 
1683 1671 1715 1677 
1723 1668 1719 1711 
1741 1695 1699 1691 
1730 1731 1683 1743 
1697 1742 1682 1700 
1675 1713 1652 1790 
1679 1691 1728 1683 
1713 1674 1722 1701 
1742 1690 1705 1663 
1738 1724 1681 1745 
1706 1742 1686 1725 
1674 1727 1694 1771 
1665 1680 1717 1679 
1710 1679 1718 1704 
1736 1686 1709 1730 
1738 1723 1699 1744 
1709 1735 1687 1728 
1690 1689 1694 1714 
1688 1713 1716 1698 
1717 1705 1722 1717 
1733 1693 1716 1735 
1731 1705 1703 1734 
1706 1717 1686 1727 
1688 1731 1699 1708 
1690 1720 1710 1703 
1712 1706 1720 1716 
1736 1697 1722 1733 
1738 1700 1707 1737 
1714 1710 1698 1721 
1693 1719 1702 1660 
1708 1754 1734 1703 
1713 1716 1726 1709 
1732 1702 1713 1724 
1734 1699 1707 1733 
1717 1708 1702 1723 
1692 1712 1701 1705 
1689 1720 1711 1703 
1711 1714 1720 1715 
1731 1710 1720 1724 
1731 1705 1707 1731 
1712 1702 1697 1721 
1698 1711 1701 1708 
1708 1674 1702 1734 
1713 1726 1731 1711 
1726 1711 1712 1730 
1731 1745 1709 1722 
1714 1695 1688 1725 
1698 1709 1702 1709 
1691 1669 1706 1714 
1709 1725 1722 1710 
1727 1712 1714 1725 
1710 1770 1703 1704 
1700 1686 1678 1710 
1693 1697 1693 1701 
1722 1723 1704 1676 
1722 1744 1723 1714 
1718 1709 1718 1725 
1731 1708 1704 1711 
1705 1691 1688 1714 
1694 1695 1698 1698 
1683 1699 1701 1705 
1714 1716 1715 1719 
1718 1717 1721 1724 
1784 1711 1709 1728 
1701 1694 1697 1714 
1703 1701 1700 1706 
1649 1704 1703 1700 
1726 1648 1645 1729 
1734 1726 1710 1723 
1817 1718 1702 1719 
1698 1687 1681 1708 
1701 1701 1691 1700 
1679 1704 1698 1708 
1717 1715 1713 1719 
1718 1718 1716 1720 
1744 1711 1705 1720 
1708 1696 1681 1712 
1704 1702 1696 1707 
1703 1700 1702 1706 
1658 1716 1716 1735 
1716 1728 1729 1734 
1707 1700 1717 1770 
1705 1703 1691 1709 
1700 1701 1697 1699 
1701 1698 1698 1678 
1720 1710 1705 1719 
1715 1712 1712 1719 
1722 1715 1704 1801 
1705 1707 1710 1706 
1709 1705 1695 1710 
1705 1702 1702 1677 
1726 1720 1703 1720 
1757 1753 1641 1731 
1716 1722 1698 1777 
1688 1688 1679 1704 
1707 1699 1692 1710 
1699 1701 1698 1703 
1710 1714 1715 1707 
1719 1717 1712 1715 
1725 1715 1704 1726 
1706 1703 1708 1707 
1701 1706 1692 1706 
1690 1702 1708 1714 
1718 1706 1705 1723 
1668 1699 1707 1775 
1723 1728 1730 1739 
1698 1701 1755 1718 
1710 1716 1684 1705 
1700 1707 1701 1712 
1715 1704 1683 1721 
1712 1710 1718 1716 
1717 1706 1701 1724 
1699 1702 1747 1706 
1707 1708 1688 1715 
1704 1713 1705 1712 
1718 1719 1718 1719 
1707 1707 1716 1713 
1741 1582 1620 1743 
1707 1723 1709 1699 
1686 1717 1674 1710 
1702 1694 1703 1700 
1700 1701 1703 1714 
1718 1719 1721 1718 
1720 1713 1706 1724 
1711 1754 1697 1706 
1704 1701 1683 1715 
1701 1712 1696 1714 
1702 1672 1709 1720 
1705 1718 1722 1709 
1603 1716 1705 1644 
1710 1824 1728 1728 
1694 1672 1693 1722 
1696 1714 1677 1703 
1714 1661 1706 1724 
1722 1730 1725 1719 
1713 1708 1704 1724 
1707 1787 1706 1701 
1703 1696 1675 1712 
1698 1703 1690 1703 
1706 1701 1695 1725 
1708 1718 1714 1720 
1718 1723 1716 1721 
1783 1747 1564 1718 
1713 1712 1679 1687 
1681 1712 1676 1708 
1670 1706 1702 1707 
1705 1714 1709 1722 
1714 1718 1716 1719 
1801 1713 1700 1717 
1699 1699 1686 1704 
1696 1701 1686 1704 
1701 1709 1693 1707 
1709 1712 1699 1720 
1717 1723 1716 1716 
1750 1713 1703 1720 
1715 1730 1722 1735 
1710 1681 1710 1728 
1703 1717 1694 1712 
1719 1713 1705 1716 
1707 1716 1707 1715 
1722 1716 1709 1726 
1713 1714 1707 1726 
1713 1719 1702 1717 
1704 1711 1697 1715 
1713 1716 1710 1715 
1715 1714 1712 1718 
1714 1718 1716 1719 
1681 1676 1739 1757 
1724 1730 1717 1695 
1696 1723 1694 1718 
1710 1710 1701 1705 
1717 1713 1713 1718 
1720 1719 1708 1723 
1714 1716 1705 1723 
1705 1716 1693 1720 
1704 1713 1700 1716 
1701 1710 1706 1705 
1712 1712 1707 1710 
1717 1716 1709 1714 
1652 1727 1705 1663 
1726 1773 1696 1738 
1707 1689 1713 1725 
1701 1711 1698 1717 
1724 1708 1714 1704 
1721 1719 1710 1720 
1721 1721 1708 1723 
1712 1722 1706 1728 
1706 1715 1695 1721 
1705 1707 1703 1717 
1711 1704 1709 1706 
1719 1708 1715 1714 
1721 1717 1714 1723 
1830 1712 1704 1768 
1715 1721 1703 1695 
1695 1709 1702 1712 
1709 1705 1704 1700 
1722 1698 1720 1712 
1720 1713 1708 1718 
1721 1719 1704 1729 
1707 1725 1696 1725 
1700 1714 1699 1709 
1706 1704 1701 1707 
1723 1704 1714 1710 
1728 1711 1715 1718 
1719 1717 1707 1717 
1717 1724 1709 1728 
1683 1725 1718 1703 
1701 1697 1718 1708 
1717 1703 1705 1703 
1727 1704 1718 1715 
1727 1715 1711 1725 
1708 1718 1699 1728 
1696 1714 1696 1719 
1700 1711 1705 1713 
1715 1707 1716 1703 
1728 1703 1716 1712 
1728 1712 1715 1725 
1660 1631 1705 1709 
1713 1740 1740 1739 
1710 1710 1672 1700 
1709 1707 1713 1707 
1720 1709 1710 1710 
1725 1707 1717 1723 
1709 1718 1705 1730 
1699 1717 1699 1720 
1697 1719 1692 1716 
1708 1715 1706 1709 
1721 1709 1715 1711 
1723 1705 1714 1721 
1716 1712 1710 1729 
1770 1830 1603 1737 
1693 1732 1690 1712 
1694 1725 1683 1705 
1720 1707 1715 1713 
1724 1714 1710 1721 
1718 1702 1711 1730 
1704 1710 1702 1729 
1701 1714 1700 1718 
1703 1716 1702 1704 
1714 1715 1703 1705 
1724 1713 1712 1714 
1722 1713 1715 1721 
1744 1708 1705 1874 
1694 1718 1752 1732 
1689 1694 1716 1720 
1720 1718 1692 1698 
1725 1712 1712 1714 
1719 1713 1710 1721 
1712 1707 1714 1723 
1701 1705 1705 1720 
1702 1706 1703 1706 
1712 1711 1701 1703 
1721 1713 1710 1708 
1723 1715 1714 1721 
1713 1707 1717 1730 
1681 1665 1711 1759 
1717 1712 1724 1700 
1717 1707 1709 1703 
1719 1725 1700 1706 
1725 1711 1712 1720 
1716 1716 1713 1733 
1709 1706 1711 1727 
1702 1707 1704 1709 
1714 1711 1703 1707 
1723 1714 1705 1710 
1723 1718 1710 1718 
1712 1707 1708 1725 
1705 1706 1709 1547 
1735 1722 1522 1721 
1696 1714 1716 1687 
1716 1690 1634 1724 
1724 1728 1707 1716 
1719 1714 1711 1729 
1683 1699 1806 1707 
1688 1690 1685 1708 
1702 1707 1694 1705 
1728 1718 1637 1711 
1725 1723 1703 1720 
1710 1716 1707 1719 
1676 1697 1764 1705 
1679 1694 1689 1675 
1714 1711 1715 1703 
1730 1707 1701 1720 
1724 1731 1698 1716 
1710 1709 1711 1723 
1686 1717 1709 1712 
1692 1697 1702 1712 
1711 1713 1703 1715 
1716 1709 1694 1719 
1721 1724 1702 1718 
1708 1712 1700 1718 
1703 1717 1715 1712 
1701 1702 1710 1717 
1766 1828 1562 1727 
1722 1718 1684 1708 
1720 1722 1713 1730 
1716 1725 1693 1715 
1695 1709 1714 1704 
1703 1705 1719 1709 
1711 1702 1714 1715 
1723 1713 1700 1727 
1728 1720 1684 1736 
1719 1732 1693 1726 
1697 1719 1703 1694 
1684 1687 1714 1685 
1703 1695 1725 1586 
1744 1759 1663 1731 
1748 1724 1702 1734 
1711 1730 1676 1739 
1774 1718 1692 1699 
1672 1685 1722 1666 
1694 1679 1722 1678 
1663 1690 1711 1720 
1755 1733 1693 1762 
1728 1737 1679 1748 
1732 1730 1694 1703 
1664 1681 1708 1669 
1691 1684 1740 1675 
1618 1616 1726 1742 
