1961 1580 1932 1701 
1825 920 1151 1608 
1561 956 848 1614 
1408 1716 1358 1731 
1533 2539 2259 1854 
1841 2654 2713 1849 
2049 1888 2228 1708 
1951 904 1188 1554 
1622 598 550 1557 
1356 1331 982 1732 
1402 2456 2165 1897 
1741 2964 2992 1886 
2072 2335 2639 1710 
2087 1098 1347 1531 
1744 366 316 1528 
1368 850 566 1695 
1297 2135 1930 1896 
1612 3070 3149 1940 
2016 2785 3045 1768 
2146 1517 1655 1537 
1896 411 256 1462 
1453 447 256 1630 
1279 1656 1572 1888 
1456 2887 3114 1994 
1903 3104 3441 1835 
2132 2027 2105 1551 
1978 696 368 1435 
1580 262 129 1566 
1332 1152 1169 1845 
1408 2513 2973 2006 
1778 3139 3562 1885 
2035 2463 2599 1626 
1995 1149 624 1423 
1690 363 101 1555 
1437 806 790 1775 
1430 2017 2652 2002 
1685 2910 3550 1894 
1921 2706 3107 1679 
1950 1625 1034 1435 
1744 665 88 1530 
1551 690 473 1708 
1515 1603 2274 1970 
1669 2554 3547 1944 
1820 2696 3515 1758 
1858 1968 1499 1489 
1734 1054 31 1477 
1631 811 255 1634 
1608 1356 1850 1932 
1687 2156 3531 2000 
1775 2490 3549 1808 
1767 2114 1978 1525 
1695 1426 27 1429 
1651 1068 144 1595 
1687 1308 1442 1873 
1749 1854 3323 1986 
1771 2207 3547 1849 
1708 2075 2422 1586 
1620 1649 328 1455 
1639 1358 100 1550 
1731 1420 1062 1817 
1831 1729 3008 1988 
1798 1943 3548 1903 
1679 1910 2837 1631 
1547 1695 699 1466 
1593 1562 71 1526 
1735 1606 739 1784 
1884 1752 2674 1950 
1847 1798 3544 1903 
1684 1728 3198 1673 
1510 1641 1032 1502 
1543 1657 64 1514 
1721 1768 464 1727 
1905 1822 2272 1922 
1898 1759 3531 1919 
1714 1600 3475 1717 
1509 1610 1447 1520 
1490 1634 61 1505 
1694 1863 266 1695 
1910 1896 1862 1902 
1942 1806 3478 1922 
1744 1533 3525 1742 
1507 1506 1871 1549 
1453 1562 54 1497 
1653 1879 144 1659 
1917 2010 1451 1855 
1981 1896 3261 1928 
1788 1558 3531 1781 
1504 1396 2270 1581 
1424 1478 300 1483 
1613 1834 98 1631 
1888 2075 1064 1830 
2001 1978 2905 1926 
1837 1623 3523 1802 
1582 1346 2630 1615 
1410 1415 688 1522 
1565 1761 73 1617 
1842 2064 734 1796 
2015 2035 2507 1889 
1874 1693 3499 1819 
1635 1382 2922 1648 
1400 1370 1086 1539 
1531 1691 64 1595 
1786 2028 474 1775 
2025 2073 2099 1889 
1917 1761 3395 1835 
1664 1426 3130 1670 
1395 1347 1477 1538 
1483 1626 75 1589 
1778 1962 282 1744 
2018 2069 1703 1873 
1951 1812 3153 1837 
1667 1481 3246 1686 
1416 1357 1865 1579 
1455 1579 343 1580 
1731 1909 169 1722 
1994 2060 1318 1827 
1974 1859 2845 1857 
1716 1540 3278 1714 
1447 1372 2211 1590 
1453 1557 666 1580 
1678 1848 120 1717 
1972 2033 987 1780 
1993 1891 2506 1852 
1767 1595 3222 1728 
1486 1410 2480 1598 
1433 1519 1004 1577 
1638 1798 175 1689 
1926 2004 758 1802 
1991 1911 2158 1858 
1804 1648 3090 1748 
1521 1434 2670 1605 
1426 1500 1337 1567 
1594 1752 335 1673 
1881 1951 584 1817 
1983 1911 1833 1862 
1850 1696 2900 1752 
1571 1496 2806 1635 
1448 1515 1661 1576 
1565 1707 545 1663 
1840 1904 477 1790 
1973 1905 1540 1864 
1869 1730 2668 1781 
1608 1545 2902 1645 
1459 1526 1928 1569 
1545 1690 797 1646 
1791 1863 472 1784 
1950 1886 1290 1865 
1890 1749 2411 1788 
1655 1580 2841 1669 
1489 1547 2167 1583 
1529 1670 1066 1634 
1757 1834 535 1752 
1923 1859 1086 1848 
1901 1752 2154 1805 
1685 1629 2751 1681 
1509 1560 2336 1586 
1515 1661 1325 1609 
1710 1759 655 1728 
1905 1857 947 1831 
1903 1759 1889 1818 
1718 1728 2623 1708 
1525 1579 2446 1595 
1519 1662 1567 1600 
1679 1696 798 1709 
1874 1829 858 1822 
1893 1760 1663 1828 
1742 1740 2452 1727 
1552 1592 2495 1605 
1525 1655 1791 1600 
1680 1738 981 1680 
1858 1807 842 1811 
1895 1762 1464 1830 
1769 1689 2271 1747 
1572 1627 2501 1617 
1527 1661 1978 1606 
1654 1733 1183 1671 
1840 1768 841 1763 
1884 1748 1288 1815 
1771 1701 2075 1761 
1588 1672 2484 1684 
1537 1694 2137 1631 
1650 1726 1380 1668 
1834 1743 914 1747 
1894 1723 1158 1795 
1782 1704 1884 1774 
1604 1702 2400 1706 
1533 1712 2248 1654 
1645 1722 1571 1661 
1826 1714 1016 1727 
1902 1692 1078 1774 
1794 1687 1695 1769 
1610 1722 2288 1723 
1525 1748 2314 1682 
1628 1740 1755 1673 
1816 1703 1147 1707 
1909 1659 1044 1749 
1812 1661 1534 1760 
1618 1717 2152 1700 
1518 1772 2332 1689 
1604 1776 1912 1703 
1800 1713 1293 1732 
1915 1643 1050 1745 
1838 1635 1394 1739 
1632 1695 2004 1722 
1510 1781 2307 1711 
1580 1798 2044 1710 
1783 1731 1457 1712 
1919 1635 1090 1722 
1865 1611 1285 1730 
1666 1676 1845 1733 
1506 1778 2245 1722 
1548 1819 2127 1714 
1746 1759 1603 1702 
1910 1656 1167 1701 
1883 1600 1213 1715 
1691 1649 1692 1732 
1517 1759 2153 1740 
1531 1824 2173 1729 
1719 1783 1746 1704 
1904 1675 1272 1693 
1906 1601 1186 1695 
1723 1632 1560 1727 
1531 1740 2045 1749 
1514 1825 2190 1741 
1684 1802 1864 1710 
1882 1702 1386 1691 
1915 1613 1188 1689 
1751 1619 1450 1710 
1551 1715 1921 1748 
1495 1808 2163 1753 
1653 1811 1961 1725 
1860 1723 1504 1688 
1925 1631 1225 1680 
1788 1619 1374 1711 
1578 1698 1807 1746 
1499 1786 2116 1762 
1623 1805 2028 1731 
1835 1734 1627 1692 
1928 1645 1285 1672 
1816 1620 1324 1696 
1609 1688 1695 1742 
1495 1772 2048 1763 
1594 1800 2065 1745 
1799 1747 1734 1699 
1919 1667 1364 1664 
1841 1632 1297 1684 
1642 1684 1592 1736 
1512 1764 1973 1769 
1572 1791 2074 1753 
1765 1748 1824 1703 
1906 1669 1452 1669 
1860 1637 1303 1674 
1674 1676 1507 1725 
1529 1751 1882 1765 
1556 1784 2071 1761 
1729 1743 1902 1715 
1885 1674 1547 1668 
1873 1645 1331 1669 
1705 1679 1451 1709 
1549 1745 1784 1762 
1545 1781 2027 1769 
1698 1748 1950 1724 
1855 1677 1631 1672 
1872 1642 1376 1664 
1737 1673 1409 1705 
1573 1739 1702 1757 
1544 1776 1975 1776 
1670 1751 1984 1737 
1828 1694 1717 1676 
1869 1648 1429 1656 
1759 1670 1389 1691 
1605 1729 1627 1750 
1551 1776 1916 1776 
1651 1762 1985 1749 
1804 1701 1779 1692 
1861 1652 1494 1658 
1771 1654 1389 1682 
1635 1715 1573 1736 
1572 1765 1857 1746 
1645 1778 1975 1753 
1773 1725 1824 1706 
1847 1670 1545 1752 
1765 1641 1412 1669 
1653 1672 1535 1708 
1591 1737 1812 1687 
1662 1788 1965 1753 
1758 1754 1850 1732 
1818 1702 1583 1791 
1749 1624 1407 1682 
1663 1642 1510 1683 
1603 1694 1782 1657 
1658 1778 1975 1720 
1754 1791 1879 1741 
1806 1745 1601 1802 
1741 1639 1414 1729 
1667 1620 1485 1684 
1612 1640 1756 1639 
1669 1742 1957 1660 
1752 1795 1897 1741 
1799 1794 1630 1811 
1742 1693 1436 1799 
1659 1628 1459 1697 
1613 1600 1736 1592 
1655 1664 1924 1578 
1755 1767 1937 1700 
1798 1818 1660 1845 
1756 1783 1501 1873 
1665 1663 1409 1758 
1616 1588 1690 1583 
1662 1605 1908 1517 
1747 1713 1988 1627 
1789 1813 1716 1829 
1751 1833 1420 1937 
1678 1747 1365 1842 
1622 1624 1624 1620 
1644 1567 1947 1465 
1735 1640 2038 1540 
1798 1765 1796 1781 
1789 1852 1461 1972 
1701 1817 1339 1929 
1629 1691 1549 1687 
1635 1552 1893 1473 
1715 1588 2066 1469 
1784 1696 1884 1699 
1785 1885 1534 1947 
1710 1843 1329 1985 
1653 1761 1467 1772 
1644 1613 1811 1512 
1703 1571 2049 1426 
1767 1618 1946 1624 
1773 1762 1645 1882 
1735 1850 1370 2007 
1667 1830 1413 1849 
1677 1735 1690 1597 
1700 1604 1980 1435 
1743 1574 1984 1550 
1752 1665 1743 1781 
1713 1785 1449 1956 
1689 1850 1390 1904 
1664 1794 1593 1681 
1708 1674 1877 1495 
1727 1573 1977 1515 
1769 1601 1834 1710 
1708 1705 1563 1907 
1705 1829 1424 1928 
1669 1851 1518 1764 
1727 1765 1766 1574 
1721 1618 1932 1506 
1787 1560 1889 1619 
1676 1606 1672 1802 
1703 1764 1490 1903 
1707 1858 1479 1850 
1755 1844 1660 1678 
1719 1698 1850 1550 
1701 1578 1913 1553 
1659 1550 1762 1707 
1694 1683 1588 1850 
1748 1834 1485 1877 
1768 1883 1569 1759 
1731 1778 1747 1608 
1680 1630 1888 1594 
1646 1541 1852 1622 
1681 1604 1680 1778 
1748 1755 1527 1840 
1790 1876 1513 1841 
1749 1837 1657 1694 
1681 1699 1830 1662 
1628 1561 1892 1560 
1662 1558 1769 1694 
1737 1678 1590 1812 
1802 1836 1510 1890 
1765 1865 1584 1774 
1686 1767 1761 1653 
1619 1598 1866 1532 
1656 1557 1831 1627 
1723 1624 1665 1776 
1792 1776 1529 1894 
1774 1860 1542 1830 
1706 1814 1685 1674 
1632 1674 1855 1544 
1647 1587 1865 1580 
1716 1603 1741 1730 
1782 1708 1551 1880 
1780 1818 1520 1868 
1714 1823 1623 1734 
1642 1740 1864 1569 
1633 1624 1866 1551 
1705 1603 1784 1685 
1773 1678 1616 1837 
1780 1769 1511 1890 
1722 1815 1592 1784 
1640 1758 1804 1610 
1639 1668 1858 1542 
1699 1623 1817 1632 
1764 1663 1661 1791 
1779 1739 1530 1885 
1726 1789 1560 1821 
1643 1765 1718 1650 
1638 1694 1840 1557 
1682 1642 1840 1596 
1759 1658 1701 1760 
1775 1716 1565 1867 
1737 1764 1544 1851 
1667 1760 1674 1701 
1646 1710 1818 1588 
1682 1670 1851 1580 
1745 1637 1729 1714 
1776 1717 1596 1838 
1742 1750 1544 1857 
1675 1817 1647 1731 
1637 1706 1783 1607 
1679 1683 1850 1579 
1746 1668 1766 1683 
1775 1708 1618 1805 
1745 1737 1539 1861 
1681 1749 1627 1774 
1646 1723 1767 1646 
1670 1690 1849 1577 
1740 1690 1786 1654 
1776 1712 1653 1774 
1749 1724 1547 1851 
1693 1747 1603 1793 
1649 1718 1736 1676 
1665 1700 1848 1589 
1693 1685 1801 1626 
1778 1711 1678 1743 
1762 1722 1565 1827 
1797 1724 1580 1809 
1637 1703 1706 1692 
1658 1697 1823 1609 
1639 1691 1815 1613 
1776 1708 1701 1726 
1764 1724 1586 1805 
1804 1729 1567 1815 
1640 1698 1662 1719 
1644 1696 1797 1631 
1653 1698 1827 1620 
1762 1716 1745 1691 
1776 1718 1607 1780 
1758 1714 1562 1811 
1662 1688 1624 1740 
1644 1700 1774 1653 
1686 1701 1829 1600 
1748 1711 1772 1672 
1771 1713 1633 1753 
1735 1704 1565 1873 
1674 1702 1631 1761 
1646 1698 1752 1679 
1680 1711 1823 1638 
1735 1725 1783 1664 
1765 1719 1660 1734 
1745 1708 1578 1789 
1697 1700 1611 1781 
1664 1707 1728 1714 
1677 1719 1812 1654 
1723 1728 1792 1653 
1762 1728 1688 1715 
1755 1717 1600 1777 
1712 1698 1598 1789 
1673 1697 1699 1738 
1673 1710 1801 1676 
1712 1729 1802 1651 
1751 1731 1712 1692 
1755 1717 1618 1757 
1722 1699 1599 1780 
1679 1687 1676 1746 
1674 1698 1771 1687 
1704 1721 1798 1656 
1744 1737 1738 1675 
1755 1728 1642 1739 
1725 1707 1608 1776 
1689 1693 1660 1762 
1675 1695 1749 1704 
1698 1712 1788 1664 
1736 1734 1749 1675 
1749 1735 1663 1717 
1730 1714 1616 1766 
1690 1693 1651 1765 
1676 1687 1730 1721 
1688 1698 1776 1676 
1727 1721 1749 1672 
1749 1734 1676 1709 
1733 1723 1628 1753 
1699 1705 1644 1767 
1677 1690 1712 1733 
1687 1697 1766 1686 
1719 1710 1752 1669 
1743 1731 1698 1697 
1738 1729 1646 1740 
1705 1713 1648 1758 
1680 1696 1704 1740 
1684 1695 1755 1698 
1713 1707 1757 1670 
1738 1719 1702 1690 
1735 1725 1656 1730 
1711 1722 1647 1760 
1683 1706 1694 1749 
1680 1702 1744 1717 
1704 1704 1754 1684 
1730 1714 1710 1682 
1739 1721 1660 1721 
1721 1722 1658 1755 
1694 1716 1689 1754 
1684 1706 1733 1721 
1706 1703 1750 1688 
1732 1710 1720 1681 
1739 1718 1675 1706 
1723 1719 1655 1743 
1698 1718 1684 1751 
1689 1708 1726 1728 
1698 1701 1743 1678 
1723 1703 1703 1684 
1736 1710 1683 1707 
1728 1718 1661 1736 
1702 1719 1674 1754 
1688 1716 1714 1740 
1695 1710 1739 1701 
1713 1703 1722 1684 
1730 1706 1692 1700 
1724 1716 1665 1729 
1701 1718 1672 1745 
1687 1718 1704 1735 
1689 1710 1731 1705 
1663 1699 1726 1661 
1733 1708 1707 1696 
1728 1723 1671 1719 
1714 1710 1676 1743 
1693 1719 1701 1741 
1691 1711 1724 1712 
1709 1701 1727 1688 
1719 1698 1702 1684 
1720 1701 1672 1712 
1714 1711 1671 1741 
1697 1720 1695 1742 
1691 1712 1721 1719 
1704 1702 1726 1692 
1774 1654 1708 1700 
1729 1705 1697 1705 
1717 1708 1687 1732 
1699 1721 1689 1745 
1688 1697 1705 1709 
1700 1702 1713 1693 
1713 1694 1707 1686 
1730 1701 1689 1707 
1711 1705 1684 1724 
1698 1713 1690 1737 
1689 1713 1757 1713 
1694 1703 1710 1694 
1708 1695 1709 1666 
1745 1703 1603 1718 
1713 1719 1703 1735 
1707 1715 1691 1733 
1676 1709 1795 1716 
1695 1704 1696 1706 
1703 1695 1708 1683 
1719 1701 1652 1701 
1712 1709 1695 1713 
1703 1711 1683 1732 
1671 1699 1737 1712 
1693 1701 1696 1709 
1701 1698 1705 1689 
1671 1709 1698 1778 
1730 1722 1700 1721 
1716 1707 1692 1737 
1676 1750 1695 1718 
1692 1697 1691 1707 
1696 1701 1704 1694 
1723 1673 1702 1697 
1711 1704 1694 1711 
1707 1712 1690 1720 
1687 1775 1691 1721 
1689 1703 1695 1705 
1694 1690 1696 1691 
1706 1622 1703 1693 
1723 1644 1703 1699 
1715 1714 1706 1728 
1712 1817 1688 1711 
1686 1706 1687 1718 
1702 1701 1703 1693 
1713 1639 1708 1711 
1718 1709 1712 1710 
1710 1714 1700 1721 
1712 1718 1691 1700 
1692 1707 1678 1714 
1695 1701 1698 1697 
1705 1701 1704 1690 
1712 1704 1696 1706 
1726 1732 1655 1723 
1711 1732 1697 1740 
1693 1725 1695 1722 
1713 1715 1709 1718 
1706 1708 1706 1704 
1714 1705 1708 1706 
1711 1708 1694 1716 
1712 1720 1694 1725 
1710 1716 1700 1725 
1711 1715 1709 1714 
1716 1705 1712 1711 
1717 1702 1714 1701 
1690 1704 1699 1673 
1749 1727 1683 1726 
1708 1692 1692 1728 
1714 1728 1704 1718 
1711 1704 1711 1706 
1718 1711 1713 1713 
1709 1702 1700 1716 
1705 1707 1696 1744 
1697 1705 1688 1713 
1708 1710 1698 1714 
1718 1709 1709 1715 
1707 1703 1709 1704 
1713 1708 1704 1715 
1660 1620 1698 1801 
1701 1714 1701 1722 
1713 1711 1683 1718 
1712 1715 1709 1692 
1725 1721 1707 1710 
1703 1698 1701 1714 
1701 1705 1694 1768 
1688 1691 1674 1708 
1703 1709 1683 1713 
1705 1707 1697 1713 
1722 1716 1722 1722 
1705 1700 1712 1708 
1708 1703 1698 1713 
1721 1698 1645 1720 
1715 1724 1700 1738 
1710 1714 1706 1715 
1715 1708 1698 1726 
1706 1712 1718 1710 
1706 1708 1709 1709 
1696 1710 1747 1700 
1708 1709 1683 1712 
1704 1716 1695 1718 
1701 1716 1708 1711 
1703 1703 1706 1717 
1706 1709 1710 1709 
1721 1705 1764 1657 
1720 1729 1670 1724 
1718 1710 1702 1724 
1727 1737 1681 1733 
1707 1708 1724 1715 
1713 1713 1714 1714 
1698 1699 1699 1699 
1707 1706 1685 1709 
1708 1707 1692 1717 
1707 1717 1710 1715 
1703 1702 1703 1717 
1706 1710 1708 1710 
1713 1727 1696 1702 
1701 1635 1687 1727 
1715 1721 1706 1713 
1704 1650 1705 1720 
1701 1723 1720 1721 
1717 1707 1710 1715 
1705 1707 1701 1705 
1721 1713 1692 1714 
1708 1713 1693 1711 
1709 1712 1696 1719 
1700 1705 1706 1720 
1711 1709 1711 1720 
1713 1715 1706 1703 
1718 1706 1686 1761 
1721 1745 1677 1726 
1702 1711 1704 1737 
1715 1714 1722 1724 
1708 1711 1711 1724 
1717 1706 1706 1703 
1713 1711 1694 1706 
1711 1716 1698 1712 
1700 1708 1698 1720 
1700 1706 1709 1717 
1708 1697 1702 1723 
1717 1707 1708 1712 
1724 1712 1697 1713 
1665 1711 1699 1729 
1714 1724 1711 1724 
1700 1715 1707 1719 
1709 1706 1716 1720 
1714 1707 1705 1713 
1709 1701 1697 1708 
1720 1725 1702 1708 
1702 1703 1686 1720 
1706 1721 1712 1721 
1703 1702 1703 1721 
1712 1702 1706 1716 
1717 1705 1696 1708 
1721 1722 1696 1709 
1692 1732 1635 1716 
1715 1723 1712 1719 
1693 1702 1703 1725 
1721 1702 1718 1717 
1716 1708 1700 1711 
1719 1716 1701 1706 
1710 1714 1698 1715 
1698 1714 1708 1710 
1701 1708 1705 1719 
1707 1700 1711 1713 
1720 1702 1704 1714 
1716 1705 1702 1705 
1696 1719 1696 1606 
1729 1743 1690 1740 
1704 1707 1729 1721 
1709 1713 1706 1785 
1692 1674 1704 1699 
1708 1696 1688 1698 
1705 1704 1683 1709 
1711 1728 1700 1718 
1708 1716 1706 1723 
1700 1704 1710 1710 
1692 1672 1720 1697 
1705 1694 1688 1692 
1708 1701 1685 1702 
1701 1639 1652 1724 
1719 1727 1718 1728 
1713 1710 1724 1720 
1699 1708 1801 1697 
1709 1691 1689 1693 
1709 1700 1682 1705 
1710 1710 1695 1715 
1715 1721 1702 1722 
1707 1710 1705 1720 
1714 1714 1710 1715 
1706 1697 1701 1706 
1714 1709 1702 1705 
1708 1706 1695 1648 
1722 1703 1607 1727 
1707 1716 1710 1721 
1713 1707 1714 1720 
1712 1713 1703 1715 
1709 1703 1708 1705 
1712 1711 1697 1716 
1705 1712 1706 1721 
1711 1716 1705 1720 
1708 1710 1703 1717 
1712 1708 1706 1713 
1710 1702 1704 1708 
1705 1704 1701 1709 
1665 1709 1695 1700 
1721 1726 1711 1730 
1714 1708 1715 1721 
1710 1718 1698 1713 
1711 1706 1708 1711 
1707 1704 1702 1713 
1706 1703 1701 1719 
1712 1710 1700 1724 
1715 1715 1703 1724 
1711 1716 1704 1712 
1707 1711 1697 1713 
1700 1706 1699 1714 
1702 1707 1700 1718 
1718 1739 1639 1731 
1719 1719 1715 1712 
1714 1715 1714 1725 
1712 1712 1703 1710 
1707 1707 1703 1712 
1704 1704 1698 1711 
1709 1703 1707 1716 
1711 1708 1709 1715 
1715 1713 1711 1714 
1715 1712 1704 1711 
1704 1709 1698 1708 
1700 1705 1700 1715 
1637 1704 1700 1728 
1716 1723 1719 1723 
1722 1703 1705 1719 
1713 1720 1707 1721 
1711 1709 1701 1711 
1699 1704 1698 1714 
1700 1702 1696 1712 
1705 1703 1705 1717 
1713 1710 1708 1711 
1714 1712 1703 1716 
1708 1714 1700 1719 
1703 1710 1697 1716 
1699 1699 1697 1714 
1724 1693 1593 1722 
1714 1715 1714 1711 
1717 1718 1717 1721 
1712 1720 1698 1719 
1705 1712 1702 1717 
1701 1705 1696 1715 
1706 1697 1702 1710 
1713 1703 1709 1710 
1719 1709 1711 1715 
1710 1713 1704 1715 
1706 1708 1695 1717 
1699 1706 1691 1715 
1642 1705 1698 1731 
1723 1715 1699 1726 
1717 1703 1709 1714 
1716 1721 1710 1730 
1696 1706 1694 1714 
1707 1713 1695 1720 
1699 1703 1696 1712 
1715 1702 1678 1719 
1710 1705 1715 1715 
1708 1708 1712 1713 
1695 1709 1797 1703 
1698 1697 1678 1710 
1700 1701 1692 1709 
1723 1646 1651 1723 
1713 1721 1728 1707 
1718 1710 1715 1714 
1677 1698 1750 1700 
1701 1701 1681 1707 
1697 1703 1689 1710 
1721 1717 1698 1723 
1713 1711 1720 1712 
1710 1708 1711 1708 
1689 1715 1696 1707 
1694 1697 1683 1712 
1700 1705 1694 1708 
1647 1688 1696 1737 
1727 1718 1730 1720 
1711 1719 1715 1714 
1705 1786 1707 1703 
1689 1701 1680 1708 
1697 1703 1692 1706 
1707 1662 1693 1714 
1718 1715 1713 1714 
1715 1705 1705 1711 
1698 1783 1702 1693 
1695 1687 1678 1703 
1699 1703 1693 1703 
1720 1679 1696 1721 
1702 1678 1718 1720 
1718 1717 1709 1728 
1703 1713 1706 1691 
1695 1697 1688 1712 
1702 1703 1686 1703 
1704 1708 1695 1721 
1720 1721 1704 1722 
1707 1706 1707 1713 
1758 1700 1707 1709 
1694 1692 1696 1704 
1703 1704 1694 1706 
1644 1705 1689 1707 
1724 1718 1704 1685 
1720 1717 1691 1728 
1795 1715 1717 1713 
1693 1685 1687 1698 
1692 1698 1686 1703 
1658 1707 1691 1706 
1712 1721 1704 1716 
1709 1717 1708 1714 
1754 1707 1704 1708 
1685 1683 1680 1693 
1693 1689 1690 1698 
1706 1697 1692 1711 
1715 1713 1712 1719 
1698 1670 1709 1728 
1711 1715 1711 1743 
1697 1694 1688 1699 
1692 1695 1693 1707 
1713 1711 1696 1709 
1713 1714 1699 1714 
1710 1716 1699 1719 
1703 1710 1705 1720 
1702 1710 1708 1710 
1702 1709 1705 1708 
1711 1709 1697 1709 
1715 1713 1695 1714 
1735 1715 1699 1631 
1713 1716 1715 1723 
1708 1710 1703 1714 
1706 1705 1714 1710 
1714 1713 1703 1705 
1717 1703 1700 1708 
1717 1712 1694 1720 
1713 1709 1703 1721 
1700 1706 1705 1709 
1708 1706 1707 1712 
1708 1704 1707 1706 
1722 1707 1690 1719 
1713 1708 1699 1718 
1717 1726 1632 1728 
1700 1715 1768 1701 
1701 1698 1702 1710 
1701 1705 1697 1700 
1724 1706 1678 1727 
1712 1715 1708 1716 
1710 1707 1694 1713 
1690 1702 1749 1701 
1700 1698 1691 1708 
1708 1706 1707 1708 
1715 1707 1698 1718 
1711 1715 1703 1714 
1645 1714 1690 1687 
1709 1716 1715 1718 
1710 1720 1701 1721 
1711 1704 1708 1706 
1716 1709 1706 1719 
1713 1718 1708 1713 
1709 1718 1699 1714 
1699 1740 1693 1702 
1700 1692 1688 1703 
1703 1697 1702 1702 
1707 1686 1706 1721 
1704 1706 1712 1707 
1712 1705 1699 1663 
1715 1729 1666 1727 
1698 1719 1707 1720 
1716 1704 1714 1711 
1714 1688 1706 1728 
1715 1716 1724 1705 
1706 1711 1699 1712 
1691 1757 1692 1692 
1696 1696 1684 1707 
1703 1705 1701 1702 
1710 1705 1699 1720 
1710 1716 1715 1712 
1712 1708 1695 1725 
1616 1635 1705 1699 
1719 1714 1705 1729 
1712 1705 1697 1705 
1693 1712 1711 1715 
1717 1723 1712 1705 
1706 1711 1706 1717 
1744 1710 1698 1717 
1694 1698 1689 1710 
1712 1710 1701 1713 
1694 1709 1712 1708 
1722 1723 1716 1712 
1704 1701 1699 1717 
1711 1718 1708 1635 
1714 1718 1660 1718 
1720 1714 1712 1712 
1678 1704 1700 1726 
1725 1725 1718 1714 
1711 1704 1698 1720 
1700 1708 1700 1706 
1690 1692 1678 1708 
1698 1699 1696 1702 
1715 1705 1694 1713 
1709 1705 1706 1714 
1717 1714 1706 1720 
1703 1702 1699 1723 
1701 1663 1697 1731 
1722 1723 1712 1714 
1707 1704 1713 1672 
1725 1715 1701 1718 
1709 1707 1714 1717 
1697 1711 1707 1740 
1687 1697 1696 1705 
1712 1715 1695 1711 
1703 1701 1702 1704 
1720 1716 1712 1716 
1703 1701 1702 1712 
1713 1718 1705 1718 
1656 1707 1696 1624 
1718 1726 1687 1724 
1704 1696 1708 1723 
1734 1722 1702 1719 
1706 1703 1708 1711 
1716 1720 1705 1719 
1695 1704 1697 1713 
1707 1714 1700 1711 
1707 1698 1695 1710 
1716 1711 1707 1712 
1707 1702 1699 1713 
1707 1714 1702 1715 
1703 1712 1694 1718 
1712 1764 1654 1722 
1705 1714 1704 1723 
1715 1706 1706 1708 
1720 1706 1709 1722 
1713 1712 1704 1710 
1704 1707 1699 1720 
1701 1711 1695 1713 
1708 1709 1703 1715 
1724 1716 1689 1718 
1714 1715 1713 1712 
1711 1710 1698 1722 
1675 1711 1744 1695 
1714 1613 1680 1691 
1704 1706 1697 1710 
1725 1684 1699 1709 
1710 1717 1702 1721 
1710 1705 1709 1711 
1680 1763 1696 1709 
1687 1699 1685 1704 
1693 1693 1683 1706 
1705 1634 1695 1708 
1722 1707 1706 1722 
1711 1706 1708 1715 
1705 1806 1699 1701 
1589 1693 1682 1780 
1700 1701 1686 1711 
1703 1712 1697 1708 
1719 1706 1707 1722 
1710 1712 1703 1712 
1713 1712 1698 1721 
1699 1711 1699 1717 
1706 1712 1701 1719 
1702 1701 1701 1706 
1722 1709 1708 1714 
1717 1704 1708 1714 
1711 1713 1707 1713 
1698 1706 1696 1712 
1716 1742 1636 1724 
1716 1713 1715 1706 
1711 1707 1716 1717 
1722 1706 1702 1709 
1716 1711 1706 1714 
1711 1714 1701 1713 
1700 1707 1697 1709 
1709 1707 1702 1710 
1717 1710 1711 1708 
1719 1708 1709 1709 
1715 1706 1701 1711 
1707 1709 1697 1715 
1620 1744 1703 1722 
1711 1712 1703 1708 
1711 1707 1706 1715 
1720 1703 1706 1706 
1715 1706 1710 1709 
1706 1708 1703 1710 
1701 1707 1703 1712 
1707 1712 1702 1708 
1710 1709 1705 1710 
1714 1706 1707 1709 
1713 1708 1704 1711 
1704 1707 1700 1715 
1701 1710 1703 1648 
1711 1723 1702 1724 
1694 1717 1712 1712 
1717 1703 1705 1715 
1711 1712 1707 1716 
1712 1704 1702 1711 
1700 1710 1694 1717 
1702 1702 1699 1719 
1710 1714 1703 1715 
1711 1707 1704 1708 
1716 1709 1704 1713 
1712 1713 1703 1716 
1704 1712 1701 1714 
1719 1682 1586 1723 
1697 1718 1705 1708 
1714 1707 1711 1714 
1714 1710 1705 1708 
1716 1703 1707 1712 
1705 1710 1701 1718 
1701 1714 1704 1713 
1706 1709 1694 1716 
1703 1706 1704 1703 
1720 1710 1706 1714 
1704 1707 1718 1701 
1715 1712 1695 1722 
1705 1621 1702 1698 
1723 1723 1660 1730 
1708 1714 1720 1717 
1715 1711 1703 1706 
1689 1691 1727 1696 
1701 1696 1687 1710 
1705 1710 1695 1719 
1710 1710 1701 1726 
1704 1709 1700 1711 
1711 1709 1703 1712 
1699 1739 1704 1704 
1690 1700 1688 1703 
1693 1702 1689 1677 
1709 1680 1687 1725 
1712 1730 1712 1720 
1711 1701 1704 1714 
1704 1790 1700 1698 
1704 1693 1686 1706 
1703 1703 1698 1703 
1705 1651 1692 1720 
1714 1722 1714 1714 
1716 1711 1703 1714 
1688 1761 1702 1683 
1698 1688 1679 1705 
1701 1705 1696 1707 
1726 1725 1645 1734 
1727 1728 1726 1710 
1707 1713 1702 1723 
1714 1708 1701 1694 
1698 1694 1688 1703 
1702 1704 1691 1702 
1691 1706 1694 1714 
1717 1717 1706 1722 
1707 1712 1711 1717 
1773 1706 1703 1709 
1697 1693 1693 1699 
1706 1700 1693 1701 
1687 1628 1701 1719 
1730 1730 1727 1724 
1710 1714 1688 1716 
1808 1705 1709 1710 
1694 1690 1682 1698 
1703 1699 1694 1702 
1685 1699 1692 1722 
1718 1722 1711 1726 
1708 1710 1705 1717 
1729 1705 1699 1697 
1691 1693 1674 1701 
1706 1708 1697 1708 
1636 1703 1698 1701 
1727 1728 1728 1727 
1713 1696 1709 1719 
1703 1715 1710 1755 
1692 1696 1695 1695 
1702 1701 1691 1702 
1708 1705 1697 1688 
1720 1714 1704 1721 
1705 1708 1702 1712 
1707 1708 1698 1809 
1693 1704 1701 1699 
1699 1697 1687 1704 
1703 1699 1690 1530 
1721 1720 1583 1727 
1710 1724 1717 1717 
1711 1700 1710 1813 
1683 1687 1702 1692 
1695 1696 1685 1699 
1703 1700 1687 1664 
1717 1721 1703 1717 
1715 1713 1701 1717 
1705 1708 1700 1733 
1686 1675 1701 1697 
1693 1697 1686 1698 
1700 1700 1688 1707 
1711 1635 1595 1722 
1730 1725 1713 1722 
1705 1713 1705 1723 
1705 1703 1723 1702 
1709 1706 1695 1709 
1708 1707 1699 1710 
1709 1708 1703 1709 
1707 1703 1696 1715 
1709 1711 1706 1716 
1711 1713 1701 1717 
1701 1712 1700 1711 
1707 1710 1695 1716 
1597 1651 1704 1700 
1724 1723 1716 1727 
1717 1707 1692 1711 
1708 1715 1709 1720 
1715 1713 1707 1717 
1709 1709 1707 1708 
1706 1705 1701 1713 
1702 1707 1700 1716 
1711 1712 1704 1716 
1706 1713 1703 1714 
1705 1709 1700 1713 
1709 1709 1696 1712 
1634 1707 1698 1628 
1718 1716 1705 1724 
1699 1702 1714 1726 
1711 1750 1698 1700 
1707 1700 1694 1715 
1715 1712 1708 1712 
1716 1677 1695 1723 
1712 1717 1709 1712 
1709 1705 1705 1713 
1712 1713 1704 1713 
1704 1709 1703 1709 
1713 1712 1700 1718 
1710 1713 1703 1655 
1715 1728 1668 1716 
1709 1708 1703 1710 
1708 1708 1711 1714 
1712 1709 1696 1718 
1712 1711 1710 1704 
1689 1703 1690 1714 
1711 1721 1711 1712 
1704 1706 1699 1710 
1731 1704 1697 1713 
1698 1696 1698 1713 
1713 1722 1713 1714 
1659 1699 1695 1711 
1731 1770 1667 1726 
1709 1712 1712 1730 
1765 1706 1712 1695 
1690 1684 1681 1704 
1707 1705 1695 1706 
1711 1705 1699 1719 
1711 1710 1703 1712 
1706 1703 1697 1714 
1704 1707 1699 1709 
1706 1709 1699 1712 
1706 1711 1702 1711 
1711 1708 1697 1711 
1708 1668 1632 1722 
1717 1719 1713 1713 
1708 1712 1710 1739 
1695 1707 1702 1709 
1711 1716 1705 1718 
1702 1707 1700 1691 
1723 1722 1704 1720 
1704 1704 1698 1708 
1710 1707 1699 1715 
1708 1705 1706 1713 
1711 1709 1709 1714 
1702 1700 1703 1708 
1604 1648 1705 1699 
1722 1719 1717 1723 
1723 1709 1703 1707 
1697 1707 1704 1716 
1715 1713 1704 1716 
1707 1706 1708 1710 
1713 1701 1706 1710 
1706 1701 1701 1707 
1714 1712 1707 1713 
1706 1706 1704 1708 
1707 1710 1701 1706 
1703 1703 1701 1714 
1643 1713 1706 1684 
1714 1708 1708 1720 
1702 1709 1709 1721 
1713 1708 1694 1710 
1702 1708 1707 1710 
1710 1709 1701 1714 
1704 1704 1704 1712 
1709 1706 1700 1716 
1711 1706 1699 1714 
1709 1711 1702 1711 
1705 1707 1701 1708 
1705 1708 1700 1707 
1707 1708 1704 1667 
1719 1722 1727 1721 
1719 1709 1711 1713 
1707 1712 1699 1714 
1713 1709 1703 1711 
1708 1711 1706 1709 
1705 1705 1699 1709 
1708 1706 1700 1716 
1708 1711 1705 1717 
1705 1709 1703 1709 
1702 1705 1695 1710 
1706 1710 1700 1713 
1710 1713 1706 1681 
1723 1698 1662 1727 
1697 1719 1714 1728 
1715 1709 1709 1718 
1706 1715 1707 1714 
1705 1704 1700 1713 
1706 1706 1699 1714 
1708 1711 1701 1720 
1703 1708 1701 1715 
1704 1705 1698 1712 
1706 1705 1701 1713 
1708 1709 1703 1711 
1708 1709 1701 1712 
1708 1764 1608 1719 
1718 1718 1712 1712 
1702 1710 1697 1714 
1714 1706 1707 1714 
1710 1705 1701 1713 
1710 1708 1703 1712 
1714 1709 1705 1713 
1711 1706 1702 1710 
1711 1707 1702 1706 
1710 1710 1702 1711 
1710 1711 1707 1710 
1708 1703 1704 1709 
1707 1663 1691 1735 
1707 1713 1714 1717 
1712 1713 1714 1718 
1708 1711 1704 1710 
1707 1704 1703 1709 
1709 1710 1707 1714 
1711 1707 1707 1713 
1705 1702 1703 1708 
1708 1701 1701 1713 
1712 1709 1704 1717 
1711 1708 1703 1709 
1707 1702 1698 1706 
1644 1648 1699 1719 
1718 1715 1709 1722 
1712 1702 1704 1762 
1688 1698 1704 1705 
1709 1703 1698 1709 
1710 1710 1705 1697 
1719 1710 1699 1717 
1696 1694 1702 1705 
1716 1714 1705 1717 
1699 1704 1702 1709 
1713 1710 1705 1712 
1700 1698 1694 1698 
1680 1676 1717 1719 
1718 1717 1719 1724 
1715 1721 1709 1713 
1697 1685 1721 1699 
1700 1699 1689 1705 
1704 1701 1698 1709 
1703 1704 1683 1715 
1707 1715 1705 1714 
1707 1709 1698 1717 
1693 1708 1777 1698 
1693 1696 1684 1701 
1695 1698 1690 1709 
1646 1704 1644 1771 
1724 1723 1715 1723 
1709 1716 1701 1719 
1690 1693 1777 1697 
1702 1697 1683 1711 
1705 1704 1699 1707 
1721 1719 1669 1719 
1713 1716 1711 1717 
1717 1711 1703 1718 
1686 1689 1712 1691 
1698 1696 1689 1706 
1704 1700 1697 1709 
1741 1709 1704 1685 
1724 1722 1729 1723 
1721 1704 1711 1720 
1702 1767 1699 1704 
1700 1693 1685 1706 
1701 1702 1698 1701 
1705 1650 1698 1712 
1720 1718 1714 1719 
1709 1709 1710 1711 
1704 1770 1705 1695 
1699 1691 1681 1699 
1703 1701 1697 1708 
1716 1662 1710 1666 
1724 1730 1757 1720 
1724 1711 1710 1717 
1693 1753 1700 1688 
1701 1692 1676 1701 
1699 1701 1695 1700 
1718 1704 1693 1719 
1715 1712 1715 1722 
1708 1710 1714 1709 
1719 1705 1703 1694 
1697 1698 1688 1705 
1706 1705 1699 1709 
1684 1709 1703 1612 
1724 1711 1630 1720 
1707 1714 1713 1722 
1808 1708 1705 1720 
1688 1695 1694 1705 
1701 1702 1694 1707 
1649 1709 1698 1714 
1718 1718 1713 1727 
1711 1709 1716 1713 
1749 1707 1701 1708 
1698 1696 1688 1705 
1707 1708 1694 1710 
1721 1710 1698 1708 
1740 1731 1678 1727 
1717 1715 1712 1719 
1717 1708 1707 1723 
1694 1693 1681 1707 
1708 1703 1694 1704 
1709 1707 1697 1702 
1715 1714 1710 1719 
1712 1715 1711 1713 
1710 1705 1701 1745 
1699 1703 1699 1702 
1705 1706 1697 1711 
1707 1709 1698 1654 
1729 1747 1640 1734 
1713 1717 1716 1726 
1714 1722 1719 1807 
1687 1691 1700 1699 
1707 1707 1693 1711 
1713 1710 1702 1682 
1724 1725 1715 1724 
1708 1710 1709 1715 
1711 1715 1711 1744 
1695 1688 1692 1698 
1703 1700 1696 1704 
1707 1704 1698 1716 
1722 1743 1640 1734 
1716 1713 1711 1725 
1708 1714 1712 1716 
1700 1695 1737 1708 
1704 1701 1692 1711 
1707 1704 1698 1711 
1713 1707 1670 1718 
1721 1719 1709 1721 
1713 1707 1707 1710 
1700 1704 1779 1696 
1707 1697 1692 1708 
1710 1704 1700 1715 
1716 1715 1570 1736 
1726 1723 1725 1716 
1717 1718 1709 1721 
1688 1706 1787 1695 
1695 1696 1686 1703 
1709 1707 1700 1711 
1728 1711 1668 1727 
1719 1713 1713 1726 
1711 1711 1715 1717 
1678 1717 1709 1694 
1695 1694 1686 1700 
1704 1696 1690 1707 
1723 1597 1647 1716 
1730 1719 1715 1718 
1711 1711 1707 1712 
1702 1780 1708 1706 
1700 1700 1698 1703 
1703 1700 1695 1702 
1711 1708 1699 1708 
1721 1717 1706 1726 
1709 1711 1710 1709 
1712 1711 1700 1714 
1705 1711 1704 1713 
1712 1714 1707 1715 
1725 1678 1720 1717 
1725 1717 1712 1709 
1719 1715 1706 1722 
1715 1718 1715 1712 
1715 1712 1705 1718 
1712 1714 1710 1712 
1716 1711 1708 1717 
1712 1711 1707 1715 
1716 1710 1704 1716 
1713 1710 1706 1712 
1711 1714 1705 1712 
1709 1711 1704 1711 
1743 1667 1683 1716 
1719 1719 1715 1710 
1717 1715 1710 1717 
1718 1714 1711 1720 
1715 1711 1714 1717 
1712 1707 1706 1713 
1716 1711 1706 1717 
1717 1711 1708 1716 
1723 1706 1708 1713 
1719 1709 1705 1716 
1713 1713 1710 1718 
1709 1712 1710 1712 
1710 1643 1707 1719 
1717 1715 1715 1720 
1717 1711 1711 1720 
1716 1714 1711 1715 
1712 1713 1704 1714 
1710 1713 1706 1718 
1711 1714 1705 1718 
1708 1711 1704 1716 
1707 1710 1701 1719 
1713 1716 1705 1723 
1714 1717 1707 1718 
1708 1711 1700 1717 
1738 1642 1703 1725 
1716 1718 1715 1722 
1713 1713 1709 1720 
1713 1713 1711 1719 
1711 1713 1707 1718 
1710 1710 1705 1717 
1715 1715 1706 1722 
1713 1712 1705 1712 
1714 1705 1705 1714 
1714 1708 1707 1714 
1715 1710 1708 1710 
1712 1706 1707 1709 
1702 1638 1702 1722 
1720 1713 1709 1720 
1720 1712 1711 1721 
1714 1710 1710 1712 
1711 1710 1706 1716 
1712 1712 1709 1717 
1716 1717 1708 1720 
1709 1710 1708 1717 
1711 1711 1705 1718 
1709 1711 1707 1715 
1706 1708 1709 1708 
1708 1712 1704 1716 
1707 1656 1705 1717 
1718 1716 1713 1726 
1712 1712 1703 1723 
1711 1711 1706 1720 
1710 1708 1706 1714 
1711 1710 1708 1711 
1713 1711 1709 1716 
1714 1713 1704 1722 
1715 1712 1706 1717 
1713 1709 1703 1716 
1709 1709 1705 1709 
1711 1707 1702 1710 
1689 1665 1707 1719 
1719 1713 1713 1717 
1720 1714 1710 1726 
1716 1711 1707 1715 
1709 1710 1701 1705 
1717 1710 1709 1713 
1715 1710 1712 1715 
1712 1708 1710 1716 
1715 1712 1710 1722 
1717 1713 1709 1717 
1710 1713 1704 1712 
1709 1712 1702 1711 
1696 1678 1650 1717 
1718 1717 1714 1720 
1710 1712 1706 1722 
1709 1713 1702 1719 
1707 1712 1703 1715 
1712 1711 1703 1712 
1713 1709 1703 1717 
1710 1708 1707 1722 
1715 1712 1707 1725 
1712 1708 1703 1720 
1708 1714 1704 1715 
1713 1715 1705 1714 
1705 1791 1719 1710 
1712 1714 1703 1720 
1711 1715 1710 1724 
1709 1712 1712 1721 
1710 1708 1702 1710 
1708 1710 1704 1710 
1711 1709 1709 1713 
1710 1710 1706 1712 
1709 1712 1706 1718 
1712 1708 1708 1718 
1712 1713 1704 1711 
1709 1708 1699 1711 
1725 1658 1656 1714 
1718 1712 1709 1720 
1712 1713 1715 1723 
1711 1715 1708 1723 
1709 1714 1706 1770 
1701 1704 1691 1696 
1709 1706 1691 1704 
1707 1701 1701 1661 
1719 1708 1712 1717 
1711 1711 1710 1715 
1702 1702 1704 1805 
1693 1698 1701 1693 
1710 1752 1600 1696 
1709 1711 1699 1639 
1718 1720 1706 1728 
1714 1721 1714 1724 
1703 1703 1698 1781 
1682 1684 1693 1696 
1697 1701 1688 1700 
1709 1706 1694 1714 
1722 1728 1705 1730 
1719 1713 1711 1724 
1705 1704 1701 1715 
1699 1705 1701 1707 
1710 1728 1636 1710 
1713 1706 1703 1717 
1715 1711 1710 1715 
1713 1708 1706 1724 
1710 1706 1708 1715 
1713 1706 1706 1712 
1709 1703 1703 1710 
1717 1710 1709 1719 
1713 1709 1707 1721 
1713 1711 1708 1718 
1711 1711 1706 1718 
1711 1714 1707 1643 
1712 1691 1699 1707 
1714 1715 1707 1716 
1720 1713 1709 1723 
1716 1719 1708 1722 
1708 1711 1701 1716 
1711 1712 1702 1714 
1714 1713 1703 1715 
1716 1710 1701 1718 
1715 1710 1706 1719 
1713 1711 1703 1722 
1709 1710 1707 1720 
1708 1712 1705 1642 
1714 1725 1664 1713 
1715 1712 1704 1713 
1719 1744 1702 1714 
1713 1709 1695 1732 
1712 1718 1715 1707 
1712 1661 1695 1725 
1717 1728 1720 1715 
1716 1715 1703 1718 
1707 1711 1698 1708 
1716 1704 1698 1721 
1711 1714 1713 1715 
1718 1696 1703 1689 
1709 1715 1707 1712 
1712 1715 1707 1721 
1714 1713 1706 1700 
1707 1701 1691 1716 
1706 1709 1700 1715 
1695 1718 1705 1721 
1715 1720 1711 1717 
1717 1714 1702 1715 
1794 1708 1699 1716 
1685 1699 1697 1703 
1705 1710 1696 1713 
1605 1709 1698 1708 
1717 1722 1713 1724 
1707 1712 1707 1719 
1785 1713 1704 1711 
1696 1691 1683 1709 
1705 1706 1697 1711 
1692 1708 1699 1725 
1721 1726 1719 1722 
1709 1709 1707 1713 
1719 1710 1700 1707 
1701 1693 1682 1710 
1711 1707 1702 1711 
1663 1703 1699 1720 
1721 1722 1708 1720 
1716 1712 1712 1718 
1710 1713 1711 1759 
1702 1699 1701 1704 
1710 1703 1702 1709 
1714 1710 1703 1679 
1720 1715 1704 1723 
1710 1713 1707 1716 
1712 1708 1700 1807 
1694 1700 1705 1697 
1707 1703 1692 1711 
1704 1684 1701 1682 
1729 1718 1716 1729 
1711 1710 1715 1719 
1708 1713 1709 1753 
1690 1683 1687 1703 
1706 1707 1696 1713 
1708 1707 1698 1722 
1719 1721 1711 1727 
1709 1711 1713 1716 
1709 1707 1704 1714 
1700 1698 1721 1709 
1705 1706 1691 1714 
1674 1659 1698 1715 
1719 1711 1683 1723 
1714 1717 1717 1718 
1713 1718 1708 1714 
1699 1712 1777 1707 
1705 1705 1687 1720 
1710 1706 1697 1717 
1720 1709 1677 1724 
1713 1711 1717 1708 
1719 1711 1707 1721 
1709 1714 1710 1718 
1715 1715 1694 1730 
1710 1744 1710 1714 
1727 1721 1711 1724 
1711 1707 1725 1703 
1717 1713 1716 1717 
1694 1702 1701 1715 
1708 1707 1682 1725 
1705 1704 1692 1717 
1711 1695 1709 1709 
1715 1705 1730 1694 
1714 1700 1718 1705 
1721 1770 1709 1725 
1709 1715 1682 1739 
1707 1710 1692 1728 
1698 1663 1699 1716 
1706 1707 1731 1689 
1717 1703 1723 1699 
1718 1790 1704 1712 
1712 1712 1671 1743 
1704 1726 1679 1736 
1699 1682 1691 1721 
1691 1707 1733 1679 
1706 1692 1732 1684 
1722 1774 1719 1691 
1717 1708 1665 1692 
1722 1753 1670 1752 
1695 1691 1681 1738 
1685 1701 1724 1684 
1706 1687 1741 1677 
1744 1693 1726 1680 
1732 1706 1682 1736 
1715 1729 1663 1747 
1654 1730 1670 1733 
1684 1715 1708 1691 
1691 1685 1739 1665 
1808 1679 1732 1694 
1669 1695 1704 1752 
1719 1738 1703 1746 
1621 1738 1665 1735 
1688 1729 1702 1705 
1688 1695 1738 1673 
1715 1673 1737 1692 
1740 1689 1720 1730 
1740 1716 1683 1755 
1715 1747 1677 1739 
1682 1732 1687 1705 
1681 1703 1721 1676 
1710 1680 1739 1688 
1760 1689 1731 1733 
1745 1711 1705 1751 
1719 1739 1678 1744 
1690 1740 1684 1709 
1679 1715 1711 1684 
1702 1689 1735 1688 
1735 1681 1732 1718 
1747 1701 1706 1748 
1730 1730 1686 1748 
1693 1743 1684 1720 
1679 1729 1701 1687 
1697 1704 1725 1689 
1724 1690 1716 1722 
1744 1699 1717 1738 
1728 1718 1686 1742 
1701 1737 1686 1724 
1685 1735 1697 1700 
1688 1709 1718 1689 
1719 1694 1726 1711 
1737 1691 1721 1734 
1735 1711 1703 1736 
1705 1723 1682 1721 
1689 1733 1693 1699 
1700 1722 1710 1699 
1746 1708 1659 1725 
1733 1699 1719 1733 
1733 1710 1710 1744 
1708 1720 1694 1724 
1692 1732 1694 1705 
1694 1726 1705 1697 
1716 1710 1713 1711 
1731 1695 1713 1731 
1730 1697 1705 1734 
1711 1708 1694 1722 
1691 1721 1696 1705 
1693 1726 1702 1622 
1723 1735 1719 1711 
1727 1713 1723 1719 
1728 1694 1715 1734 
1712 1708 1695 1724 
1696 1718 1698 1707 
1692 1727 1703 1700 
1712 1725 1710 1712 
1729 1714 1710 1727 
1728 1705 1709 1726 
1715 1706 1703 1722 
1702 1711 1703 1704 
1662 1717 1703 1676 
1709 1739 1717 1711 
1714 1711 1719 1735 
1731 1704 1696 1723 
1714 1704 1701 1714 
1700 1706 1695 1706 
1699 1718 1702 1706 
1707 1721 1705 1712 
1722 1717 1703 1724 
1729 1711 1704 1734 
1720 1709 1706 1727 
1701 1703 1700 1709 
1626 1618 1700 1719 
1720 1721 1721 1723 
1736 1706 1695 1708 
1719 1716 1701 1723 
1716 1703 1703 1717 
1705 1704 1702 1713 
1698 1705 1703 1703 
1705 1712 1703 1710 
1718 1716 1705 1722 
1729 1722 1706 1727 
1719 1709 1704 1720 
1707 1703 1707 1711 
1728 1656 1611 1721 
1711 1729 1707 1716 
1711 1730 1689 1714 
1720 1714 1712 1724 
1714 1713 1706 1718 
1707 1707 1707 1717 
1699 1701 1704 1708 
1703 1710 1702 1713 
1713 1719 1701 1724 
1719 1721 1706 1727 
1715 1714 1706 1722 
1703 1706 1703 1674 
1726 1751 1687 1710 
1685 1711 1712 1729 
1721 1711 1697 1716 
1713 1719 1702 1727 
1718 1721 1701 1722 
1709 1717 1707 1710 
1698 1707 1707 1702 
1705 1707 1702 1715 
1716 1716 1704 1725 
1723 1721 1706 1727 
1713 1716 1700 1721 
1688 1710 1705 1684 
1706 1729 1751 1706 
1714 1682 1716 1708 
1708 1718 1694 1718 
1724 1713 1706 1725 
1719 1720 1705 1717 
1709 1713 1706 1712 
1704 1712 1710 1704 
1710 1708 1710 1709 
1719 1708 1707 1720 
1718 1714 1709 1724 
1714 1717 1699 1721 
1725 1655 1705 1747 
1708 1716 1726 1712 
1706 1713 1691 1698 
1718 1694 1643 1730 
1712 1712 1710 1722 
1715 1716 1705 1722 
1694 1708 1800 1693 
1689 1700 1691 1691 
1699 1702 1707 1696 
1719 1709 1654 1722 
1725 1709 1712 1730 
1713 1710 1700 1724 
1728 1772 1676 1712 
1703 1698 1693 1676 
1684 1698 1703 1701 
1727 1714 1699 1716 
1721 1712 1710 1734 
1712 1711 1706 1717 
1679 1718 1695 1699 
1692 1702 1690 1695 
1696 1701 1699 1698 
1698 1664 1710 1709 
1722 1711 1711 1729 
1712 1708 1706 1608 
1715 1760 1801 1715 
1685 1714 1693 1719 
1709 1699 1711 1704 
1716 1711 1707 1723 
1717 1713 1711 1720 
1724 1715 1702 1729 
1715 1711 1704 1719 
1714 1715 1706 1708 
1707 1708 1706 1707 
1714 1710 1713 1710 
1716 1708 1711 1722 
1671 1712 1708 1719 
1725 1728 1743 1713 
1712 1700 1710 1712 
1707 1715 1697 1703 
1710 1713 1709 1711 
1715 1709 1708 1721 
1716 1711 1709 1724 
1715 1708 1702 1721 
1709 1713 1703 1719 
1708 1713 1706 1711 
1708 1710 1710 1711 
1718 1713 1710 1721 
1693 1709 1710 1759 
1744 1725 1726 1724 
1702 1697 1676 1702 
1709 1717 1710 1713 
1668 1709 1707 1718 
1720 1720 1723 1718 
1717 1707 1706 1726 
1725 1711 1707 1708 
1697 1698 1681 1708 
1700 1706 1693 1703 
1713 1710 1700 1712 
1731 1727 1714 1721 
1732 1685 1700 1731 
1714 1698 1710 1768 
1688 1709 1691 1710 
1706 1701 1693 1704 
1710 1706 1698 1659 
1729 1714 1702 1721 
1717 1716 1716 1721 
1711 1712 1702 1800 
1687 1694 1694 1709 
1700 1705 1694 1711 
1710 1709 1701 1678 
1721 1731 1714 1696 
1724 1725 1713 1732 
1706 1721 1694 1781 
1686 1680 1681 1710 
1697 1702 1686 1710 
1701 1703 1697 1709 
1717 1718 1718 1718 
1724 1719 1716 1720 
1718 1725 1705 1726 
1690 1704 1703 1711 
1694 1701 1682 1709 
1699 1704 1698 1706 
1803 1586 1704 1762 
1727 1709 1737 1703 
1709 1722 1701 1726 
1703 1716 1773 1710 
1690 1702 1684 1707 
1695 1698 1696 1708 
1721 1704 1678 1720 
1731 1719 1723 1713 
1723 1717 1708 1716 
1692 1706 1752 1706 
1702 1708 1683 1715 
1703 1704 1700 1711 
1758 1790 1794 1728 
1734 1719 1721 1690 
1713 1728 1699 1725 
1694 1706 1701 1712 
1694 1711 1683 1718 
1693 1706 1693 1710 
1712 1700 1703 1715 
1719 1708 1725 1712 
1722 1709 1717 1720 
1717 1766 1707 1720 
1697 1707 1685 1718 
1697 1716 1695 1575 
1737 1680 1597 1719 
1720 1720 1743 1684 
1729 1699 1727 1722 
1715 1810 1700 1696 
1703 1698 1680 1716 
1692 1712 1686 1710 
1705 1688 1698 1723 
1716 1716 1725 1710 
1721 1701 1712 1717 
1722 1718 1711 1717 
1710 1709 1691 1732 
1593 1728 1705 1604 
1707 1733 1687 1738 
1702 1714 1721 1724 
1737 1705 1707 1711 
1728 1706 1716 1706 
1702 1702 1693 1716 
1701 1720 1697 1720 
1666 1715 1701 1704 
1712 1720 1703 1711 
1724 1708 1711 1715 
1792 1706 1716 1718 
1703 1697 1697 1714 
1628 1593 1699 1718 
1692 1719 1714 1718 
1723 1720 1721 1701 
1712 1714 1696 1713 
1729 1711 1719 1717 
1710 1700 1702 1727 
1707 1716 1711 1722 
1698 1705 1693 1737 
1717 1725 1714 1714 
1720 1711 1703 1713 
1766 1712 1712 1719 
1702 1687 1689 1709 
1689 1667 1737 1732 
1716 1716 1700 1682 
1694 1732 1704 1711 
1721 1720 1704 1708 
1715 1709 1708 1751 
1711 1697 1687 1712 
1699 1697 1697 1713 
1697 1702 1692 1656 
1706 1713 1697 1714 
1723 1726 1709 1712 
1726 1716 1707 1811 
1701 1700 1707 1699 
1747 1809 1696 1726 
1672 1714 1701 1656 
1716 1707 1711 1712 
1714 1716 1704 1713 
1722 1711 1702 1711 
1724 1718 1712 1717 
1703 1709 1708 1715 
1700 1700 1702 1723 
1700 1704 1707 1715 
1717 1716 1702 1712 
1718 1718 1698 1710 
1721 1722 1707 1602 
1725 1760 1803 1732 
1683 1720 1713 1735 
1707 1697 1709 1716 
1711 1712 1700 1718 
1721 1718 1701 1715 
1725 1727 1706 1718 
1714 1721 1711 1726 
1706 1713 1712 1728 
1707 1706 1706 1722 
1712 1712 1706 1716 
1720 1716 1706 1712 
1637 1718 1703 1761 
1709 1740 1755 1728 
1717 1688 1713 1718 
1699 1713 1704 1719 
1707 1703 1700 1716 
1720 1717 1702 1715 
1722 1722 1704 1715 
1713 1717 1710 1713 
1707 1709 1711 1718 
1705 1713 1714 1722 
1713 1713 1709 1719 
1716 1715 1698 1717 
1722 1775 1699 1729 
1729 1727 1733 1731 
1711 1703 1688 1695 
1697 1702 1719 1712 
1712 1710 1711 1720 
1720 1717 1704 1720 
1726 1720 1698 1723 
1716 1718 1702 1714 
1706 1714 1713 1706 
1698 1702 1723 1703 
1712 1700 1713 1713 
1726 1710 1700 1727 
1771 1683 1690 1779 
1735 1736 1709 1701 
1693 1721 1706 1706 
1695 1700 1719 1687 
1706 1695 1725 1705 
1725 1709 1713 1735 
1735 1723 1691 1748 
1718 1732 1686 1731 
1702 1723 1704 1708 
1693 1699 1733 1682 
1703 1686 1737 1686 
1726 1691 1715 1725 
1779 1775 1633 1772 
1732 1753 1677 1745 
1687 1737 1678 1705 
1677 1702 1720 1678 
1696 1690 1741 1688 
1725 1695 1729 1721 
