1944 1538 1886 1677 
1811 897 1125 1593 
1558 926 846 1604 
1410 1747 1392 1741 
1543 2559 2291 1861 
1848 2673 2711 1843 
2038 1838 2175 1658 
1934 865 1147 1539 
1596 603 543 1554 
1349 1351 1014 1752 
1406 2485 2201 1903 
1808 2967 3004 1881 
2064 2290 2599 1687 
2070 1053 1291 1516 
1698 364 294 1515 
1371 885 589 1693 
1296 2174 1974 1904 
1683 3079 3163 1929 
2016 2746 3013 1768 
2148 1472 1607 1523 
1841 392 233 1459 
1469 496 304 1638 
1272 1688 1617 1903 
1511 2922 3150 1988 
1896 3061 3401 1813 
2139 1997 2062 1539 
1969 664 327 1430 
1591 294 164 1586 
1332 1190 1222 1867 
1429 2541 3011 2009 
1773 3122 3548 1894 
2039 2433 2543 1596 
2003 1120 579 1418 
1709 364 98 1460 
1440 836 840 1804 
1440 2059 2710 2021 
1661 2904 3575 2035 
1923 2675 3035 1634 
1948 1593 974 1423 
1771 681 80 1421 
1551 715 508 1747 
1521 1639 2326 1978 
1636 2532 3550 2023 
1822 2677 3491 1724 
1859 1934 1424 1470 
1771 1082 101 1452 
1629 827 277 1673 
1608 1384 1906 1935 
1670 2147 3501 2003 
1774 2484 3551 1782 
1772 2090 1902 1515 
1716 1420 77 1440 
1658 1074 149 1624 
1693 1324 1496 1887 
1743 1869 3435 1988 
1764 2190 3552 1820 
1705 2057 2351 1571 
1644 1633 157 1448 
1646 1365 108 1582 
1740 1429 1112 1829 
1801 1726 3122 1980 
1792 1935 3546 1852 
1682 1909 2774 1616 
1588 1714 567 1462 
1602 1576 83 1559 
1749 1614 781 1789 
1848 1728 2729 1953 
1832 1772 3540 1865 
1679 1720 3121 1655 
1546 1643 969 1486 
1564 1678 65 1536 
1734 1773 491 1744 
1897 1860 2320 1929 
1889 1737 3539 1900 
1707 1587 3442 1698 
1508 1505 1390 1513 
1509 1662 52 1522 
1704 1873 287 1704 
1913 2011 1918 1904 
1925 1782 3485 1903 
1738 1533 3518 1727 
1517 1382 1810 1546 
1472 1603 58 1531 
1670 1896 158 1675 
1887 2075 1499 1874 
1957 1863 3256 1887 
1777 1551 3529 1764 
1531 1365 2212 1575 
1448 1511 288 1526 
1624 1845 97 1648 
1909 2080 1113 1839 
1976 1954 2927 1896 
1820 1613 3526 1779 
1524 1350 2575 1600 
1434 1447 656 1528 
1580 1773 74 1632 
1950 2064 778 1811 
1997 2003 2544 1899 
1865 1681 3500 1805 
1547 1370 2873 1636 
1423 1403 1058 1539 
1535 1700 65 1609 
1836 2034 509 1778 
2013 2048 2137 1887 
1912 1754 3414 1830 
1604 1418 3095 1659 
1429 1388 1468 1562 
1497 1648 71 1609 
1783 1976 307 1761 
1995 2041 1717 1860 
1944 1803 3176 1822 
1669 1479 3232 1682 
1428 1365 1833 1572 
1472 1596 322 1596 
1743 1921 185 1737 
1973 2044 1360 1909 
1960 1845 2867 1828 
1715 1527 3261 1705 
1472 1398 2173 1548 
1446 1553 632 1602 
1680 1861 123 1726 
1936 2011 1030 1927 
1982 1877 2529 1826 
1757 1582 3214 1717 
1504 1428 2454 1587 
1436 1522 972 1599 
1651 1815 174 1692 
1911 1987 780 1830 
1999 1907 2198 1846 
1797 1631 3094 1742 
1542 1464 2668 1618 
1434 1510 1321 1593 
1604 1763 334 1684 
1854 1913 615 1802 
1979 1900 1857 1831 
1832 1683 2916 1743 
1578 1508 2762 1620 
1453 1517 1628 1588 
1573 1719 538 1678 
1819 1895 592 1803 
1959 1894 1556 1837 
1859 1716 2680 1763 
1621 1538 2773 1639 
1472 1537 1915 1585 
1549 1689 782 1656 
1773 1865 598 1782 
1942 1868 1298 1826 
1882 1733 2430 1770 
1669 1593 2833 1655 
1493 1563 2152 1597 
1533 1672 1040 1643 
1751 1832 549 1753 
1923 1854 1099 1832 
1892 1753 2181 1801 
1692 1607 2754 1677 
1518 1578 2329 1597 
1534 1677 1307 1621 
1718 1806 653 1743 
1905 1845 959 1831 
1901 1758 1921 1817 
1724 1638 2633 1699 
1541 1597 2446 1611 
1532 1674 1560 1620 
1690 1782 799 1725 
1873 1826 867 1811 
1894 1756 1685 1815 
1744 1659 2478 1721 
1560 1616 2510 1627 
1534 1677 1782 1613 
1677 1763 973 1697 
1851 1806 835 1798 
1889 1758 1473 1813 
1754 1683 2287 1745 
1582 1645 2519 1649 
1535 1672 1969 1620 
1663 1741 1165 1681 
1839 1773 851 1773 
1884 1748 1304 1811 
1766 1697 2092 1760 
1593 1677 2488 1678 
1539 1694 2127 1637 
1653 1728 1360 1668 
1829 1736 910 1742 
1890 1724 1180 1790 
1773 1699 1902 1769 
1595 1698 2406 1702 
1532 1712 2234 1652 
1650 1728 1557 1667 
1826 1711 1005 1722 
1900 1697 1086 1770 
1789 1692 1713 1765 
1605 1716 2295 1720 
1525 1746 2299 1677 
1630 1743 1735 1671 
1818 1704 1131 1707 
1908 1663 1044 1742 
1807 1669 1545 1756 
1614 1717 2161 1700 
1515 1769 2325 1687 
1609 1770 1896 1700 
1808 1710 1282 1726 
1911 1643 1046 1735 
1832 1640 1400 1735 
1630 1707 2012 1720 
1510 1787 2304 1706 
1580 1794 2019 1699 
1787 1729 1435 1709 
1921 1639 1088 1721 
1857 1616 1293 1726 
1657 1678 1852 1729 
1510 1779 2248 1725 
1562 1821 2115 1710 
1759 1755 1584 1702 
1915 1652 1160 1702 
1879 1599 1223 1718 
1680 1652 1707 1729 
1514 1758 2160 1737 
1536 1822 2169 1726 
1727 1783 1731 1702 
1904 1674 1261 1691 
1899 1598 1191 1700 
1714 1634 1575 1726 
1525 1739 2053 1746 
1518 1823 2183 1738 
1695 1800 1850 1712 
1888 1699 1373 1682 
1914 1613 1188 1686 
1745 1625 1464 1718 
1547 1721 1938 1751 
1501 1807 2163 1752 
1658 1807 1949 1723 
1866 1720 1493 1685 
1915 1630 1225 1675 
1775 1617 1384 1710 
1574 1700 1823 1752 
1503 1790 2124 1762 
1631 1804 2022 1730 
1838 1728 1612 1689 
1927 1643 1282 1673 
1808 1619 1333 1694 
1603 1687 1705 1741 
1501 1772 2058 1762 
1602 1797 2064 1736 
1805 1736 1719 1689 
1923 1657 1358 1667 
1837 1629 1304 1688 
1636 1680 1608 1733 
1512 1758 1977 1766 
1578 1786 2071 1751 
1773 1740 1816 1698 
1906 1661 1443 1667 
1857 1640 1306 1679 
1672 1680 1525 1730 
1526 1750 1887 1764 
1560 1780 2064 1757 
1737 1743 1887 1711 
1884 1674 1537 1665 
1868 1644 1327 1671 
1702 1681 1462 1720 
1550 1747 1796 1765 
1551 1774 2023 1763 
1703 1742 1941 1719 
1862 1676 1626 1671 
1865 1645 1374 1660 
1738 1683 1421 1706 
1573 1738 1708 1761 
1643 1781 1986 1770 
1656 1724 1955 1718 
1831 1682 1698 1673 
1808 1646 1423 1658 
1763 1678 1410 1694 
1606 1737 1641 1753 
1599 1769 1922 1772 
1638 1733 1950 1724 
1792 1688 1754 1677 
1862 1647 1480 1652 
1774 1668 1411 1686 
1633 1713 1586 1738 
1570 1761 1862 1801 
1635 1756 1950 1742 
1767 1717 1808 1693 
1835 1662 1526 1622 
1777 1647 1409 1691 
1660 1691 1557 1722 
1586 1739 1823 1827 
1631 1761 1965 1728 
1750 1746 1832 1717 
1816 1697 1568 1707 
1771 1649 1417 1705 
1661 1651 1531 1696 
1606 1708 1795 1695 
1649 1763 1957 1712 
1754 1788 1858 1747 
1807 1742 1591 1767 
1765 1675 1424 1748 
1672 1632 1511 1691 
1618 1659 1779 1647 
1665 1732 1967 1660 
1755 1798 1888 1740 
1809 1797 1615 1824 
1765 1725 1409 1816 
1669 1641 1477 1712 
1621 1616 1752 1597 
1650 1675 2006 1572 
1752 1770 1920 1702 
1797 1819 1647 1844 
1776 1786 1346 1901 
1677 1687 1446 1766 
1624 1599 1708 1585 
1638 1600 2010 1496 
1742 1708 1966 1628 
1799 1822 1701 1837 
1782 1847 1426 1963 
1682 1752 1391 1847 
1625 1627 1643 1615 
1624 1569 1955 1447 
1728 1632 2014 1538 
1793 1766 1776 1789 
1783 1839 1445 1980 
1704 1821 1352 1931 
1635 1687 1559 1681 
1643 1639 1901 1447 
1707 1571 2035 1461 
1778 1695 1864 1704 
1780 1796 1529 1972 
1712 1860 1357 1985 
1649 1759 1480 1765 
1644 1682 1818 1486 
1700 1552 2023 1427 
1768 1627 1939 1632 
1786 1751 1630 1915 
1731 1867 1391 2005 
1669 1829 1419 1843 
1644 1717 1704 1544 
1687 1577 1956 1426 
1740 1574 1980 1543 
1752 1673 1729 1816 
1734 1809 1469 1980 
1694 1849 1407 1908 
1705 1783 1608 1661 
1692 1642 1870 1478 
1724 1567 1980 1509 
1702 1606 1832 1707 
1723 1733 1570 1918 
1702 1832 1430 1930 
1731 1847 1535 1763 
1708 1730 1759 1560 
1721 1619 1942 1506 
1650 1554 1882 1635 
1711 1654 1695 1826 
1709 1774 1493 1916 
1743 1864 1489 1827 
1728 1812 1643 1651 
1723 1693 1849 1544 
1684 1567 1905 1586 
1681 1582 1792 1736 
1695 1688 1583 1864 
1740 1833 1490 1873 
1752 1862 1561 1748 
1737 1776 1761 1601 
1677 1615 1881 1523 
1668 1558 1854 1648 
1688 1615 1683 1794 
1744 1766 1529 1871 
1770 1866 1512 1823 
1750 1842 1667 1680 
1681 1691 1837 1523 
1658 1577 1882 1590 
1669 1563 1776 1714 
1736 1690 1590 1924 
1761 1807 1494 1856 
1757 1858 1578 1759 
1688 1761 1763 1585 
1655 1634 1891 1561 
1654 1556 1834 1642 
1731 1634 1661 1801 
1773 1767 1522 1878 
1782 1859 1535 1831 
1695 1806 1697 1664 
1649 1687 1853 1566 
1646 1586 1876 1584 
1715 1606 1730 1734 
1772 1709 1556 1866 
1777 1815 1512 1867 
1708 1813 1632 1725 
1660 1725 1800 1592 
1639 1625 1885 1552 
1713 1611 1775 1689 
1763 1675 1603 1834 
1781 1783 1517 1888 
1716 1810 1600 1774 
1671 1763 1747 1636 
1643 1666 1881 1553 
1700 1626 1816 1640 
1754 1660 1651 1786 
1783 1740 1523 1892 
1726 1791 1575 1809 
1674 1775 1716 1671 
1642 1700 1858 1559 
1696 1651 1839 1603 
1745 1666 1685 1740 
1771 1715 1542 1866 
1730 1768 1551 1834 
1674 1722 1682 1705 
1652 1726 1839 1577 
1689 1670 1845 1590 
1741 1747 1723 1705 
1765 1698 1567 1831 
1727 1739 1533 1844 
1669 1679 1651 1738 
1654 1723 1807 1613 
1681 1684 1858 1574 
1742 1776 1750 1661 
1761 1687 1582 1802 
1735 1729 1533 1843 
1681 1695 1621 1778 
1655 1728 1786 1642 
1680 1695 1855 1582 
1744 1691 1778 1616 
1765 1688 1606 1769 
1742 1721 1539 1837 
1691 1735 1603 1783 
1658 1721 1743 1680 
1669 1700 1851 1598 
1735 1691 1798 1641 
1771 1703 1671 1743 
1765 1725 1561 1831 
1701 1735 1592 1804 
1658 1727 1720 1701 
1663 1705 1831 1615 
1720 1702 1818 1628 
1767 1704 1691 1718 
1770 1717 1575 1803 
1720 1725 1574 1813 
1669 1724 1694 1733 
1663 1710 1814 1640 
1709 1707 1829 1621 
1762 1711 1727 1695 
1769 1719 1602 1784 
1727 1716 1563 1808 
1675 1717 1663 1754 
1659 1715 1792 1668 
1692 1712 1834 1628 
1743 1712 1752 1672 
1765 1713 1627 1754 
1739 1710 1574 1801 
1685 1705 1635 1770 
1659 1710 1763 1691 
1682 1714 1831 1639 
1734 1718 1779 1655 
1761 1721 1656 1729 
1746 1709 1578 1791 
1699 1704 1617 1779 
1665 1699 1727 1715 
1680 1716 1818 1657 
1722 1728 1795 1654 
1754 1725 1689 1708 
1750 1711 1599 1772 
1709 1697 1607 1782 
1674 1694 1705 1728 
1676 1707 1793 1670 
1712 1732 1798 1652 
1747 1739 1709 1694 
1751 1718 1616 1752 
1716 1699 1603 1782 
1682 1689 1683 1751 
1675 1702 1774 1687 
1704 1725 1795 1657 
1742 1735 1732 1683 
1756 1731 1640 1737 
1726 1706 1605 1772 
1692 1688 1663 1760 
1680 1694 1754 1705 
1697 1711 1789 1663 
1737 1732 1741 1677 
1749 1733 1660 1723 
1732 1717 1621 1768 
1696 1692 1654 1762 
1677 1688 1732 1719 
1694 1702 1778 1678 
1725 1726 1748 1670 
1747 1736 1677 1709 
1734 1725 1628 1755 
1702 1706 1651 1763 
1682 1699 1714 1731 
1692 1701 1764 1688 
1723 1722 1752 1674 
1744 1732 1689 1699 
1739 1730 1642 1741 
1709 1718 1652 1762 
1682 1704 1709 1738 
1687 1695 1753 1699 
1713 1708 1754 1675 
1741 1723 1701 1691 
1738 1729 1647 1730 
1714 1723 1649 1760 
1689 1709 1697 1749 
1686 1701 1744 1708 
1708 1705 1747 1686 
1734 1715 1709 1686 
1740 1725 1661 1719 
1718 1722 1653 1751 
1694 1714 1688 1751 
1685 1703 1734 1722 
1701 1702 1749 1688 
1728 1709 1716 1684 
1737 1715 1674 1713 
1728 1721 1658 1742 
1704 1717 1680 1749 
1689 1708 1723 1728 
1703 1705 1743 1694 
1724 1706 1722 1679 
1736 1712 1680 1704 
1726 1722 1660 1736 
1704 1724 1678 1752 
1690 1716 1713 1736 
1695 1713 1738 1704 
1719 1706 1723 1689 
1726 1707 1689 1697 
1727 1714 1662 1734 
1709 1720 1673 1751 
1691 1720 1709 1734 
1703 1721 1735 1714 
1705 1700 1727 1685 
1733 1709 1700 1704 
1718 1699 1667 1712 
1720 1726 1678 1744 
1691 1713 1698 1684 
1704 1718 1722 1721 
1708 1701 1730 1690 
1720 1702 1707 1738 
1714 1695 1678 1700 
1709 1708 1665 1741 
1700 1722 1700 1698 
1709 1729 1727 1739 
1699 1709 1733 1695 
1716 1707 1707 1743 
1698 1676 1669 1688 
1710 1708 1661 1728 
1698 1714 1684 1703 
1709 1737 1721 1736 
1710 1718 1727 1711 
1709 1701 1713 1703 
1693 1662 1687 1685 
1703 1701 1669 1718 
1700 1712 1682 1738 
1704 1732 1686 1737 
1711 1715 1722 1714 
1712 1704 1718 1692 
1706 1681 1750 1686 
1707 1695 1672 1710 
1704 1709 1681 1737 
1703 1718 1643 1734 
1714 1721 1721 1727 
1709 1702 1718 1691 
1696 1697 1783 1671 
1703 1689 1664 1704 
1704 1702 1678 1730 
1702 1719 1700 1731 
1710 1722 1719 1725 
1704 1707 1713 1700 
1717 1706 1706 1702 
1716 1702 1686 1715 
1714 1715 1683 1735 
1708 1719 1697 1744 
1712 1723 1717 1724 
1710 1709 1719 1701 
1716 1705 1711 1693 
1717 1700 1692 1711 
1715 1713 1691 1726 
1704 1678 1692 1746 
1712 1730 1723 1729 
1711 1714 1719 1710 
1712 1796 1710 1686 
1702 1684 1677 1700 
1710 1706 1686 1726 
1717 1692 1691 1746 
1714 1732 1716 1731 
1709 1717 1717 1711 
1698 1729 1714 1678 
1702 1687 1683 1699 
1707 1706 1689 1716 
1718 1729 1691 1743 
1716 1736 1717 1725 
1716 1715 1712 1717 
1729 1706 1715 1692 
1708 1693 1694 1702 
1710 1701 1690 1716 
1701 1721 1695 1723 
1717 1728 1708 1725 
1709 1712 1705 1717 
1714 1714 1720 1703 
1714 1697 1703 1712 
1650 1627 1702 1684 
1667 1713 1689 1732 
1729 1738 1715 1737 
1717 1719 1716 1728 
1747 1713 1720 1696 
1697 1687 1689 1695 
1704 1701 1693 1707 
1699 1713 1693 1725 
1714 1723 1700 1728 
1704 1710 1700 1715 
1708 1711 1708 1712 
1692 1694 1691 1692 
1642 1701 1691 1730 
1724 1717 1688 1717 
1717 1716 1703 1735 
1713 1717 1694 1725 
1708 1704 1716 1800 
1696 1701 1702 1688 
1704 1694 1688 1703 
1707 1702 1685 1664 
1714 1717 1688 1735 
1712 1721 1711 1718 
1708 1708 1703 1771 
1688 1681 1700 1688 
1705 1696 1698 1614 
1713 1710 1660 1717 
1720 1732 1707 1726 
1709 1699 1705 1723 
1716 1724 1711 1717 
1705 1692 1711 1709 
1707 1709 1711 1709 
1703 1698 1697 1717 
1721 1713 1690 1734 
1709 1711 1696 1728 
1705 1710 1704 1719 
1694 1699 1729 1699 
1707 1700 1704 1713 
1722 1690 1645 1722 
1719 1711 1666 1740 
1707 1718 1704 1720 
1709 1712 1710 1717 
1683 1703 1792 1694 
1696 1691 1694 1703 
1702 1695 1698 1710 
1723 1709 1681 1730 
1707 1713 1705 1708 
1712 1711 1691 1724 
1696 1705 1711 1711 
1710 1701 1711 1720 
1742 1655 1709 1725 
1732 1727 1716 1731 
1713 1717 1719 1720 
1703 1724 1699 1717 
1689 1721 1702 1709 
1693 1692 1701 1711 
1702 1699 1706 1710 
1715 1707 1699 1716 
1716 1712 1704 1715 
1712 1712 1693 1722 
1698 1708 1706 1711 
1701 1706 1706 1718 
1662 1705 1710 1708 
1731 1727 1732 1722 
1722 1724 1693 1714 
1718 1715 1706 1718 
1699 1743 1701 1705 
1699 1697 1695 1712 
1710 1709 1711 1715 
1725 1712 1707 1719 
1718 1723 1715 1704 
1706 1706 1691 1712 
1703 1711 1708 1709 
1703 1702 1703 1719 
1610 1706 1714 1670 
1724 1719 1744 1726 
1736 1718 1721 1710 
1711 1718 1696 1713 
1707 1710 1699 1711 
1700 1700 1701 1718 
1709 1706 1711 1716 
1653 1710 1702 1706 
1732 1729 1706 1715 
1716 1715 1699 1711 
1801 1714 1702 1707 
1680 1682 1684 1703 
1703 1692 1699 1691 
1677 1687 1665 1729 
1721 1730 1723 1719 
1730 1725 1714 1710 
1739 1717 1696 1705 
1686 1686 1675 1700 
1693 1688 1694 1707 
1712 1699 1701 1715 
1727 1714 1714 1718 
1715 1723 1707 1708 
1705 1721 1701 1727 
1686 1702 1695 1705 
1696 1696 1701 1714 
1707 1665 1677 1735 
1734 1721 1717 1714 
1721 1724 1712 1723 
1709 1717 1696 1715 
1695 1713 1706 1718 
1699 1706 1706 1722 
1707 1701 1710 1716 
1717 1705 1704 1717 
1718 1713 1702 1713 
1708 1722 1698 1712 
1696 1716 1696 1716 
1700 1708 1704 1718 
1665 1703 1707 1718 
1725 1716 1720 1727 
1723 1719 1698 1721 
1717 1717 1707 1717 
1700 1724 1704 1714 
1704 1713 1708 1717 
1707 1712 1708 1719 
1719 1708 1709 1718 
1719 1711 1702 1714 
1712 1718 1702 1713 
1706 1718 1702 1715 
1699 1715 1706 1709 
1706 1709 1709 1633 
1721 1705 1770 1722 
1720 1713 1712 1713 
1711 1706 1704 1719 
1707 1719 1698 1713 
1706 1713 1705 1716 
1706 1711 1702 1717 
1714 1708 1707 1715 
1716 1703 1708 1712 
1717 1709 1704 1709 
1708 1709 1693 1712 
1708 1713 1697 1718 
1707 1711 1701 1716 
1699 1705 1643 1719 
1719 1713 1712 1717 
1706 1709 1704 1710 
1711 1701 1707 1711 
1703 1714 1697 1717 
1711 1710 1706 1718 
1714 1714 1703 1717 
1713 1707 1703 1712 
1711 1704 1701 1711 
1708 1709 1703 1713 
1705 1710 1700 1712 
1708 1715 1696 1716 
1704 1661 1705 1701 
1725 1722 1713 1722 
1715 1703 1693 1709 
1705 1707 1707 1721 
1707 1710 1697 1713 
1708 1711 1702 1711 
1711 1713 1700 1717 
1715 1713 1700 1719 
1713 1712 1702 1720 
1704 1706 1699 1715 
1704 1709 1702 1716 
1708 1711 1703 1716 
1627 1713 1704 1674 
1730 1730 1689 1727 
1715 1708 1711 1728 
1709 1719 1697 1715 
1704 1702 1701 1717 
1705 1706 1705 1715 
1716 1710 1703 1713 
1716 1712 1708 1716 
1718 1709 1700 1716 
1710 1707 1701 1716 
1703 1701 1700 1711 
1703 1700 1698 1707 
1715 1704 1707 1709 
1726 1764 1666 1722 
1724 1727 1716 1727 
1712 1706 1699 1718 
1713 1712 1711 1723 
1696 1701 1702 1709 
1707 1705 1706 1722 
1705 1698 1702 1703 
1725 1714 1703 1717 
1713 1710 1701 1673 
1718 1709 1691 1727 
1697 1701 1704 1713 
1705 1703 1708 1780 
1709 1610 1702 1695 
1721 1715 1711 1715 
1718 1717 1711 1683 
1720 1731 1699 1731 
1701 1704 1705 1717 
1702 1711 1704 1741 
1694 1686 1692 1692 
1712 1712 1699 1710 
1717 1711 1699 1727 
1723 1725 1712 1726 
1703 1700 1697 1713 
1700 1700 1705 1699 
1590 1682 1725 1662 
1713 1703 1720 1708 
1719 1701 1699 1719 
1707 1717 1673 1730 
1717 1720 1703 1716 
1705 1704 1698 1709 
1701 1702 1754 1692 
1712 1696 1698 1709 
1713 1712 1705 1722 
1715 1711 1642 1738 
1703 1721 1708 1721 
1703 1713 1700 1705 
1681 1691 1781 1683 
1706 1718 1641 1714 
1714 1709 1709 1710 
1716 1728 1656 1737 
1720 1721 1702 1723 
1705 1711 1699 1716 
1691 1700 1709 1691 
1705 1693 1693 1705 
1708 1702 1706 1716 
1725 1704 1708 1730 
1708 1719 1707 1719 
1708 1710 1697 1714 
1678 1736 1704 1688 
1763 1704 1698 1694 
1708 1697 1703 1704 
1716 1666 1701 1731 
1714 1712 1706 1729 
1705 1716 1702 1712 
1700 1805 1698 1697 
1696 1691 1690 1699 
1699 1695 1694 1707 
1708 1628 1697 1726 
1712 1719 1709 1728 
1706 1719 1703 1711 
1700 1775 1692 1690 
1695 1687 1679 1628 
1711 1711 1676 1718 
1698 1711 1709 1725 
1722 1710 1705 1728 
1706 1718 1704 1719 
1712 1710 1695 1714 
1706 1709 1699 1708 
1711 1704 1705 1722 
1709 1708 1712 1715 
1710 1712 1702 1718 
1706 1713 1700 1717 
1712 1716 1698 1718 
1706 1712 1702 1711 
1706 1640 1684 1722 
1674 1715 1711 1720 
1725 1727 1722 1719 
1706 1714 1699 1716 
1751 1714 1698 1705 
1697 1697 1682 1711 
1704 1708 1704 1715 
1709 1710 1707 1720 
1703 1705 1709 1715 
1716 1713 1708 1716 
1714 1710 1697 1714 
1702 1701 1683 1703 
1648 1706 1696 1728 
1717 1715 1726 1706 
1726 1704 1721 1719 
1712 1714 1706 1720 
1708 1704 1704 1781 
1699 1700 1692 1693 
1705 1706 1689 1707 
1704 1702 1697 1687 
1720 1710 1708 1719 
1709 1705 1709 1711 
1718 1708 1704 1742 
1702 1700 1702 1701 
1723 1713 1693 1676 
1703 1714 1738 1685 
1732 1728 1727 1732 
1703 1710 1711 1716 
1716 1712 1711 1712 
1709 1704 1701 1708 
1716 1714 1704 1713 
1704 1706 1699 1716 
1711 1714 1707 1721 
1704 1704 1712 1710 
1711 1706 1702 1713 
1706 1708 1709 1706 
1724 1715 1691 1726 
1726 1633 1701 1719 
1718 1712 1670 1735 
1704 1717 1712 1717 
1716 1712 1720 1710 
1701 1712 1712 1698 
1719 1712 1692 1725 
1700 1709 1697 1710 
1718 1713 1659 1733 
1703 1709 1717 1711 
1713 1710 1713 1708 
1707 1706 1706 1705 
1717 1713 1699 1716 
1707 1708 1697 1671 
1727 1722 1697 1727 
1700 1715 1712 1710 
1717 1706 1717 1714 
1703 1720 1711 1706 
1716 1707 1697 1710 
1712 1715 1700 1714 
1706 1697 1699 1721 
1708 1715 1713 1707 
1705 1699 1703 1710 
1714 1711 1710 1711 
1713 1707 1701 1720 
1706 1711 1701 1714 
1692 1735 1592 1727 
1705 1726 1723 1716 
1716 1707 1709 1714 
1707 1742 1708 1702 
1707 1702 1691 1719 
1710 1720 1706 1718 
1711 1682 1693 1726 
1708 1722 1711 1713 
1710 1710 1704 1713 
1705 1704 1705 1697 
1702 1698 1692 1708 
1703 1708 1695 1714 
1734 1717 1698 1793 
1706 1710 1704 1718 
1725 1714 1704 1713 
1744 1708 1713 1718 
1708 1705 1697 1711 
1705 1712 1698 1717 
1703 1717 1701 1718 
1697 1709 1697 1714 
1707 1707 1702 1708 
1712 1706 1707 1714 
1710 1711 1709 1711 
1708 1710 1700 1715 
1703 1711 1699 1712 
1725 1697 1592 1719 
1708 1714 1714 1702 
1719 1706 1715 1716 
1711 1709 1705 1713 
1716 1714 1713 1720 
1702 1708 1697 1709 
1709 1715 1697 1711 
1708 1699 1700 1711 
1720 1712 1715 1708 
1711 1699 1703 1716 
1713 1714 1710 1717 
1713 1709 1697 1721 
1649 1714 1710 1676 
1721 1717 1722 1719 
1721 1696 1713 1728 
1704 1705 1713 1711 
1724 1716 1709 1717 
1703 1702 1696 1654 
1724 1719 1701 1731 
1706 1701 1706 1709 
1712 1704 1703 1805 
1695 1681 1701 1690 
1703 1699 1692 1704 
1700 1706 1696 1656 
1710 1729 1702 1719 
1724 1713 1638 1727 
1715 1709 1718 1734 
1687 1672 1704 1701 
1702 1701 1692 1703 
1701 1704 1690 1712 
1705 1722 1673 1720 
1710 1716 1702 1717 
1705 1705 1701 1703 
1697 1688 1760 1693 
1701 1699 1693 1700 
1705 1707 1692 1714 
1700 1708 1665 1718 
1672 1715 1703 1710 
1709 1710 1704 1716 
1715 1713 1721 1712 
1710 1705 1692 1709 
1713 1715 1707 1716 
1706 1715 1700 1726 
1702 1717 1706 1713 
1706 1707 1697 1713 
1715 1705 1709 1705 
1721 1711 1707 1710 
1714 1715 1703 1713 
1712 1716 1702 1723 
1700 1713 1702 1658 
1713 1692 1618 1718 
1713 1702 1716 1712 
1716 1715 1707 1713 
1717 1710 1705 1716 
1714 1713 1697 1721 
1704 1709 1695 1718 
1706 1709 1700 1714 
1712 1707 1699 1711 
1718 1710 1702 1710 
1717 1713 1703 1716 
1705 1715 1700 1719 
1703 1717 1696 1722 
1669 1749 1701 1726 
1721 1718 1704 1704 
1715 1713 1701 1719 
1722 1713 1703 1715 
1710 1716 1701 1720 
1701 1713 1695 1717 
1703 1716 1699 1721 
1709 1713 1705 1714 
1716 1710 1708 1710 
1715 1707 1700 1711 
1710 1711 1699 1719 
1704 1714 1701 1722 
1697 1716 1700 1648 
1705 1714 1779 1720 
1717 1711 1714 1714 
1717 1714 1706 1712 
1720 1704 1703 1715 
1706 1709 1701 1718 
1704 1710 1705 1719 
1705 1706 1705 1709 
1711 1706 1704 1708 
1714 1708 1707 1712 
1712 1711 1706 1713 
1704 1711 1698 1718 
1695 1707 1700 1718 
1653 1706 1699 1721 
1719 1721 1710 1718 
1720 1705 1718 1716 
1712 1716 1699 1717 
1711 1709 1703 1717 
1708 1709 1701 1719 
1705 1706 1706 1713 
1710 1704 1710 1710 
1717 1702 1709 1709 
1716 1709 1710 1714 
1709 1710 1705 1716 
1699 1711 1696 1713 
1700 1709 1696 1713 
1716 1743 1635 1725 
1724 1715 1718 1698 
1712 1705 1704 1698 
1733 1722 1703 1722 
1704 1708 1705 1710 
1710 1714 1700 1712 
1703 1701 1698 1703 
1721 1717 1705 1709 
1713 1704 1709 1713 
1720 1713 1706 1722 
1701 1703 1705 1725 
1701 1710 1703 1718 
1615 1695 1727 1721 
1710 1713 1697 1710 
1720 1689 1698 1709 
1713 1714 1666 1728 
1711 1721 1708 1718 
1703 1712 1695 1718 
1687 1704 1740 1698 
1703 1703 1695 1708 
1714 1708 1708 1713 
1722 1709 1665 1725 
1706 1715 1713 1717 
1703 1716 1700 1713 
1672 1688 1753 1693 
1715 1655 1611 1713 
1704 1706 1705 1700 
1735 1723 1734 1725 
1713 1725 1711 1718 
1701 1709 1700 1715 
1686 1709 1698 1705 
1701 1699 1689 1708 
1707 1708 1699 1709 
1708 1690 1705 1720 
1709 1716 1713 1717 
1700 1706 1703 1715 
1697 1781 1702 1703 
1716 1690 1682 1763 
1716 1711 1711 1719 
1715 1636 1713 1730 
1720 1732 1713 1719 
1708 1704 1710 1719 
1696 1766 1704 1695 
1692 1692 1685 1702 
1705 1701 1698 1712 
1726 1679 1707 1730 
1716 1723 1721 1715 
1710 1709 1699 1716 
1688 1724 1696 1687 
1693 1691 1681 1706 
1695 1667 1602 1714 
1718 1718 1712 1710 
1715 1719 1712 1737 
1715 1711 1711 1713 
1734 1712 1702 1703 
1690 1694 1690 1704 
1703 1702 1698 1710 
1679 1710 1700 1710 
1719 1724 1714 1712 
1707 1704 1700 1711 
1762 1707 1704 1707 
1696 1689 1689 1704 
1707 1703 1702 1637 
1680 1733 1667 1725 
1737 1722 1724 1718 
1715 1707 1706 1721 
1762 1707 1703 1703 
1690 1688 1677 1695 
1705 1700 1692 1708 
1711 1706 1700 1725 
1716 1717 1721 1716 
1712 1714 1712 1711 
1712 1710 1702 1720 
1699 1697 1690 1701 
1703 1701 1701 1705 
1731 1690 1700 1675 
1730 1720 1707 1732 
1718 1706 1701 1713 
1701 1713 1709 1801 
1688 1691 1697 1693 
1707 1702 1693 1704 
1705 1700 1696 1672 
1723 1711 1701 1729 
1709 1709 1710 1717 
1709 1710 1703 1773 
1689 1691 1694 1695 
1702 1701 1691 1709 
1708 1706 1694 1723 
1731 1737 1663 1736 
1718 1717 1714 1717 
1701 1711 1706 1721 
1695 1690 1690 1692 
1704 1705 1690 1707 
1708 1705 1695 1710 
1716 1709 1696 1722 
1709 1714 1706 1718 
1704 1711 1705 1717 
1700 1705 1746 1700 
1698 1693 1687 1704 
1710 1702 1694 1718 
1662 1717 1710 1720 
1718 1718 1703 1728 
1721 1708 1705 1716 
1688 1705 1801 1700 
1708 1699 1690 1709 
1701 1698 1700 1703 
1721 1708 1683 1730 
1713 1715 1716 1719 
1717 1711 1704 1719 
1704 1708 1706 1706 
1712 1704 1703 1716 
1708 1710 1706 1714 
1720 1707 1704 1726 
1722 1650 1713 1739 
1716 1720 1715 1720 
1701 1749 1715 1707 
1696 1705 1691 1711 
1704 1705 1698 1709 
1709 1690 1700 1722 
1711 1719 1713 1721 
1703 1710 1703 1716 
1708 1744 1702 1706 
1702 1703 1691 1713 
1710 1714 1708 1709 
1714 1677 1697 1723 
1713 1717 1713 1693 
1720 1698 1727 1726 
1693 1768 1710 1693 
1706 1692 1692 1711 
1701 1706 1698 1703 
1721 1703 1703 1727 
1711 1716 1723 1711 
1710 1707 1700 1719 
1706 1713 1703 1709 
1711 1707 1697 1721 
1707 1709 1711 1708 
1704 1705 1703 1713 
1706 1707 1708 1710 
1644 1705 1700 1677 
1714 1721 1727 1717 
1708 1723 1698 1724 
1710 1710 1703 1709 
1718 1713 1702 1715 
1707 1704 1705 1709 
1710 1708 1702 1718 
1729 1705 1702 1719 
1702 1699 1695 1712 
1715 1718 1708 1711 
1680 1699 1694 1723 
1722 1721 1716 1718 
1714 1707 1700 1719 
1714 1804 1712 1709 
1708 1708 1697 1702 
1707 1728 1697 1717 
1711 1706 1703 1710 
1712 1721 1710 1714 
1701 1701 1699 1713 
1714 1713 1706 1720 
1705 1708 1707 1714 
1710 1714 1709 1715 
1706 1701 1703 1712 
1712 1713 1706 1716 
1709 1706 1704 1717 
1706 1709 1705 1635 
1712 1708 1756 1724 
1713 1714 1714 1720 
1709 1710 1709 1724 
1709 1714 1700 1708 
1714 1709 1702 1718 
1710 1709 1703 1714 
1709 1711 1704 1713 
1704 1706 1697 1711 
1709 1710 1701 1713 
1711 1709 1707 1718 
1705 1706 1703 1714 
1706 1704 1699 1714 
1661 1709 1702 1712 
1714 1728 1718 1727 
1712 1721 1695 1722 
1712 1708 1708 1718 
1709 1717 1700 1714 
1707 1709 1705 1713 
1704 1709 1698 1713 
1706 1709 1698 1715 
1707 1711 1701 1716 
1710 1711 1702 1716 
1707 1707 1700 1714 
1708 1706 1700 1715 
1706 1706 1701 1716 
1738 1666 1613 1728 
1719 1721 1719 1707 
1723 1726 1687 1733 
1713 1721 1719 1713 
1709 1709 1708 1712 
1677 1705 1727 1688 
1689 1688 1687 1699 
1705 1698 1695 1710 
1716 1685 1706 1715 
1710 1705 1708 1721 
1702 1708 1707 1712 
1697 1771 1703 1704 
1695 1691 1690 1724 
1708 1711 1730 1719 
1694 1648 1710 1713 
1729 1712 1714 1729 
1701 1715 1705 1709 
1703 1772 1700 1696 
1696 1695 1683 1706 
1707 1703 1693 1713 
1710 1708 1703 1719 
1708 1709 1704 1715 
1715 1717 1706 1722 
1709 1708 1706 1711 
1707 1705 1702 1711 
1621 1703 1701 1760 
1726 1712 1706 1724 
1711 1704 1712 1727 
1713 1717 1703 1712 
1708 1710 1710 1715 
1704 1708 1702 1709 
1705 1708 1704 1714 
1705 1703 1705 1713 
1706 1707 1705 1718 
1713 1710 1705 1719 
1709 1709 1702 1716 
1706 1707 1700 1712 
1710 1705 1699 1711 
1741 1637 1704 1712 
1721 1714 1715 1719 
1710 1707 1715 1710 
1704 1716 1700 1717 
1711 1715 1707 1715 
1704 1712 1700 1710 
1705 1705 1696 1716 
1711 1707 1704 1718 
1709 1713 1707 1713 
1703 1708 1704 1707 
1702 1708 1700 1710 
1708 1708 1703 1712 
1706 1707 1705 1710 
1717 1761 1660 1729 
1703 1712 1713 1731 
1707 1709 1706 1715 
1706 1705 1707 1712 
1709 1710 1699 1711 
1712 1707 1703 1715 
1715 1714 1704 1713 
1707 1711 1706 1715 
1705 1708 1705 1713 
1707 1710 1706 1714 
1708 1708 1707 1712 
1706 1708 1704 1717 
1616 1702 1701 1675 
1725 1720 1740 1729 
1712 1701 1711 1720 
1713 1728 1716 1726 
1706 1702 1707 1706 
1706 1716 1699 1707 
1694 1693 1710 1693 
1698 1699 1694 1706 
1698 1698 1693 1709 
1717 1708 1689 1728 
1705 1711 1712 1713 
1705 1703 1698 1710 
1696 1701 1743 1698 
1665 1669 1693 1703 
1721 1723 1719 1730 
1715 1712 1634 1724 
1709 1714 1719 1710 
1710 1715 1703 1712 
1685 1699 1774 1686 
1698 1695 1683 1704 
1705 1698 1696 1713 
1728 1727 1678 1730 
1706 1710 1715 1708 
1708 1708 1706 1710 
1686 1696 1698 1695 
1706 1701 1693 1703 
1730 1660 1658 1722 
1722 1714 1713 1707 
1712 1722 1721 1725 
1707 1711 1705 1713 
1696 1754 1709 1699 
1696 1690 1685 1706 
1707 1701 1698 1710 
1706 1657 1697 1721 
1715 1721 1715 1717 
1706 1708 1701 1717 
1696 1780 1702 1697 
1698 1694 1684 1706 
1699 1702 1695 1699 
1737 1667 1665 1742 
1711 1728 1730 1731 
1710 1718 1712 1718 
1682 1744 1710 1689 
1692 1691 1675 1699 
1701 1701 1699 1707 
1711 1705 1699 1721 
1714 1712 1707 1715 
1707 1702 1700 1719 
1721 1710 1708 1705 
1700 1695 1692 1706 
1702 1700 1694 1703 
1683 1713 1703 1667 
1728 1733 1730 1721 
1722 1709 1711 1717 
1809 1710 1700 1719 
1698 1686 1694 1699 
1708 1707 1699 1703 
1647 1703 1695 1711 
1714 1714 1710 1721 
1712 1712 1711 1715 
1739 1709 1703 1700 
1686 1688 1687 1700 
1701 1698 1693 1708 
1708 1711 1700 1721 
1660 1719 1712 1740 
1715 1714 1720 1728 
1704 1717 1702 1726 
1694 1694 1677 1699 
1700 1708 1697 1712 
1706 1702 1692 1696 
1708 1711 1704 1724 
1712 1719 1711 1720 
1707 1708 1708 1788 
1687 1692 1698 1692 
1699 1696 1686 1703 
1708 1703 1697 1654 
1717 1712 1704 1718 
1672 1650 1708 1732 
1715 1714 1711 1817 
1695 1702 1712 1695 
1696 1703 1691 1698 
1710 1698 1692 1647 
1721 1718 1697 1726 
1722 1715 1708 1724 
1705 1704 1702 1766 
1684 1675 1698 1690 
1699 1698 1695 1699 
1709 1704 1697 1704 
1717 1718 1695 1715 
1719 1709 1704 1722 
1713 1663 1650 1717 
1698 1690 1750 1699 
1690 1701 1695 1696 
1712 1699 1700 1705 
1708 1707 1706 1716 
1724 1718 1710 1726 
1704 1706 1704 1716 
1710 1716 1711 1712 
1705 1708 1705 1712 
1714 1713 1710 1710 
1715 1705 1699 1715 
1718 1714 1707 1715 
1718 1712 1705 1642 
1718 1700 1737 1719 
1710 1715 1712 1713 
1707 1700 1712 1712 
1717 1716 1707 1717 
1715 1711 1713 1716 
1715 1709 1706 1715 
1713 1711 1704 1719 
1713 1715 1708 1715 
1710 1710 1706 1713 
1712 1707 1701 1711 
1716 1712 1707 1720 
1716 1714 1710 1715 
1663 1710 1704 1797 
1719 1717 1695 1723 
1708 1705 1713 1717 
1715 1716 1708 1712 
1717 1705 1707 1716 
1713 1715 1700 1721 
1717 1715 1707 1721 
1710 1713 1705 1713 
1706 1711 1702 1711 
1706 1711 1702 1715 
1714 1715 1707 1712 
1711 1710 1701 1713 
1709 1708 1701 1718 
1655 1713 1701 1752 
1712 1717 1713 1722 
1715 1720 1705 1721 
1714 1715 1708 1714 
1714 1715 1702 1716 
1714 1713 1702 1722 
1708 1714 1705 1719 
1707 1711 1700 1719 
1707 1711 1699 1719 
1711 1706 1703 1719 
1712 1710 1707 1715 
1714 1708 1706 1713 
1715 1714 1708 1714 
1620 1622 1708 1727 
1721 1721 1709 1728 
1719 1709 1694 1717 
1719 1717 1707 1718 
1719 1716 1707 1721 
1714 1712 1709 1720 
1713 1713 1702 1722 
1711 1716 1706 1721 
1708 1714 1709 1714 
1709 1709 1702 1712 
1713 1713 1707 1714 
1713 1716 1710 1718 
1708 1711 1708 1718 
1701 1668 1703 1742 
1712 1718 1711 1722 
1713 1718 1705 1718 
1714 1715 1710 1714 
1715 1710 1713 1719 
1718 1713 1710 1723 
1714 1710 1711 1722 
1712 1711 1705 1714 
1712 1709 1702 1713 
1717 1712 1708 1708 
1717 1712 1710 1713 
1713 1706 1711 1716 
1711 1707 1709 1717 
1698 1738 1627 1722 
1717 1711 1711 1715 
1716 1711 1708 1714 
1720 1710 1711 1708 
1717 1714 1713 1717 
1716 1716 1715 1721 
1708 1711 1709 1718 
1712 1708 1701 1717 
1715 1714 1705 1715 
1719 1714 1709 1717 
1716 1708 1708 1712 
1716 1712 1709 1719 
1714 1711 1711 1717 
1723 1713 1671 1719 
1711 1713 1706 1720 
1720 1713 1709 1717 
1719 1715 1710 1717 
1717 1709 1710 1721 
1714 1707 1708 1725 
1713 1712 1706 1720 
1709 1713 1706 1715 
1711 1710 1700 1714 
1715 1713 1702 1717 
1715 1716 1710 1723 
1713 1711 1709 1719 
1709 1707 1710 1640 
1720 1715 1724 1719 
1710 1716 1707 1713 
1715 1716 1707 1715 
1712 1714 1715 1721 
1711 1711 1710 1719 
1708 1707 1708 1717 
1712 1709 1706 1714 
1710 1709 1699 1709 
1710 1712 1704 1713 
1717 1713 1708 1718 
1711 1709 1713 1717 
1711 1704 1707 1713 
1625 1704 1703 1779 
1714 1705 1690 1717 
1722 1714 1709 1716 
1713 1705 1708 1715 
1724 1703 1708 1732 
1717 1717 1716 1721 
1708 1707 1704 1717 
1720 1708 1703 1685 
1702 1695 1684 1699 
1714 1705 1697 1710 
1677 1702 1704 1715 
1710 1710 1709 1715 
1715 1714 1712 1714 
1722 1705 1703 1721 
1705 1703 1695 1703 
1709 1693 1696 1707 
1642 1708 1707 1709 
1718 1715 1708 1725 
1712 1717 1715 1713 
1806 1706 1700 1711 
1693 1689 1684 1693 
1702 1697 1696 1702 
1707 1705 1702 1708 
1712 1704 1704 1722 
1710 1711 1715 1713 
1707 1703 1704 1716 
1678 1697 1707 1710 
1721 1710 1704 1716 
1716 1713 1711 1712 
1719 1717 1713 1724 
1713 1712 1714 1718 
1714 1712 1703 1718 
1715 1709 1702 1715 
1720 1716 1703 1714 
1710 1710 1703 1714 
1717 1715 1707 1724 
1715 1710 1707 1720 
1711 1711 1708 1711 
1710 1706 1698 1710 
1810 1717 1705 1704 
1719 1717 1706 1723 
1717 1718 1711 1720 
1714 1719 1710 1722 
1710 1715 1709 1722 
1713 1719 1702 1719 
1713 1716 1701 1716 
1715 1714 1707 1716 
1712 1714 1707 1720 
1709 1717 1705 1722 
1705 1711 1704 1720 
1709 1719 1702 1718 
1710 1713 1702 1714 
1702 1630 1700 1704 
1716 1713 1711 1730 
1711 1716 1710 1722 
1707 1710 1702 1719 
1716 1709 1681 1731 
1703 1711 1711 1707 
1718 1713 1697 1712 
1706 1708 1706 1714 
1717 1714 1709 1724 
1706 1705 1709 1716 
1725 1723 1685 1733 
1710 1716 1715 1715 
1716 1713 1705 1709 
1719 1618 1720 1698 
1710 1707 1700 1711 
1711 1706 1702 1716 
1723 1716 1704 1722 
1713 1714 1709 1714 
1715 1710 1700 1716 
1706 1744 1701 1702 
1702 1693 1691 1704 
1703 1700 1705 1711 
1708 1674 1705 1723 
1712 1719 1717 1715 
1710 1706 1700 1711 
1712 1797 1699 1698 
1693 1636 1686 1700 
1712 1708 1708 1709 
1719 1657 1704 1729 
1724 1724 1724 1720 
1714 1705 1709 1717 
1698 1739 1706 1695 
1702 1693 1687 1710 
1708 1706 1702 1712 
1715 1725 1709 1727 
1708 1721 1723 1716 
1710 1710 1706 1717 
1726 1706 1703 1697 
1707 1697 1691 1705 
1693 1662 1627 1712 
1680 1714 1711 1718 
1724 1720 1706 1726 
1711 1712 1708 1725 
1765 1711 1713 1718 
1693 1696 1699 1706 
1706 1707 1696 1713 
1666 1713 1705 1712 
1727 1729 1715 1719 
1716 1710 1702 1725 
1790 1705 1705 1710 
1691 1686 1682 1706 
1703 1702 1692 1707 
1672 1596 1656 1729 
1726 1728 1722 1730 
1712 1722 1722 1720 
1714 1713 1711 1714 
1693 1691 1680 1710 
1704 1703 1696 1712 
1705 1706 1690 1706 
1715 1715 1704 1727 
1713 1719 1714 1724 
1707 1715 1707 1766 
1696 1702 1696 1710 
1703 1700 1691 1710 
1704 1703 1689 1685 
1727 1729 1617 1723 
1708 1716 1710 1719 
1706 1715 1716 1816 
1689 1700 1711 1696 
1703 1703 1689 1713 
1706 1705 1693 1684 
1723 1723 1709 1723 
1708 1720 1711 1715 
1710 1720 1713 1748 
1695 1696 1697 1711 
1706 1705 1693 1714 
1712 1709 1695 1727 
1720 1713 1699 1719 
1699 1746 1677 1710 
1719 1716 1707 1726 
1699 1709 1721 1714 
1715 1712 1701 1723 
1708 1709 1703 1713 
1713 1706 1660 1720 
1714 1717 1714 1715 
1717 1721 1710 1716 
1700 1712 1756 1710 
1710 1708 1700 1721 
1715 1708 1701 1721 
1716 1696 1619 1719 
1718 1716 1724 1708 
1722 1675 1691 1723 
1700 1718 1810 1707 
1705 1702 1689 1718 
1704 1701 1693 1713 
1722 1702 1653 1711 
1718 1706 1715 1706 
1717 1712 1721 1711 
1680 1715 1732 1703 
1702 1706 1684 1718 
1694 1700 1687 1716 
1717 1688 1695 1703 
1711 1700 1718 1695 
1713 1705 1724 1700 
1694 1737 1637 1722 
1715 1715 1691 1732 
1700 1707 1680 1723 
1695 1665 1695 1699 
1715 1703 1719 1694 
1712 1696 1725 1693 
1737 1719 1710 1731 
1721 1725 1688 1747 
1717 1739 1688 1743 
1688 1712 1693 1707 
1694 1701 1719 1685 
1713 1691 1728 1691 
1736 1714 1726 1718 
1734 1688 1692 1764 
1717 1743 1684 1749 
1696 1726 1686 1722 
1684 1703 1718 1683 
1711 1685 1734 1682 
1733 1695 1732 1715 
1746 1726 1701 1751 
1724 1743 1674 1757 
1696 1736 1679 1729 
1680 1711 1712 1688 
1695 1685 1734 1675 
1728 1685 1736 1703 
1749 1711 1715 1740 
1695 1701 1681 1761 
1702 1743 1680 1741 
1682 1722 1700 1699 
1690 1691 1731 1673 
1722 1679 1738 1696 
1749 1701 1722 1735 
1742 1731 1690 1761 
1708 1747 1676 1741 
1680 1730 1689 1706 
1682 1699 1723 1681 
1713 1681 1740 1686 
1744 1692 1724 1722 
1746 1723 1698 1752 
1735 1698 1677 1751 
1684 1744 1687 1712 
1675 1714 1710 1685 
1700 1690 1732 1690 
1736 1688 1732 1716 
1745 1704 1704 1748 
1723 1734 1682 1748 
1693 1744 1682 1726 
1678 1725 1702 1694 
1699 1702 1725 1695 
1728 1685 1733 1717 
1745 1696 1713 1738 
1729 1717 1688 1744 
1655 1686 1685 1732 
1685 1731 1701 1704 
1698 1708 1720 1695 
1728 1692 1731 1712 
1742 1692 1717 1734 
1730 1710 1700 1737 
1703 1725 1689 1722 
1688 1731 1698 1695 
1696 1717 1715 1696 
1719 1699 1720 1708 
1737 1691 1719 1730 
1730 1700 1704 1735 
1703 1714 1692 1718 
1704 1684 1692 1719 
1699 1724 1716 1698 
1718 1712 1721 1708 
1734 1697 1715 1726 
1731 1699 1702 1732 
1710 1712 1696 1723 
1689 1721 1696 1706 
1696 1726 1704 1701 
1719 1715 1715 1713 
1731 1706 1718 1724 
1727 1697 1703 1728 
1709 1704 1701 1723 
1695 1716 1699 1707 
1709 1659 1702 1717 
1708 1718 1719 1708 
1731 1712 1714 1726 
1729 1705 1705 1723 
1711 1701 1699 1724 
1695 1710 1700 1710 
1696 1718 1706 1703 
1712 1721 1710 1710 
1729 1715 1713 1722 
1728 1706 1705 1729 
1713 1700 1700 1718 
1697 1706 1698 1710 
1693 1711 1706 1706 
1721 1682 1708 1725 
1726 1718 1712 1726 
1728 1715 1707 1729 
1716 1711 1701 1722 
1700 1706 1699 1708 
1700 1712 1704 1707 
1712 1722 1711 1712 
1724 1719 1710 1723 
1726 1716 1702 1730 
1717 1711 1702 1724 
1701 1709 1701 1710 
1695 1707 1702 1705 
1707 1715 1706 1713 
1752 1703 1710 1743 
1723 1715 1712 1724 
1717 1709 1698 1721 
1704 1706 1701 1712 
1702 1708 1706 1710 
1708 1709 1710 1714 
1722 1713 1708 1725 
1730 1717 1706 1728 
1720 1717 1707 1717 
1708 1709 1703 1707 
1700 1704 1705 1703 
1710 1710 1708 1712 
1721 1716 1706 1723 
1671 1694 1703 1731 
1718 1715 1709 1723 
1704 1718 1708 1708 
1702 1710 1706 1707 
1704 1710 1709 1745 
1705 1700 1683 1708 
1719 1708 1696 1720 
1716 1710 1699 1675 
1709 1713 1711 1713 
1703 1711 1710 1710 
1701 1703 1705 1804 
1700 1700 1705 1704 
1706 1702 1692 1707 
1775 1643 1692 1640 
1721 1722 1712 1718 
1707 1708 1714 1712 
1698 1703 1704 1793 
1689 1684 1703 1700 
1710 1704 1689 1713 
1708 1712 1693 1708 
1713 1728 1713 1716 
1711 1719 1711 1714 
1708 1710 1707 1711 
1711 1706 1710 1708 
1720 1708 1694 1725 
1716 1717 1703 1721 
1667 1717 1699 1741 
1702 1725 1745 1717 
1702 1714 1704 1711 
1711 1709 1713 1712 
1717 1714 1698 1721 
1715 1709 1701 1722 
1711 1716 1704 1716 
1704 1712 1705 1709 
1706 1713 1711 1707 
1714 1709 1710 1715 
1723 1716 1709 1722 
1722 1710 1700 1724 
1713 1717 1702 1719 
1661 1715 1712 1743 
1708 1729 1753 1719 
1709 1713 1696 1699 
1728 1700 1702 1731 
1719 1712 1709 1716 
1717 1700 1693 1728 
1704 1718 1718 1710 
1708 1718 1712 1705 
1707 1764 1707 1703 
1712 1696 1696 1715 
1716 1705 1700 1718 
1713 1687 1703 1729 
1705 1715 1714 1705 
1651 1710 1706 1743 
1707 1767 1766 1713 
1705 1700 1675 1717 
1723 1707 1704 1721 
1726 1673 1700 1733 
1713 1724 1717 1708 
1705 1710 1702 1712 
1694 1733 1712 1697 
1711 1703 1697 1715 
1707 1705 1702 1722 
1712 1715 1700 1728 
1709 1723 1710 1713 
1702 1708 1704 1709 
1681 1656 1711 1731 
1707 1710 1746 1727 
1724 1699 1686 1709 
1657 1710 1706 1715 
1719 1724 1701 1717 
1710 1714 1702 1714 
1791 1713 1711 1703 
1697 1691 1698 1703 
1713 1705 1700 1714 
1662 1705 1698 1726 
1725 1722 1713 1724 
1706 1712 1705 1718 
1747 1711 1710 1693 
1589 1756 1691 1721 
1724 1703 1722 1707 
1698 1714 1696 1744 
1720 1713 1709 1714 
1703 1708 1703 1718 
1702 1710 1712 1711 
1701 1697 1695 1700 
1709 1704 1701 1705 
1714 1710 1698 1711 
1716 1714 1703 1732 
1706 1717 1714 1708 
1704 1711 1704 1775 
1693 1704 1708 1697 
1874 1527 1700 1771 
1707 1695 1707 1677 
1712 1731 1677 1736 
1704 1711 1715 1717 
1704 1718 1706 1756 
1693 1689 1699 1696 
1714 1710 1704 1716 
1721 1719 1701 1713 
1718 1726 1704 1740 
1695 1706 1699 1714 
1716 1711 1702 1711 
1704 1698 1707 1696 
1724 1712 1707 1715 
1668 1710 1705 1763 
1719 1725 1724 1737 
1696 1725 1683 1713 
1705 1707 1713 1706 
1699 1700 1759 1690 
1711 1699 1696 1704 
1717 1708 1699 1722 
1716 1709 1652 1734 
1707 1722 1712 1720 
1704 1707 1703 1709 
1695 1697 1800 1684 
1716 1697 1698 1707 
1714 1706 1706 1723 
1820 1620 1658 1797 
1698 1725 1719 1739 
1701 1720 1689 1698 
1680 1687 1766 1691 
1716 1696 1695 1708 
1722 1704 1707 1717 
1724 1722 1695 1734 
1712 1730 1700 1732 
1698 1712 1696 1716 
1692 1717 1707 1697 
1710 1691 1704 1701 
1724 1707 1713 1720 
1724 1719 1712 1728 
1825 1704 1698 1781 
1715 1724 1706 1700 
1700 1798 1707 1705 
1705 1693 1693 1698 
1717 1701 1713 1712 
1727 1693 1709 1739 
1720 1731 1717 1730 
1701 1720 1695 1719 
1691 1795 1704 1685 
1701 1687 1695 1695 
1718 1699 1712 1699 
1734 1660 1708 1739 
1713 1724 1716 1741 
1694 1696 1744 1740 
1718 1742 1702 1666 
1683 1708 1673 1696 
1715 1687 1702 1700 
1697 1703 1708 1729 
1722 1717 1713 1738 
1699 1725 1716 1723 
1765 1719 1701 1701 
1694 1699 1695 1690 
1716 1699 1703 1703 
1648 1703 1714 1710 
1726 1714 1712 1737 
1701 1720 1715 1732 
1702 1548 1575 1746 
1699 1730 1703 1689 
1706 1724 1687 1711 
1729 1703 1721 1722 
1724 1718 1715 1737 
1702 1710 1704 1732 
1701 1718 1701 1721 
1705 1719 1702 1710 
1716 1723 1708 1704 
1726 1710 1708 1719 
1725 1712 1718 1728 
1714 1710 1713 1731 
1698 1710 1706 1701 
1757 1768 1663 1722 
1685 1732 1708 1697 
1728 1706 1719 1711 
1719 1713 1713 1731 
1712 1709 1711 1732 
1701 1709 1707 1723 
1697 1716 1702 1712 
1706 1716 1703 1706 
1724 1719 1706 1714 
1723 1719 1711 1725 
1716 1714 1712 1731 
1704 1709 1707 1726 
1703 1709 1702 1707 
1743 1757 1649 1711 
1704 1716 1708 1723 
1733 1710 1703 1713 
1712 1713 1714 1728 
1708 1708 1710 1727 
1704 1707 1707 1711 
1711 1711 1705 1700 
1720 1717 1701 1706 
1727 1720 1708 1720 
1720 1715 1712 1727 
1706 1708 1710 1724 
1704 1705 1706 1717 
1652 1716 1704 1778 
1714 1737 1741 1714 
1726 1714 1688 1707 
1718 1718 1713 1724 
1709 1720 1707 1726 
1704 1705 1709 1719 
1710 1707 1703 1713 
1720 1714 1706 1710 
1723 1717 1707 1712 
1716 1714 1708 1721 
1704 1711 1713 1724 
1706 1709 1711 1722 
1710 1707 1704 1718 
1658 1714 1703 1866 
1713 1721 1758 1729 
1701 1717 1705 1729 
1717 1705 1702 1717 
1702 1709 1713 1725 
1713 1708 1711 1721 
1721 1712 1702 1719 
1722 1716 1706 1716 
1718 1716 1708 1714 
1705 1709 1713 1708 
1703 1702 1715 1710 
1713 1704 1714 1717 
1720 1712 1702 1720 
1688 1736 1692 1718 
1729 1728 1726 1736 
1715 1698 1691 1700 
1688 1699 1717 1708 
1709 1705 1708 1714 
1724 1715 1704 1731 
1727 1725 1692 1737 
1720 1726 1690 1730 
1701 1718 1708 1709 
1697 1701 1726 1696 
1701 1694 1724 1700 
1726 1705 1710 1726 
1739 1728 1690 1745 
1840 1640 1684 1794 
1706 1710 1707 1703 
1693 1687 1722 1673 
1694 1701 1726 1688 
1726 1699 1715 1728 
1741 1725 1690 1756 
1729 1740 1673 1752 
1698 1730 1687 1711 
1678 1707 1721 1676 
1691 1685 1741 1678 
1726 1692 1726 1714 
