1970 1581 1927 1701 
1813 941 1153 1609 
1554 942 828 1584 
1405 1713 1356 1722 
1535 2541 2261 1851 
1845 2658 2719 1856 
2055 1887 2226 1702 
2001 897 1186 1549 
1606 583 544 1551 
1350 1318 979 1719 
1346 2454 2160 1890 
1753 2973 2998 1881 
2068 2332 2643 1718 
2101 1102 1346 1536 
1737 360 302 1527 
1366 862 569 1697 
1238 2130 1928 1891 
1624 3087 3167 1947 
2015 2785 3051 1780 
2152 1512 1659 1540 
1873 393 246 1455 
1471 464 278 1623 
1263 1637 1566 1891 
1497 2911 3139 2010 
1899 3086 3433 1835 
2130 2027 2112 1558 
1970 687 352 1433 
1597 278 145 1569 
1326 1154 1180 1856 
1433 2509 2973 1967 
1770 3133 3559 1895 
2042 2468 2600 1619 
1997 1140 619 1418 
1707 374 104 1496 
1438 808 795 1787 
1448 2038 2661 1973 
1676 2910 3562 1958 
1921 2704 3101 1673 
1933 1606 1024 1509 
1760 678 78 1448 
1553 694 472 1723 
1530 1622 2287 1947 
1649 2539 3556 1991 
1821 2696 3512 1744 
1849 1945 1482 1480 
1762 1083 72 1427 
1633 811 253 1645 
1625 1364 1858 1934 
1685 2141 3517 2016 
1780 2483 3553 1799 
1767 2109 1999 1522 
1710 1439 68 1419 
1660 1082 142 1606 
1699 1305 1424 1875 
1745 1856 3363 2003 
1775 2198 3550 1835 
1704 2073 2422 1589 
1643 1655 275 1444 
1644 1363 101 1566 
1745 1428 1034 1820 
1815 1728 3043 1993 
1800 1943 3549 1880 
1659 1894 2870 1620 
1574 1696 615 1439 
1600 1566 78 1535 
1750 1608 748 1783 
1867 1737 2676 1964 
1847 1789 3543 1889 
1685 1730 3197 1674 
1537 1649 1027 1495 
1548 1660 63 1528 
1731 1775 468 1736 
1903 1831 2273 1931 
1900 1754 3537 1916 
1714 1638 3473 1711 
1516 1524 1439 1510 
1507 1655 57 1514 
1697 1856 265 1705 
1911 1961 1874 1913 
1937 1794 3474 1913 
1741 1543 3526 1747 
1517 1425 1862 1544 
1463 1585 60 1524 
1666 1899 150 1668 
1904 2046 1464 1876 
1970 1890 3246 1919 
1787 1570 3530 1780 
1513 1351 2259 1563 
1436 1494 322 1507 
1626 1840 96 1638 
1887 2076 1075 1849 
1997 1968 2892 1912 
1828 1620 3526 1800 
1557 1356 2632 1608 
1421 1424 697 1533 
1577 1769 76 1624 
1860 2062 735 1807 
2011 2024 2503 1895 
1911 1691 3498 1809 
1568 1365 2909 1647 
1418 1389 1098 1538 
1517 1692 61 1600 
1837 2037 487 1774 
2005 2046 2091 1889 
1915 1760 3400 1830 
1623 1422 3126 1662 
1422 1373 1507 1553 
1491 1634 81 1600 
1780 1971 294 1753 
2004 2055 1689 1863 
1949 1815 3158 1837 
1658 1475 3244 1692 
1429 1372 1883 1567 
1460 1579 337 1586 
1739 1925 180 1718 
1977 2042 1313 1855 
1981 1864 2845 1843 
1719 1534 3270 1706 
1460 1391 2219 1579 
1442 1543 662 1587 
1683 1860 129 1721 
1951 2017 986 1839 
1992 1894 2506 1845 
1755 1590 3215 1732 
1500 1425 2484 1601 
1428 1516 999 1586 
1640 1813 181 1696 
1904 1988 740 1829 
1989 1917 2160 1854 
1805 1641 3083 1742 
1536 1456 2687 1615 
1437 1506 1345 1580 
1599 1753 337 1684 
1871 1946 580 1819 
1986 1918 1834 1851 
1842 1694 2900 1758 
1578 1501 2808 1630 
1450 1515 1662 1583 
1568 1713 552 1669 
1827 1904 501 1792 
1972 1904 1535 1852 
1872 1727 2672 1779 
1620 1537 2855 1645 
1464 1527 1945 1579 
1545 1685 799 1646 
1783 1864 491 1777 
1950 1883 1276 1847 
1887 1749 2415 1795 
1659 1579 2839 1666 
1486 1548 2173 1591 
1531 1671 1065 1632 
1747 1827 545 1754 
1920 1859 1083 1839 
1898 1755 2149 1804 
1698 1609 2753 1687 
1515 1574 2347 1598 
1521 1666 1329 1618 
1717 1802 657 1736 
1892 1845 942 1834 
1898 1779 1890 1813 
1725 1627 2610 1696 
1538 1596 2471 1617 
1530 1627 1576 1612 
1689 1786 822 1728 
1875 1819 856 1811 
1897 1750 1656 1817 
1752 1656 2452 1721 
1563 1612 2522 1632 
1533 1675 1802 1608 
1667 1762 1002 1699 
1848 1790 820 1785 
1896 1760 1461 1828 
1762 1675 2262 1741 
1582 1642 2532 1656 
1488 1666 1983 1617 
1665 1748 1191 1675 
1831 1765 846 1772 
1929 1744 1282 1806 
1754 1682 2066 1758 
1597 1674 2478 1669 
1475 1688 2138 1635 
1663 1736 1387 1661 
1825 1734 912 1751 
1934 1722 1160 1793 
1759 1673 1853 1749 
1597 1690 2394 1689 
1538 1709 2243 1644 
1652 1738 1585 1677 
1822 1710 1011 1727 
1896 1692 1077 1771 
1779 1675 1674 1759 
1607 1715 2276 1704 
1529 1748 2309 1671 
1632 1751 1760 1659 
1809 1699 1142 1706 
1900 1659 1037 1744 
1792 1653 1521 1824 
1609 1705 2135 1690 
1513 1767 2323 1624 
1606 1774 1904 1711 
1797 1720 1303 1720 
1912 1643 1038 1806 
1814 1620 1377 1716 
1630 1692 1981 1715 
1505 1778 2294 1659 
1590 1820 2048 1716 
1778 1734 1457 1711 
1912 1642 1091 1742 
1838 1579 1256 1708 
1653 1663 1824 1722 
1506 1773 2242 1714 
1557 1834 2128 1721 
1750 1769 1613 1703 
1917 1659 1168 1701 
1864 1574 1248 1695 
1676 1636 1676 1715 
1511 1753 2147 1730 
1533 1829 2129 1726 
1724 1786 1745 1712 
1897 1674 1272 1688 
1891 1595 1272 1682 
1703 1613 1539 1709 
1524 1725 2029 1743 
1518 1816 2115 1751 
1693 1811 1874 1721 
1875 1700 1390 1688 
1886 1606 1269 1664 
1743 1608 1437 1706 
1545 1704 1916 1746 
1520 1809 2165 1768 
1661 1813 1968 1736 
1856 1722 1513 1682 
1924 1627 1223 1673 
1781 1613 1370 1700 
1576 1692 1802 1741 
1494 1780 2119 1765 
1623 1814 2036 1733 
1835 1734 1621 1698 
1922 1647 1293 1662 
1820 1619 1316 1695 
1608 1685 1697 1734 
1503 1727 2049 1774 
1600 1802 2083 1745 
1802 1743 1731 1694 
1911 1737 1359 1647 
1825 1610 1279 1672 
1636 1677 1590 1725 
1524 1725 1967 1785 
1582 1802 2090 1761 
1761 1739 1824 1707 
1898 1676 1455 1656 
1857 1630 1292 1678 
1673 1682 1515 1720 
1516 1747 1871 1774 
1564 1793 2071 1766 
1733 1745 1901 1719 
1890 1672 1543 1666 
1864 1639 1323 1664 
1709 1682 1456 1708 
1484 1737 1779 1758 
1563 1789 2033 1775 
1707 1746 1953 1733 
1897 1680 1640 1666 
1866 1630 1367 1650 
1747 1676 1407 1706 
1535 1738 1701 1761 
1562 1792 1985 1785 
1673 1751 1987 1742 
1850 1693 1723 1669 
1857 1632 1416 1650 
1762 1671 1391 1687 
1598 1729 1631 1754 
1569 1784 1931 1784 
1655 1757 1988 1752 
1800 1705 1785 1711 
1848 1641 1482 1651 
1770 1651 1384 1672 
1634 1708 1569 1736 
1582 1768 1863 1768 
1648 1771 1979 1755 
1780 1732 1830 1718 
1838 1661 1542 1677 
1789 1655 1410 1686 
1653 1672 1538 1664 
1608 1754 1817 1753 
1645 1777 1972 1749 
1758 1761 1857 1767 
1801 1680 1566 1701 
1773 1644 1414 1700 
1677 1652 1523 1703 
1617 1709 1787 1701 
1645 1763 1959 1716 
1760 1796 1870 1753 
1798 1740 1605 1758 
1778 1681 1424 1752 
1665 1627 1502 1688 
1627 1658 1751 1650 
1659 1730 1966 1661 
1753 1798 1897 1736 
1795 1793 1662 1807 
1760 1716 1408 1806 
1675 1638 1472 1714 
1624 1603 1701 1612 
1655 1674 1982 1580 
1744 1765 1929 1694 
1784 1819 1732 1832 
1762 1775 1390 1887 
1668 1673 1420 1765 
1637 1608 1686 1605 
1649 1613 1985 1513 
1739 1714 1988 1621 
1775 1799 1750 1819 
1772 1827 1404 1947 
1689 1745 1377 1852 
1634 1624 1632 1630 
1645 1578 1966 1465 
1734 1635 2029 1544 
1793 1771 1800 1773 
1785 1849 1449 1979 
1699 1812 1344 1930 
1634 1670 1551 1696 
1643 1580 1905 1459 
1716 1583 2048 1471 
1785 1704 1885 1699 
1783 1823 1535 1954 
1717 1855 1343 1989 
1654 1741 1472 1787 
1646 1642 1821 1500 
1705 1560 2025 1435 
1766 1627 1955 1614 
1779 1755 1635 1898 
1722 1852 1385 1998 
1679 1834 1414 1864 
1662 1714 1718 1578 
1701 1589 1965 1442 
1741 1580 1988 1548 
1752 1666 1733 1814 
1726 1807 1472 1970 
1665 1849 1396 1907 
1690 1802 1604 1677 
1703 1671 1870 1493 
1750 1577 1981 1501 
1720 1590 1823 1707 
1715 1723 1577 1902 
1691 1831 1429 1925 
1713 1859 1530 1762 
1711 1743 1755 1572 
1788 1625 1942 1500 
1684 1541 1874 1616 
1693 1625 1685 1809 
1650 1770 1498 1912 
1743 1875 1500 1847 
1737 1830 1654 1667 
1761 1697 1851 1539 
1667 1549 1879 1556 
1665 1556 1774 1704 
1705 1678 1582 1850 
1749 1835 1506 1877 
1764 1879 1567 1758 
1726 1776 1745 1642 
1666 1613 1859 1542 
1640 1539 1846 1618 
1680 1603 1680 1723 
1748 1761 1531 1877 
1783 1877 1525 1831 
1745 1838 1652 1752 
1669 1689 1831 1559 
1634 1564 1879 1567 
1675 1570 1774 1711 
1735 1685 1598 1846 
1787 1835 1508 1877 
1755 1863 1581 1768 
1695 1776 1761 1617 
1639 1626 1882 1553 
1657 1566 1843 1632 
1727 1630 1670 1794 
1786 1772 1530 1890 
1774 1854 1536 1837 
1704 1819 1692 1675 
1643 1688 1850 1561 
1650 1591 1873 1583 
1717 1600 1731 1734 
1780 1713 1565 1870 
1784 1820 1516 1873 
1710 1828 1630 1730 
1650 1735 1804 1583 
1641 1631 1880 1555 
1708 1611 1789 1677 
1770 1676 1611 1834 
1783 1777 1520 1887 
1725 1814 1593 1788 
1658 1759 1762 1620 
1647 1672 1870 1550 
1699 1625 1825 1632 
1766 1660 1661 1792 
1780 1737 1532 1884 
1733 1790 1564 1823 
1662 1765 1714 1665 
1641 1696 1851 1559 
1693 1646 1842 1603 
1760 1659 1701 1748 
1780 1718 1561 1864 
1734 1765 1547 1843 
1671 1756 1682 1707 
1646 1712 1832 1581 
1686 1668 1854 1578 
1752 1666 1731 1704 
1780 1708 1586 1837 
1741 1749 1549 1853 
1680 1749 1651 1744 
1651 1719 1803 1611 
1685 1684 1857 1579 
1747 1675 1764 1672 
1778 1704 1614 1808 
1750 1737 1551 1855 
1683 1748 1631 1771 
1649 1721 1773 1647 
1678 1689 1853 1589 
1741 1686 1788 1652 
1772 1703 1640 1777 
1752 1732 1554 1846 
1692 1738 1605 1798 
1646 1719 1741 1672 
1664 1699 1837 1596 
1726 1692 1804 1634 
1774 1707 1670 1739 
1758 1723 1560 1830 
1705 1733 1586 1811 
1656 1721 1720 1707 
1660 1702 1831 1619 
1713 1697 1821 1625 
1762 1703 1700 1717 
1764 1718 1580 1806 
1714 1727 1568 1818 
1661 1726 1687 1738 
1659 1714 1812 1644 
1700 1704 1830 1619 
1757 1704 1730 1691 
1769 1714 1601 1780 
1726 1718 1567 1806 
1674 1714 1656 1755 
1658 1713 1789 1665 
1692 1713 1838 1625 
1744 1708 1756 1665 
1766 1709 1626 1752 
1742 1707 1568 1804 
1690 1705 1633 1772 
1663 1706 1757 1693 
1684 1713 1831 1637 
1734 1718 1783 1653 
1761 1718 1654 1725 
1745 1706 1576 1790 
1701 1699 1613 1783 
1663 1701 1726 1714 
1672 1717 1815 1657 
1720 1728 1793 1652 
1757 1728 1686 1706 
1738 1705 1593 1764 
1718 1704 1597 1794 
1665 1693 1700 1733 
1679 1714 1785 1681 
1707 1728 1805 1650 
1745 1733 1716 1686 
1740 1717 1679 1733 
1708 1690 1583 1774 
1676 1685 1672 1748 
1680 1699 1741 1704 
1699 1724 1802 1654 
1739 1734 1726 1683 
1739 1730 1682 1721 
1722 1703 1594 1769 
1689 1688 1659 1761 
1685 1700 1718 1717 
1697 1720 1803 1661 
1735 1730 1745 1667 
1721 1710 1699 1697 
1723 1703 1605 1757 
1688 1685 1647 1754 
1685 1689 1727 1723 
1697 1713 1789 1675 
1730 1727 1751 1669 
1736 1769 1675 1698 
1728 1713 1621 1748 
1697 1699 1644 1762 
1677 1634 1711 1715 
1702 1708 1799 1694 
1720 1717 1751 1672 
1733 1814 1692 1686 
1723 1713 1623 1728 
1697 1702 1634 1755 
1677 1622 1702 1746 
1689 1701 1760 1706 
1711 1711 1759 1673 
1738 1818 1701 1667 
1718 1706 1628 1709 
1695 1702 1631 1741 
1685 1657 1686 1758 
1567 1701 1751 1689 
1708 1707 1774 1680 
1742 1724 1703 1649 
1721 1709 1640 1710 
1702 1708 1636 1730 
1649 1705 1675 1742 
1683 1705 1728 1725 
1696 1708 1756 1683 
1723 1708 1710 1676 
1725 1707 1660 1700 
1723 1717 1649 1739 
1690 1705 1676 1746 
1689 1707 1726 1726 
1745 1597 1745 1709 
1733 1715 1736 1677 
1728 1712 1667 1703 
1728 1713 1665 1731 
1706 1715 1672 1751 
1690 1713 1721 1730 
1697 1706 1737 1705 
1714 1705 1727 1678 
1724 1700 1685 1687 
1732 1717 1663 1723 
1703 1713 1663 1739 
1703 1725 1707 1739 
1691 1709 1728 1709 
1711 1722 1678 1747 
1709 1705 1700 1669 
1721 1701 1668 1712 
1705 1713 1658 1713 
1707 1728 1699 1748 
1691 1709 1725 1713 
1708 1703 1726 1721 
1705 1688 1704 1678 
1731 1705 1676 1717 
1708 1709 1674 1693 
1709 1727 1696 1751 
1693 1708 1725 1724 
1702 1704 1733 1662 
1709 1695 1661 1680 
1707 1705 1683 1708 
1724 1708 1667 1741 
1706 1725 1699 1744 
1694 1711 1715 1729 
1704 1716 1729 1700 
1702 1693 1714 1682 
1723 1699 1684 1706 
1701 1701 1678 1725 
1705 1713 1653 1759 
1691 1720 1722 1731 
1698 1715 1725 1706 
1633 1699 1726 1685 
1735 1715 1713 1717 
1713 1690 1690 1717 
1719 1723 1623 1762 
1702 1719 1724 1733 
1702 1716 1726 1710 
1710 1700 1715 1689 
1715 1695 1696 1695 
1713 1705 1687 1709 
1715 1716 1670 1745 
1701 1720 1709 1734 
1703 1713 1712 1718 
1704 1708 1714 1683 
1742 1622 1692 1713 
1721 1718 1707 1718 
1710 1696 1672 1732 
1710 1725 1710 1741 
1709 1721 1710 1724 
1705 1705 1715 1695 
1711 1694 1698 1693 
1712 1698 1691 1701 
1709 1682 1685 1733 
1700 1723 1709 1726 
1704 1712 1702 1722 
1708 1711 1718 1697 
1718 1703 1707 1695 
1728 1647 1640 1705 
1727 1713 1695 1740 
1705 1730 1706 1729 
1708 1716 1710 1723 
1698 1725 1712 1691 
1704 1691 1698 1695 
1713 1700 1699 1700 
1708 1708 1689 1720 
1713 1721 1694 1730 
1707 1716 1700 1729 
1708 1713 1719 1709 
1712 1702 1709 1702 
1713 1703 1709 1622 
1700 1699 1739 1718 
1715 1731 1703 1721 
1704 1707 1699 1736 
1723 1721 1710 1716 
1703 1698 1707 1702 
1715 1707 1711 1700 
1666 1702 1693 1721 
1718 1730 1708 1724 
1712 1716 1694 1729 
1739 1715 1710 1697 
1701 1691 1693 1700 
1705 1696 1704 1695 
1676 1708 1694 1679 
1719 1725 1682 1733 
1722 1709 1705 1734 
1709 1723 1702 1727 
1703 1701 1704 1704 
1711 1704 1704 1698 
1711 1703 1698 1710 
1708 1705 1695 1715 
1713 1715 1696 1722 
1707 1711 1704 1714 
1711 1708 1711 1708 
1711 1701 1710 1705 
1712 1709 1706 1709 
1648 1709 1691 1755 
1720 1722 1714 1733 
1718 1726 1703 1740 
1704 1709 1714 1708 
1716 1715 1710 1719 
1707 1700 1707 1710 
1723 1718 1706 1726 
1710 1707 1692 1723 
1714 1708 1698 1767 
1691 1685 1706 1698 
1697 1693 1700 1700 
1699 1695 1701 1696 
1712 1721 1691 1714 
1729 1615 1692 1725 
1712 1723 1691 1728 
1694 1682 1725 1702 
1692 1701 1701 1705 
1699 1695 1695 1705 
1707 1708 1648 1718 
1718 1717 1699 1726 
1706 1713 1695 1714 
1692 1709 1792 1698 
1695 1693 1687 1701 
1699 1697 1698 1706 
1720 1705 1640 1721 
1723 1719 1703 1725 
1698 1672 1634 1734 
1716 1727 1710 1704 
1701 1712 1701 1715 
1710 1699 1712 1715 
1712 1706 1713 1710 
1715 1709 1698 1718 
1713 1712 1697 1716 
1713 1717 1698 1716 
1701 1711 1710 1710 
1705 1710 1708 1719 
1709 1710 1711 1716 
1715 1713 1705 1712 
1716 1712 1693 1712 
1725 1749 1648 1724 
1705 1718 1708 1734 
1702 1707 1710 1717 
1709 1708 1713 1721 
1713 1716 1706 1715 
1716 1718 1698 1714 
1709 1717 1693 1714 
1703 1714 1700 1719 
1703 1710 1708 1721 
1710 1705 1708 1718 
1718 1712 1705 1715 
1720 1716 1700 1710 
1711 1713 1698 1646 
1711 1701 1690 1723 
1708 1714 1711 1722 
1706 1704 1715 1724 
1717 1715 1702 1711 
1719 1718 1702 1707 
1714 1716 1696 1709 
1700 1711 1698 1710 
1700 1705 1704 1717 
1709 1703 1712 1718 
1719 1709 1708 1711 
1723 1713 1699 1707 
1713 1719 1696 1708 
1698 1715 1695 1675 
1709 1720 1702 1728 
1710 1695 1714 1727 
1720 1716 1708 1717 
1723 1715 1702 1711 
1714 1719 1693 1711 
1701 1724 1694 1716 
1699 1713 1704 1719 
1702 1704 1706 1719 
1715 1704 1705 1718 
1723 1711 1703 1710 
1716 1721 1695 1702 
1708 1716 1695 1711 
1636 1712 1698 1718 
1711 1708 1723 1726 
1717 1712 1703 1723 
1725 1708 1710 1714 
1716 1720 1700 1713 
1712 1717 1702 1708 
1698 1714 1701 1719 
1701 1706 1711 1720 
1713 1705 1712 1716 
1720 1703 1701 1711 
1718 1709 1697 1707 
1708 1715 1693 1708 
1698 1710 1695 1711 
1637 1652 1706 1702 
1714 1710 1716 1720 
1717 1705 1713 1718 
1719 1706 1693 1712 
1713 1714 1702 1714 
1703 1721 1698 1715 
1700 1710 1701 1721 
1704 1705 1706 1718 
1712 1701 1706 1716 
1712 1706 1700 1708 
1704 1712 1703 1702 
1715 1713 1689 1722 
1698 1711 1704 1710 
1777 1615 1652 1742 
1714 1712 1730 1713 
1712 1718 1699 1713 
1694 1696 1739 1691 
1701 1711 1677 1710 
1705 1712 1696 1721 
1718 1720 1712 1733 
1708 1710 1716 1714 
1711 1700 1704 1711 
1695 1701 1703 1700 
1696 1698 1686 1706 
1700 1709 1695 1714 
1711 1702 1700 1725 
1771 1676 1717 1725 
1717 1716 1718 1716 
1704 1768 1712 1703 
1698 1698 1682 1703 
1702 1699 1697 1709 
1708 1669 1697 1725 
1715 1719 1714 1719 
1712 1710 1703 1708 
1700 1790 1695 1688 
1697 1686 1682 1706 
1703 1701 1696 1708 
1714 1674 1694 1728 
1717 1720 1719 1719 
1737 1728 1742 1719 
1697 1755 1713 1669 
1690 1693 1676 1708 
1708 1701 1700 1707 
1711 1714 1702 1727 
1722 1717 1708 1728 
1714 1712 1705 1718 
1725 1711 1704 1705 
1693 1692 1689 1703 
1700 1703 1694 1710 
1671 1711 1707 1708 
1723 1724 1708 1716 
1717 1712 1702 1712 
1834 1697 1637 1729 
1687 1700 1699 1692 
1695 1698 1696 1711 
1633 1703 1694 1711 
1717 1713 1713 1722 
1722 1721 1711 1717 
1812 1710 1695 1713 
1687 1688 1679 1699 
1692 1693 1681 1702 
1640 1698 1693 1711 
1716 1718 1717 1716 
1716 1719 1716 1717 
1759 1713 1702 1715 
1699 1670 1619 1717 
1701 1702 1697 1696 
1696 1702 1691 1703 
1713 1710 1718 1712 
1723 1719 1716 1722 
1719 1712 1704 1795 
1696 1703 1692 1700 
1690 1694 1678 1703 
1695 1696 1690 1712 
1706 1698 1702 1718 
1714 1711 1716 1711 
1715 1714 1706 1723 
1714 1720 1711 1756 
1710 1724 1733 1726 
1690 1713 1707 1718 
1718 1702 1706 1720 
1711 1716 1712 1715 
1721 1708 1708 1719 
1713 1713 1708 1719 
1710 1715 1698 1722 
1704 1711 1701 1714 
1709 1709 1700 1716 
1714 1706 1708 1712 
1722 1714 1713 1710 
1712 1711 1701 1716 
1710 1711 1699 1652 
1712 1718 1740 1725 
1724 1701 1686 1720 
1706 1699 1719 1708 
1727 1713 1708 1714 
1708 1709 1716 1710 
1713 1717 1697 1724 
1705 1710 1697 1715 
1723 1716 1659 1731 
1709 1705 1712 1708 
1711 1708 1713 1706 
1690 1689 1755 1695 
1703 1701 1688 1707 
1702 1705 1688 1671 
1733 1739 1679 1732 
1726 1714 1724 1712 
1712 1705 1708 1712 
1713 1711 1712 1706 
1711 1709 1694 1731 
1700 1716 1703 1709 
1702 1678 1689 1722 
1713 1719 1715 1713 
1714 1715 1711 1715 
1701 1702 1707 1705 
1706 1708 1696 1720 
1703 1709 1698 1717 
1648 1701 1695 1634 
1716 1728 1692 1719 
1707 1698 1707 1731 
1708 1730 1710 1702 
1711 1701 1698 1727 
1704 1714 1704 1708 
1724 1714 1689 1731 
1711 1722 1714 1712 
1717 1711 1701 1718 
1703 1706 1705 1701 
1702 1698 1696 1710 
1708 1705 1698 1709 
1711 1714 1699 1712 
1635 1708 1698 1760 
1716 1716 1714 1721 
1755 1704 1712 1723 
1704 1699 1701 1708 
1706 1706 1706 1711 
1715 1711 1695 1722 
1707 1706 1698 1716 
1713 1716 1700 1716 
1760 1703 1700 1710 
1693 1692 1689 1712 
1709 1706 1703 1712 
1714 1714 1704 1710 
1711 1711 1694 1714 
1670 1694 1702 1727 
1742 1721 1721 1718 
1698 1706 1691 1709 
1714 1713 1714 1717 
1708 1712 1700 1713 
1722 1723 1705 1714 
1711 1710 1694 1719 
1705 1707 1698 1731 
1695 1702 1700 1703 
1703 1699 1701 1712 
1704 1706 1704 1705 
1715 1707 1695 1712 
1715 1711 1697 1710 
1823 1658 1697 1718 
1717 1721 1710 1728 
1713 1711 1696 1710 
1710 1706 1712 1702 
1728 1726 1700 1722 
1706 1705 1703 1715 
1718 1720 1700 1721 
1701 1704 1706 1715 
1707 1714 1714 1715 
1703 1704 1708 1706 
1717 1712 1709 1708 
1715 1705 1697 1712 
1716 1714 1702 1713 
1654 1641 1694 1729 
1712 1715 1713 1717 
1713 1704 1705 1707 
1708 1717 1707 1706 
1719 1709 1695 1714 
1710 1713 1698 1717 
1709 1715 1696 1718 
1700 1701 1698 1713 
1704 1706 1708 1711 
1709 1706 1707 1711 
1711 1709 1703 1708 
1710 1709 1691 1715 
1707 1711 1692 1719 
1723 1672 1702 1731 
1708 1713 1715 1708 
1717 1706 1714 1712 
1707 1715 1707 1711 
1717 1710 1703 1718 
1699 1709 1695 1715 
1710 1708 1696 1716 
1708 1704 1703 1709 
1713 1700 1707 1713 
1714 1714 1713 1713 
1714 1714 1700 1719 
1694 1768 1697 1706 
1692 1693 1680 1707 
1680 1597 1621 1716 
1713 1656 1713 1697 
1714 1721 1707 1727 
1711 1713 1714 1708 
1698 1801 1703 1702 
1686 1692 1679 1695 
1699 1698 1690 1707 
1713 1640 1702 1717 
1721 1719 1721 1713 
1712 1707 1705 1718 
1702 1723 1705 1704 
1698 1700 1687 1710 
1706 1712 1700 1703 
1733 1684 1661 1729 
1722 1723 1723 1725 
1713 1713 1707 1713 
1708 1707 1710 1716 
1705 1710 1690 1718 
1708 1707 1704 1709 
1709 1703 1693 1711 
1708 1703 1708 1713 
1714 1712 1707 1723 
1703 1710 1707 1712 
1704 1708 1698 1714 
1700 1704 1696 1713 
1711 1708 1703 1638 
1723 1708 1764 1721 
1715 1719 1715 1716 
1706 1707 1712 1726 
1703 1716 1699 1709 
1703 1706 1699 1708 
1706 1705 1703 1706 
1710 1706 1705 1710 
1714 1711 1708 1713 
1712 1711 1708 1716 
1706 1711 1700 1711 
1702 1705 1696 1708 
1710 1705 1701 1706 
1623 1705 1707 1609 
1725 1719 1693 1724 
1714 1696 1714 1725 
1706 1722 1699 1719 
1708 1708 1703 1712 
1704 1705 1695 1708 
1712 1705 1704 1710 
1717 1706 1708 1714 
1710 1711 1706 1714 
1706 1709 1698 1715 
1706 1710 1703 1715 
1703 1708 1702 1706 
1707 1702 1699 1704 
1671 1678 1708 1699 
1725 1715 1730 1727 
1711 1715 1699 1715 
1704 1706 1706 1715 
1702 1708 1692 1705 
1704 1699 1708 1700 
1720 1708 1699 1715 
1705 1702 1708 1708 
1719 1713 1683 1727 
1703 1715 1709 1716 
1700 1712 1701 1708 
1696 1702 1704 1693 
1718 1707 1697 1709 
1702 1651 1710 1731 
1725 1720 1642 1739 
1705 1717 1714 1713 
1696 1716 1692 1713 
1693 1693 1755 1689 
1703 1690 1690 1705 
1714 1703 1703 1709 
1723 1719 1671 1731 
1705 1717 1715 1719 
1699 1713 1700 1705 
1678 1688 1716 1687 
1704 1690 1686 1702 
1710 1699 1700 1707 
1730 1645 1643 1726 
1718 1731 1715 1721 
1697 1715 1696 1716 
1701 1741 1710 1693 
1696 1689 1682 1700 
1712 1695 1700 1711 
1711 1669 1703 1728 
1708 1723 1717 1719 
1701 1716 1697 1718 
1693 1800 1697 1694 
1699 1691 1683 1700 
1711 1697 1699 1702 
1726 1653 1700 1737 
1730 1746 1695 1741 
1698 1718 1710 1728 
1697 1750 1706 1684 
1692 1690 1681 1700 
1707 1700 1699 1702 
1725 1707 1697 1725 
1714 1712 1704 1724 
1699 1711 1706 1715 
1713 1713 1701 1698 
1693 1694 1688 1699 
1706 1698 1697 1698 
1684 1701 1696 1707 
1718 1721 1705 1688 
1718 1736 1699 1737 
1802 1708 1711 1718 
1683 1697 1691 1700 
1713 1702 1696 1701 
1671 1708 1700 1714 
1730 1718 1706 1724 
1706 1712 1702 1723 
1765 1708 1699 1707 
1691 1692 1683 1706 
1705 1702 1700 1698 
1718 1704 1702 1722 
1731 1724 1722 1716 
1665 1710 1701 1774 
1702 1721 1718 1714 
1688 1702 1675 1701 
1712 1702 1697 1694 
1713 1703 1700 1702 
1725 1708 1709 1721 
1711 1717 1714 1724 
1705 1712 1705 1770 
1687 1698 1696 1699 
1704 1701 1694 1705 
1716 1706 1701 1676 
1734 1720 1702 1724 
1712 1711 1704 1724 
1736 1656 1699 1827 
1688 1703 1713 1700 
1707 1704 1708 1711 
1709 1707 1701 1638 
1732 1715 1710 1725 
1710 1717 1704 1721 
1709 1710 1702 1803 
1676 1685 1693 1699 
1691 1695 1686 1698 
1708 1703 1693 1680 
1725 1723 1709 1716 
1718 1713 1704 1719 
1703 1707 1697 1722 
1697 1664 1651 1714 
1696 1710 1694 1712 
1701 1701 1691 1704 
1723 1713 1683 1716 
1724 1719 1711 1725 
1705 1701 1708 1717 
1693 1697 1774 1701 
1695 1697 1687 1700 
1700 1700 1696 1702 
1713 1701 1703 1708 
1723 1714 1709 1718 
1711 1705 1707 1719 
1707 1716 1707 1649 
1710 1724 1702 1722 
1728 1713 1719 1714 
1720 1707 1711 1716 
1727 1712 1709 1714 
1714 1707 1707 1721 
1708 1713 1702 1716 
1707 1709 1702 1718 
1709 1714 1707 1709 
1718 1710 1703 1713 
1714 1709 1705 1709 
1717 1714 1706 1716 
1707 1710 1704 1713 
1636 1711 1704 1676 
1715 1717 1722 1718 
1719 1723 1708 1720 
1723 1708 1707 1712 
1710 1711 1709 1712 
1709 1703 1702 1716 
1709 1706 1704 1717 
1711 1707 1699 1708 
1711 1705 1700 1711 
1716 1709 1707 1716 
1715 1709 1707 1714 
1709 1704 1700 1713 
1708 1704 1698 1715 
1663 1641 1703 1733 
1721 1714 1714 1714 
1715 1713 1719 1714 
1708 1712 1700 1715 
1717 1712 1712 1713 
1709 1707 1702 1714 
1707 1703 1707 1710 
1698 1708 1702 1713 
1713 1719 1712 1710 
1710 1703 1698 1716 
1705 1713 1705 1708 
1706 1705 1695 1719 
1704 1712 1704 1712 
1691 1766 1626 1728 
1716 1733 1723 1721 
1699 1706 1691 1713 
1716 1713 1715 1710 
1705 1704 1692 1718 
1706 1707 1708 1709 
1706 1703 1688 1721 
1714 1725 1714 1714 
1703 1708 1700 1711 
1709 1707 1704 1712 
1707 1704 1701 1715 
1709 1711 1705 1711 
1707 1704 1705 1622 
1728 1731 1690 1723 
1716 1705 1709 1713 
1714 1716 1711 1736 
1700 1698 1700 1697 
1717 1714 1705 1715 
1706 1701 1702 1665 
1723 1726 1704 1723 
1702 1708 1699 1721 
1705 1713 1704 1731 
1695 1698 1696 1708 
1712 1714 1702 1713 
1701 1700 1697 1717 
1681 1711 1712 1734 
1720 1717 1724 1728 
1708 1720 1700 1714 
1696 1691 1703 1703 
1707 1707 1694 1712 
1710 1708 1705 1713 
1704 1705 1702 1712 
1711 1706 1703 1714 
1709 1710 1702 1712 
1707 1710 1703 1715 
1706 1705 1698 1711 
1708 1707 1699 1709 
1710 1704 1700 1718 
1710 1637 1641 1726 
1718 1723 1712 1717 
1693 1723 1705 1708 
1713 1710 1701 1720 
1703 1713 1707 1711 
1710 1711 1700 1717 
1702 1703 1698 1712 
1711 1716 1704 1717 
1705 1708 1702 1709 
1706 1710 1701 1707 
1707 1704 1696 1714 
1713 1712 1703 1718 
1708 1704 1703 1643 
1726 1721 1737 1729 
1697 1716 1706 1722 
1714 1716 1704 1714 
1703 1709 1704 1715 
1705 1705 1699 1716 
1709 1708 1703 1723 
1708 1713 1707 1713 
1708 1711 1700 1711 
1704 1709 1702 1713 
1709 1713 1701 1715 
1704 1705 1704 1708 
1708 1706 1701 1709 
1706 1682 1698 1725 
1718 1719 1705 1721 
1707 1708 1706 1720 
1708 1710 1698 1709 
1704 1708 1708 1717 
1707 1708 1705 1718 
1709 1704 1708 1715 
1708 1706 1701 1714 
1709 1711 1703 1712 
1707 1712 1702 1713 
1708 1706 1705 1713 
1709 1705 1699 1713 
1707 1701 1701 1719 
1778 1780 1701 1713 
1690 1705 1700 1704 
1700 1701 1701 1703 
1633 1704 1692 1712 
1713 1710 1710 1717 
1709 1714 1712 1717 
1802 1701 1696 1710 
1688 1691 1685 1699 
1696 1699 1693 1702 
1638 1701 1695 1708 
1711 1708 1711 1715 
1712 1710 1713 1714 
1750 1704 1708 1631 
1701 1698 1657 1706 
1682 1697 1702 1705 
1709 1705 1699 1703 
1707 1707 1715 1716 
1710 1711 1709 1710 
1708 1705 1699 1712 
1702 1704 1700 1708 
1706 1708 1701 1707 
1705 1701 1696 1713 
1710 1711 1702 1715 
1709 1711 1700 1718 
1703 1714 1705 1713 
1632 1705 1696 1709 
1716 1724 1721 1715 
1713 1706 1709 1718 
1703 1720 1702 1712 
1708 1706 1706 1717 
1707 1707 1704 1714 
1708 1710 1706 1715 
1705 1707 1705 1710 
1706 1704 1703 1706 
1711 1705 1701 1713 
1713 1705 1710 1715 
1711 1703 1704 1713 
1708 1701 1699 1714 
1694 1620 1644 1719 
1714 1716 1713 1717 
1716 1708 1709 1707 
1706 1711 1701 1714 
1711 1712 1705 1713 
1707 1710 1708 1710 
1706 1706 1697 1708 
1705 1707 1697 1712 
1714 1711 1702 1715 
1709 1709 1705 1711 
1706 1707 1699 1711 
1709 1710 1702 1714 
1708 1712 1706 1636 
1722 1717 1731 1718 
1692 1714 1712 1716 
1721 1709 1699 1722 
1703 1712 1711 1712 
1714 1711 1706 1721 
1700 1709 1711 1712 
1704 1712 1707 1712 
1696 1736 1700 1707 
1696 1697 1688 1706 
1703 1699 1698 1710 
1706 1687 1697 1726 
1705 1716 1713 1712 
1764 1699 1699 1715 
1714 1775 1709 1702 
1705 1707 1683 1719 
1710 1708 1698 1714 
1705 1680 1702 1718 
1706 1711 1710 1710 
1706 1707 1705 1716 
1695 1762 1705 1689 
1697 1684 1684 1699 
1707 1702 1694 1708 
1725 1710 1703 1729 
1716 1717 1720 1713 
1705 1703 1699 1712 
1722 1731 1645 1700 
1701 1703 1697 1721 
1700 1707 1707 1707 
1687 1708 1708 1715 
1715 1723 1706 1716 
1711 1714 1703 1717 
1775 1706 1697 1705 
1690 1687 1687 1699 
1705 1704 1694 1706 
1658 1704 1696 1711 
1720 1717 1706 1721 
1706 1701 1704 1716 
1719 1708 1704 1591 
1696 1689 1686 1712 
1701 1702 1705 1716 
1702 1708 1692 1726 
1725 1720 1720 1725 
1711 1711 1710 1711 
1709 1709 1708 1700 
1693 1690 1684 1704 
1713 1705 1704 1713 
1712 1712 1704 1711 
1717 1713 1707 1718 
1709 1705 1697 1716 
1707 1708 1704 1762 
1677 1656 1696 1707 
1704 1706 1700 1717 
1707 1698 1690 1660 
1720 1710 1701 1728 
1711 1716 1711 1707 
1708 1707 1698 1755 
1695 1694 1699 1706 
1712 1706 1692 1717 
1710 1705 1707 1654 
1723 1715 1703 1726 
1705 1711 1711 1716 
1711 1714 1705 1751 
1686 1685 1678 1623 
1717 1724 1673 1711 
1707 1708 1704 1715 
1726 1725 1719 1721 
1705 1711 1711 1716 
1711 1707 1703 1712 
1703 1699 1707 1701 
1705 1704 1697 1709 
1709 1704 1699 1719 
1716 1706 1683 1726 
1707 1706 1706 1714 
1709 1706 1698 1715 
1695 1704 1762 1696 
1633 1659 1690 1688 
1713 1711 1703 1723 
1721 1713 1648 1740 
1710 1719 1713 1712 
1710 1712 1703 1714 
1693 1704 1748 1698 
1704 1699 1690 1707 
1706 1703 1703 1716 
1723 1716 1688 1730 
1710 1717 1715 1716 
1706 1713 1702 1706 
1685 1698 1694 1695 
1704 1702 1689 1707 
1718 1681 1635 1719 
1722 1706 1710 1711 
1715 1717 1714 1724 
1717 1712 1708 1721 
1706 1754 1707 1698 
1700 1694 1685 1702 
1708 1701 1698 1711 
1716 1693 1707 1730 
1709 1715 1717 1712 
1712 1706 1698 1716 
1709 1713 1706 1707 
1713 1712 1701 1714 
1646 1709 1705 1649 
1724 1676 1714 1741 
1717 1725 1729 1722 
1719 1717 1702 1723 
1692 1755 1708 1687 
1700 1698 1689 1706 
1703 1712 1700 1707 
1715 1713 1701 1724 
1719 1721 1711 1717 
1706 1704 1697 1715 
1713 1719 1703 1719 
1711 1710 1700 1721 
1712 1717 1707 1717 
1665 1746 1606 1718 
1726 1729 1711 1728 
1714 1717 1709 1725 
1797 1714 1707 1709 
1693 1699 1685 1705 
1707 1712 1698 1710 
1716 1715 1701 1722 
1714 1715 1703 1716 
1713 1711 1697 1720 
1719 1716 1707 1716 
1699 1705 1696 1714 
1711 1714 1707 1713 
1648 1703 1696 1646 
1729 1732 1705 1724 
1720 1709 1707 1725 
1709 1715 1703 1715 
1702 1703 1688 1708 
1711 1706 1701 1707 
1713 1708 1703 1718 
1719 1713 1713 1725 
1717 1708 1708 1717 
1716 1711 1708 1715 
1709 1708 1705 1713 
1713 1708 1707 1714 
1711 1703 1706 1718 
1702 1780 1717 1722 
1719 1714 1712 1719 
1708 1717 1706 1764 
1694 1700 1706 1701 
1713 1712 1701 1711 
1714 1714 1708 1716 
1707 1709 1705 1711 
1717 1713 1704 1720 
1713 1710 1707 1722 
1699 1695 1699 1696 
1718 1708 1700 1717 
1712 1709 1713 1713 
1649 1717 1707 1784 
1715 1705 1693 1718 
1714 1714 1705 1719 
1710 1711 1710 1711 
1715 1711 1705 1713 
1708 1708 1703 1708 
1723 1707 1683 1729 
1709 1708 1711 1717 
1715 1710 1698 1719 
1704 1705 1703 1709 
1720 1713 1704 1720 
1710 1712 1707 1712 
1723 1709 1693 1725 
1685 1658 1710 1715 
1729 1719 1711 1727 
1708 1706 1700 1718 
1720 1712 1704 1725 
1708 1710 1702 1715 
1721 1718 1709 1725 
1706 1710 1707 1710 
1717 1711 1701 1722 
1706 1707 1707 1711 
1717 1715 1703 1721 
1705 1707 1704 1711 
1714 1714 1706 1713 
1707 1707 1705 1644 
1728 1720 1704 1722 
1720 1746 1713 1715 
1719 1710 1700 1723 
1712 1716 1713 1712 
1713 1704 1703 1724 
1712 1718 1717 1708 
1711 1704 1697 1720 
1709 1710 1711 1711 
1719 1710 1703 1724 
1712 1709 1714 1705 
1715 1707 1698 1716 
1709 1707 1707 1715 
1683 1648 1708 1729 
1711 1710 1713 1721 
1714 1715 1704 1721 
1710 1710 1705 1722 
1714 1719 1707 1713 
1709 1711 1701 1716 
1710 1715 1707 1716 
1711 1709 1706 1721 
1714 1712 1708 1717 
1709 1710 1702 1715 
1708 1711 1707 1707 
1710 1714 1706 1713 
1709 1711 1703 1669 
1719 1718 1678 1725 
1711 1717 1708 1718 
1713 1713 1700 1717 
1713 1714 1705 1718 
1710 1717 1706 1715 
1707 1713 1705 1716 
1710 1715 1710 1721 
1710 1714 1710 1718 
1710 1711 1707 1718 
1710 1709 1702 1719 
1712 1711 1705 1717 
1709 1713 1705 1715 
1692 1776 1614 1713 
1712 1716 1705 1720 
1711 1714 1707 1723 
1714 1716 1705 1717 
1709 1709 1698 1715 
1711 1710 1701 1717 
1713 1712 1705 1817 
1692 1698 1706 1697 
1706 1701 1688 1712 
1708 1707 1694 1642 
1717 1718 1701 1717 
1713 1714 1702 1720 
1721 1709 1700 1840 
1690 1684 1700 1703 
1701 1702 1688 1702 
1711 1708 1692 1681 
1724 1733 1704 1718 
1715 1719 1706 1715 
1709 1710 1700 1723 
1692 1680 1711 1707 
1698 1702 1695 1701 
1707 1705 1690 1709 
1712 1714 1681 1713 
1718 1718 1708 1721 
1709 1707 1709 1717 
1702 1776 1621 1709 
1717 1708 1703 1725 
1711 1718 1709 1707 
1712 1711 1698 1717 
1712 1717 1712 1713 
1717 1721 1710 1722 
1706 1707 1708 1714 
1712 1707 1705 1720 
1711 1709 1705 1713 
1713 1714 1705 1709 
1709 1708 1706 1713 
1715 1711 1709 1718 
1646 1710 1710 1747 
1716 1707 1715 1718 
1714 1714 1707 1718 
1712 1713 1707 1715 
1714 1716 1706 1709 
1715 1717 1708 1716 
1712 1717 1708 1717 
1714 1707 1698 1720 
1708 1710 1704 1712 
1709 1666 1698 1723 
1714 1718 1717 1712 
1712 1714 1708 1714 
1707 1788 1699 1703 
1701 1714 1628 1718 
1703 1706 1702 1714 
1717 1658 1698 1731 
1718 1728 1718 1715 
1716 1719 1701 1722 
1687 1747 1702 1693 
1701 1691 1680 1716 
1706 1702 1697 1715 
1720 1709 1700 1720 
1718 1724 1711 1712 
1713 1713 1702 1715 
1729 1712 1704 1704 
1661 1689 1695 1701 
1709 1703 1697 1714 
1682 1703 1703 1713 
1721 1717 1709 1719 
1713 1712 1702 1715 
1747 1713 1710 1716 
1702 1695 1701 1714 
1712 1705 1704 1715 
1652 1708 1707 1707 
1727 1721 1708 1718 
1716 1710 1706 1712 
1779 1708 1709 1698 
1697 1687 1686 1707 
1707 1700 1746 1707 
1678 1707 1700 1730 
1721 1724 1721 1724 
1707 1712 1707 1717 
1718 1714 1710 1704 
1699 1695 1689 1711 
1707 1706 1706 1712 
1715 1708 1702 1703 
1716 1714 1701 1716 
1711 1710 1703 1711 
1712 1716 1702 1779 
1702 1701 1704 1704 
1696 1641 1697 1720 
1711 1710 1704 1660 
1723 1715 1698 1724 
1712 1714 1716 1713 
1714 1719 1711 1772 
1696 1704 1707 1701 
1705 1703 1701 1710 
1711 1707 1705 1688 
1729 1723 1711 1725 
1717 1710 1708 1710 
1711 1708 1704 1737 
1691 1683 1697 1705 
1687 1707 1697 1747 
1703 1704 1690 1710 
1722 1723 1717 1720 
1721 1718 1712 1716 
1716 1710 1708 1717 
1705 1698 1719 1704 
1710 1704 1699 1714 
1715 1712 1708 1716 
1714 1703 1661 1722 
1711 1714 1716 1711 
1714 1716 1711 1710 
1701 1715 1799 1696 
1706 1702 1697 1711 
1714 1647 1637 1713 
1722 1715 1668 1722 
1717 1720 1717 1713 
1718 1716 1707 1714 
1690 1695 1772 1696 
1704 1700 1693 1710 
1708 1707 1702 1716 
1724 1721 1713 1728 
1713 1721 1715 1710 
1711 1710 1700 1714 
1696 1716 1706 1710 
1706 1704 1696 1718 
1774 1722 1698 1708 
1713 1699 1702 1728 
1714 1718 1719 1717 
1712 1718 1711 1715 
1708 1781 1702 1708 
1703 1701 1694 1711 
1708 1710 1705 1712 
1710 1683 1706 1723 
1715 1721 1717 1714 
1713 1706 1703 1718 
1717 1722 1716 1712 
1712 1708 1703 1720 
1710 1711 1715 1672 
1723 1706 1715 1728 
1715 1720 1720 1711 
1714 1713 1711 1711 
1708 1741 1707 1684 
1696 1694 1687 1709 
1706 1710 1702 1715 
1709 1714 1702 1733 
1717 1716 1714 1714 
1718 1714 1709 1710 
1735 1721 1705 1684 
1704 1701 1691 1713 
1698 1700 1698 1709 
1666 1798 1710 1718 
1719 1715 1708 1723 
1718 1719 1713 1712 
1797 1710 1700 1712 
1702 1701 1699 1709 
1700 1700 1697 1709 
1626 1703 1696 1710 
1721 1713 1707 1725 
1719 1721 1711 1713 
1769 1713 1703 1701 
1693 1686 1674 1702 
1699 1701 1695 1710 
1659 1711 1702 1709 
1715 1716 1708 1721 
1713 1717 1711 1714 
1716 1714 1704 1721 
1711 1717 1711 1709 
1718 1715 1703 1722 
1713 1714 1711 1717 
1720 1717 1708 1719 
1714 1709 1707 1715 
1717 1713 1705 1714 
1712 1711 1705 1716 
1714 1713 1702 1716 
1713 1712 1706 1678 
1717 1708 1638 1720 
1715 1713 1708 1722 
1718 1714 1704 1717 
1717 1713 1704 1720 
1714 1715 1708 1715 
1711 1710 1708 1716 
1712 1715 1709 1722 
1715 1713 1709 1723 
1711 1713 1706 1719 
1713 1713 1704 1721 
1713 1713 1707 1717 
1711 1716 1707 1717 
1709 1693 1716 1728 
1722 1719 1710 1725 
1712 1713 1704 1725 
1710 1711 1706 1715 
1707 1709 1702 1712 
1712 1711 1707 1711 
1714 1715 1705 1713 
1710 1712 1701 1718 
1712 1713 1702 1724 
1714 1715 1704 1718 
1709 1712 1707 1706 
1711 1707 1706 1707 
1688 1665 1708 1727 
1720 1723 1729 1732 
1711 1712 1709 1730 
1707 1713 1706 1721 
1707 1705 1711 1710 
1708 1705 1717 1695 
1715 1707 1712 1707 
1717 1712 1707 1723 
1719 1720 1692 1733 
1711 1717 1697 1727 
1704 1708 1710 1707 
1709 1699 1719 1692 
1719 1699 1715 1660 
1741 1746 1730 1730 
1718 1723 1700 1746 
1707 1720 1693 1733 
1693 1708 1704 1709 
1699 1700 1723 1690 
1715 1696 1726 1696 
1729 1711 1709 1722 
1730 1730 1689 1748 
1711 1734 1685 1748 
1689 1721 1701 1713 
1686 1693 1718 1684 
1710 1691 1732 1684 
1761 1727 1661 1724 
1735 1726 1690 1749 
1717 1738 1677 1756 
1697 1729 1690 1727 
1681 1704 1720 1682 
1701 1689 1731 1676 
1733 1692 1724 1705 
1750 1717 1698 1746 
1733 1735 1674 1759 
1695 1730 1679 1731 
1677 1708 1708 1691 
1689 1685 1734 1669 
1737 1620 1733 1711 
1754 1703 1719 1742 
1740 1737 1679 1762 
1695 1745 1675 1742 
1669 1722 1697 1699 
1680 1690 1726 1673 
1715 1676 1735 1689 
1748 1695 1716 1735 
1743 1729 1689 1763 
1713 1747 1676 1747 
1675 1734 1687 1706 
1675 1706 1719 1681 
1629 1681 1735 1614 
1739 1696 1735 1727 
1741 1706 1704 1758 
1723 1737 1671 1748 
1682 1739 1685 1715 
1671 1716 1706 1685 
1697 1689 1730 1684 
1733 1682 1727 1716 
1744 1702 1708 1743 
1724 1729 1683 1750 
1691 1741 1681 1727 
1674 1729 1702 1690 
1692 1701 1719 1657 
1750 1694 1830 1720 
1726 1708 1725 1739 
1733 1707 1699 1743 
1702 1733 1686 1728 
1686 1732 1696 1699 
1690 1709 1717 1688 
1722 1691 1721 1706 
1743 1690 1719 1725 
1738 1710 1702 1743 
1703 1716 1689 1723 
1685 1729 1693 1703 
1691 1717 1710 1693 
1730 1752 1733 1727 
1750 1704 1722 1702 
1726 1706 1698 1734 
1711 1717 1699 1721 
1684 1725 1699 1710 
1673 1713 1799 1677 
1710 1700 1700 1702 
1725 1693 1711 1721 
1746 1707 1651 1747 
1718 1720 1711 1730 
1688 1717 1698 1708 
1664 1713 1749 1679 
1566 1631 1697 1710 
1736 1695 1720 1725 
1745 1685 1681 1726 
1714 1710 1705 1737 
1690 1714 1703 1709 
1663 1752 1707 1688 
1694 1702 1695 1695 
1724 1696 1700 1715 
1735 1654 1708 1728 
1722 1702 1711 1733 
1694 1706 1712 1714 
1696 1713 1709 1703 
1597 1715 1707 1663 
1719 1733 1754 1736 
1722 1712 1699 1737 
1727 1696 1706 1721 
1693 1710 1705 1713 
1693 1708 1707 1705 
1706 1722 1713 1711 
1723 1717 1710 1721 
1727 1710 1705 1730 
1721 1709 1708 1726 
1703 1707 1710 1711 
1696 1708 1710 1707 
1683 1714 1707 1674 
1729 1772 1803 1730 
1732 1691 1722 1730 
1718 1714 1703 1728 
1712 1703 1707 1712 
1701 1712 1712 1704 
1707 1711 1707 1712 
1720 1714 1709 1721 
1728 1716 1705 1725 
1719 1709 1702 1724 
1710 1710 1708 1717 
1699 1706 1710 1709 
1703 1712 1707 1789 
1732 1729 1708 1723 
1721 1736 1720 1705 
1713 1688 1707 1717 
1707 1715 1701 1714 
1704 1703 1712 1709 
1712 1723 1715 1719 
1714 1711 1707 1716 
1717 1711 1703 1747 
1711 1709 1695 1713 
1708 1710 1702 1708 
1701 1704 1701 1694 
1720 1718 1702 1716 
1716 1558 1608 1746 
1723 1730 1706 1793 
1686 1717 1683 1707 
1709 1699 1701 1710 
1699 1703 1703 1673 
1720 1716 1708 1725 
1712 1707 1706 1722 
1717 1719 1706 1778 
1693 1691 1682 1705 
1704 1707 1698 1712 
1699 1701 1700 1714 
1718 1718 1721 1721 
1653 1588 1709 1773 
1732 1716 1729 1710 
1704 1696 1698 1715 
1701 1716 1685 1709 
1705 1706 1710 1709 
1711 1714 1703 1724 
1714 1710 1716 1718 
1720 1716 1701 1720 
1710 1716 1752 1708 
1708 1712 1689 1713 
1699 1706 1697 1708 
1715 1710 1690 1729 
1678 1684 1718 1712 
1729 1717 1716 1715 
1697 1700 1761 1711 
1708 1714 1682 1709 
1709 1709 1712 1714 
1717 1714 1679 1722 
1708 1709 1722 1716 
1719 1708 1705 1729 
1700 1704 1728 1706 
1704 1713 1689 1713 
1706 1714 1705 1714 
1715 1713 1716 1713 
1726 1714 1715 1668 
1712 1727 1720 1731 
1716 1741 1691 1710 
1692 1701 1685 1711 
1702 1709 1694 1706 
1701 1661 1705 1714 
1723 1722 1716 1723 
1714 1709 1709 1722 
1715 1761 1703 1713 
1702 1697 1685 1715 
1705 1711 1702 1714 
1705 1679 1711 1721 
1710 1721 1727 1601 
1738 1768 1645 1720 
1704 1751 1711 1693 
1695 1692 1683 1721 
1707 1706 1690 1702 
1720 1693 1702 1725 
1722 1721 1713 1721 
1718 1711 1709 1722 
1713 1708 1706 1710 
1706 1701 1688 1718 
1707 1713 1700 1714 
1698 1720 1707 1705 
1714 1718 1710 1739 
1724 1758 1862 1715 
1746 1724 1723 1706 
1700 1685 1707 1723 
1706 1717 1690 1717 
1682 1715 1710 1715 
1719 1732 1717 1717 
1709 1713 1711 1716 
1778 1715 1706 1716 
1702 1698 1690 1719 
1705 1709 1699 1716 
1688 1713 1695 1723 
1717 1727 1722 1715 
1755 1793 1608 1728 
1733 1709 1714 1695 
1691 1695 1690 1725 
1712 1704 1694 1710 
1709 1709 1699 1711 
1720 1722 1715 1717 
1717 1712 1712 1719 
1709 1710 1713 1746 
1702 1697 1686 1713 
1704 1705 1691 1714 
1701 1704 1691 1678 
1710 1711 1708 1716 
1739 1725 1678 1727 
1701 1724 1705 1789 
1692 1695 1709 1707 
1692 1705 1682 1707 
1704 1703 1695 1644 
1718 1718 1703 1714 
1720 1720 1707 1716 
1714 1716 1704 1801 
1686 1699 1697 1707 
1689 1699 1681 1710 
1696 1700 1685 1715 
1717 1724 1712 1717 
1817 1597 1713 1757 
1713 1710 1718 1725 
1711 1724 1684 1716 
1701 1713 1704 1725 
1706 1706 1695 1722 
1706 1704 1708 1709 
1720 1708 1712 1713 
1720 1715 1716 1712 
1721 1717 1706 1727 
1709 1715 1703 1728 
1704 1715 1698 1727 
1704 1708 1699 1715 
1577 1793 1712 1710 
1733 1708 1733 1706 
1712 1727 1702 1723 
1713 1717 1700 1729 
1701 1718 1699 1726 
1702 1712 1702 1718 
1711 1710 1706 1708 
1723 1710 1715 1715 
1727 1718 1716 1723 
1717 1722 1705 1728 
1706 1722 1699 1733 
1698 1715 1702 1723 
1608 1708 1707 1756 
1721 1717 1756 1715 
1735 1688 1721 1715 
1715 1726 1698 1726 
1706 1714 1703 1727 
1697 1719 1694 1722 
1704 1711 1703 1711 
1716 1708 1709 1703 
1723 1709 1710 1715 
1723 1716 1707 1730 
1711 1721 1703 1733 
1697 1716 1696 1724 
1765 1715 1702 1613 
1711 1727 1716 1720 
1735 1696 1706 1702 
1721 1712 1707 1725 
1714 1719 1700 1729 
1705 1721 1698 1725 
1699 1716 1700 1714 
1710 1711 1707 1707 
1727 1705 1717 1712 
1729 1713 1715 1718 
1718 1716 1707 1728 
1701 1717 1703 1724 
1573 1718 1698 1649 
1728 1759 1684 1721 
1716 1681 1726 1720 
1724 1712 1703 1719 
1715 1706 1708 1726 
1707 1717 1700 1728 
1696 1718 1699 1718 
1702 1713 1702 1705 
1722 1709 1705 1707 
1730 1711 1713 1717 
1720 1709 1714 1727 
1702 1710 1706 1721 
1695 1712 1700 1707 
1711 1761 1810 1713 
1712 1690 1719 1714 
1718 1714 1696 1715 
1729 1703 1717 1725 
1709 1713 1709 1728 
1696 1710 1701 1719 
1696 1714 1698 1708 
1713 1722 1701 1709 
1722 1723 1710 1710 
1721 1712 1710 1723 
1710 1709 1711 1729 
1702 1710 1708 1610 
1719 1764 1648 1708 
1711 1701 1713 1698 
1713 1716 1709 1719 
1726 1715 1710 1714 
1711 1713 1713 1732 
1698 1705 1708 1722 
1698 1709 1702 1712 
1708 1709 1702 1703 
1722 1716 1705 1712 
1722 1717 1708 1719 
1714 1714 1717 1728 
1706 1707 1710 1720 
1704 1746 1877 1707 
1714 1703 1714 1692 
1714 1712 1704 1716 
1729 1717 1705 1714 
1717 1713 1714 1723 
1707 1707 1712 1721 
1701 1708 1706 1717 
1707 1710 1703 1707 
1715 1715 1700 1703 
1722 1717 1703 1715 
1718 1722 1711 1728 
1710 1713 1715 1604 
1714 1743 1814 1711 
1695 1696 1709 1721 
1721 1711 1696 1705 
1723 1717 1710 1716 
1713 1715 1702 1720 
1704 1710 1706 1726 
1705 1713 1708 1725 
1707 1707 1702 1713 
1717 1710 1699 1711 
1721 1716 1701 1714 
1716 1718 1709 1723 
1706 1709 1709 1718 
1712 1722 1645 1723 
1708 1705 1714 1720 
1716 1718 1693 1715 
1726 1716 1708 1715 
1718 1717 1709 1719 
1703 1711 1714 1721 
1704 1709 1718 1720 
1712 1706 1714 1722 
1726 1688 1702 1733 
1722 1729 1707 1721 
1716 1727 1702 1718 
1700 1785 1707 1685 
1694 1679 1667 1699 
1707 1695 1714 1700 
1720 1689 1697 1744 
1730 1726 1699 1732 
1716 1727 1694 1720 
1715 1706 1701 1672 
1685 1685 1706 1685 
1695 1677 1708 1691 
1685 1697 1699 1734 
1737 1725 1689 1749 
1720 1739 1691 1729 
1774 1715 1695 1695 
1684 1690 1676 1681 
1692 1675 1731 1683 
1650 1697 1713 1724 
1745 1731 1690 1759 
1728 1741 1681 1745 
1699 1726 1692 1711 
1676 1698 1724 1671 
1686 1676 1736 1680 
1725 1689 1728 1717 
