1954 1618 1963 1610 
1835 959 1195 1600 
1577 927 833 1725 
1410 1671 1323 1843 
1507 2500 2211 1864 
1835 2687 2719 1719 
2051 1948 2274 1558 
1981 941 1239 1549 
1635 573 551 1718 
1367 1269 941 1891 
1323 2389 2088 1888 
1727 2980 2985 1729 
2056 2393 2692 1547 
2155 1163 1421 1517 
1751 365 322 1672 
1384 793 506 1887 
1256 2064 1847 1944 
1595 3058 3121 1786 
1997 2831 3093 1547 
2169 1595 1747 1439 
1884 423 283 1602 
1484 415 241 1877 
1276 1564 1477 2001 
1469 2860 3074 1839 
1873 3108 3443 1565 
2122 2107 2214 1462 
1989 745 427 1551 
1612 255 133 1829 
1340 1076 1077 1976 
1419 2445 2886 1912 
1749 3134 3561 1626 
2028 2526 2696 1500 
2000 1213 730 1475 
1724 383 97 1765 
1453 753 712 1998 
1444 1967 2562 1968 
1654 2877 3561 1683 
1918 2753 3207 1469 
1939 1678 1136 1446 
1773 720 79 1710 
1569 670 410 1957 
1525 1556 2171 1994 
1643 2503 3553 1760 
1820 2714 3537 1497 
1848 2004 1619 1422 
1760 1120 69 1633 
1636 808 216 1928 
1620 1319 1732 2029 
1679 2106 3486 1823 
1774 2489 3550 1536 
1772 2152 2180 1419 
1703 1462 76 1586 
1657 1076 127 1865 
1701 1280 1283 2004 
1754 1835 3285 1856 
1766 2188 3548 1602 
1694 2082 2591 1434 
1637 1672 356 1549 
1638 1371 92 1810 
1727 1417 972 1980 
1822 1717 2934 1896 
1799 1934 3548 1636 
1670 1910 2965 1447 
1574 1711 730 1525 
1596 1571 79 1766 
1742 1599 655 1962 
1865 1730 2574 1900 
1849 1787 3544 1684 
1692 1758 3312 1495 
1538 1646 1137 1522 
1547 1663 62 1724 
1712 1737 398 1924 
1900 1840 2165 1924 
1903 1759 3531 1726 
1726 1649 3506 1515 
1516 1516 1558 1505 
1502 1639 55 1689 
1692 1837 224 1905 
1904 1962 1768 1920 
1939 1810 3443 1751 
1761 1560 3534 1548 
1526 1415 1981 1522 
1463 1571 95 1655 
1656 1865 125 1871 
1906 2045 1363 1924 
1980 1901 3173 1789 
1804 1571 3535 1591 
1538 1354 2380 1515 
1438 1479 418 1622 
1580 1806 89 1825 
1887 2077 986 1915 
2001 1984 2810 1808 
1900 1633 3526 1620 
1554 1347 2720 1521 
1426 1411 791 1617 
1562 1749 72 1791 
1845 2051 652 1895 
2016 2038 2412 1827 
1910 1715 3492 1654 
1585 1379 2993 1537 
1418 1381 1204 1596 
1513 1667 58 1780 
1820 2027 433 1889 
2006 2062 1991 1845 
1916 1781 3367 1663 
1631 1431 3173 1551 
1427 1363 1599 1592 
1478 1619 113 1728 
1771 1964 285 1877 
1995 2065 1609 1841 
1961 1837 3105 1745 
1674 1485 3268 1567 
1426 1357 1965 1573 
1449 1557 394 1657 
1716 1898 182 1857 
1981 2063 1246 1853 
1978 1871 2777 1815 
1721 1537 3293 1567 
1456 1372 2286 1570 
1431 1527 730 1645 
1672 1848 139 1844 
1946 2030 930 1850 
1994 1905 2433 1774 
1755 1577 3210 1584 
1494 1410 2540 1569 
1426 1501 1073 1682 
1621 1790 187 1818 
1902 1992 688 1853 
1996 1925 2082 1753 
1827 1666 3076 1616 
1548 1455 2738 1579 
1436 1498 1426 1672 
1592 1739 362 1813 
1858 1944 542 1848 
1992 1926 1754 1771 
1855 1710 2873 1631 
1594 1509 2844 1584 
1445 1509 1732 1656 
1562 1704 588 1793 
1814 1900 474 1853 
1971 1917 1468 1784 
1879 1739 2627 1654 
1637 1554 2880 1582 
1467 1528 2011 1642 
1533 1674 849 1771 
1772 1855 477 1849 
1951 1889 1224 1800 
1900 1762 2368 1670 
1672 1589 2843 1591 
1495 1550 2230 1632 
1527 1666 1121 1749 
1736 1822 543 1837 
1919 1864 1031 1812 
1906 1763 2096 1695 
1705 1618 2746 1596 
1522 1575 2391 1617 
1517 1666 1380 1729 
1701 1799 670 1826 
1890 1847 896 1822 
1907 1769 1835 1715 
1740 1645 2601 1615 
1550 1592 2493 1610 
1522 1662 1635 1709 
1673 1772 834 1812 
1859 1824 829 1816 
1899 1763 1602 1735 
1758 1669 2430 1634 
1574 1618 2538 1611 
1523 1663 1847 1686 
1654 1752 1020 1793 
1838 1802 813 1826 
1891 1762 1406 1759 
1771 1685 2241 1657 
1591 1641 2533 1622 
1535 1671 2035 1675 
1646 1733 1218 1764 
1826 1769 844 1809 
1889 1752 1247 1768 
1780 1702 2038 1678 
1604 1675 2482 1633 
1538 1687 2179 1664 
1645 1726 1421 1738 
1817 1736 919 1788 
1896 1727 1135 1771 
1791 1705 1846 1702 
1614 1695 2392 1652 
1536 1709 2275 1660 
1636 1725 1618 1718 
1814 1717 1035 1760 
1898 1695 1056 1766 
1802 1690 1658 1723 
1616 1717 2268 1682 
1520 1746 2326 1671 
1611 1745 1787 1705 
1800 1710 1164 1743 
1900 1668 1024 1756 
1821 1667 1487 1738 
1629 1712 2120 1703 
1522 1774 2335 1688 
1594 1771 1943 1697 
1784 1720 1317 1724 
1908 1649 1043 1739 
1843 1634 1363 1731 
1650 1699 1964 1718 
1515 1779 2303 1709 
1573 1798 2063 1704 
1766 1736 1479 1706 
1912 1646 1099 1717 
1873 1612 1260 1726 
1672 1671 1811 1726 
1518 1773 2233 1724 
1550 1820 2149 1715 
1739 1766 1634 1703 
1909 1658 1181 1702 
1888 1601 1201 1712 
1701 1646 1664 1730 
1519 1752 2134 1735 
1525 1827 2183 1729 
1706 1788 1774 1710 
1891 1687 1290 1691 
1901 1604 1174 1697 
1732 1633 1534 1723 
1538 1734 2026 1744 
1519 1822 2173 1753 
1675 1804 1901 1713 
1872 1700 1406 1688 
1896 1603 1201 1672 
1761 1605 1421 1712 
1564 1708 1903 1748 
1509 1796 2171 1757 
1643 1810 1986 1723 
1846 1720 1529 1684 
1919 1675 1230 1675 
1787 1608 1349 1696 
1580 1687 1777 1740 
1493 1731 2110 1763 
1619 1814 2054 1734 
1821 1736 1642 1693 
1920 1695 1294 1660 
1818 1606 1296 1692 
1620 1681 1668 1737 
1509 1721 2039 1776 
1594 1810 2090 1747 
1791 1744 1752 1699 
1891 1699 1372 1639 
1836 1611 1273 1680 
1650 1672 1574 1723 
1526 1759 1952 1777 
1572 1800 2088 1764 
1749 1747 1842 1709 
1902 1676 1470 1650 
1856 1628 1288 1668 
1684 1676 1490 1724 
1511 1755 1863 1764 
1558 1787 2060 1768 
1721 1751 1908 1717 
1969 1678 1556 1672 
1857 1636 1327 1651 
1711 1675 1428 1701 
1494 1738 1765 1761 
1557 1784 2027 1781 
1686 1746 1966 1725 
1892 1681 1655 1662 
1863 1628 1368 1649 
1743 1669 1397 1695 
1562 1738 1683 1768 
1560 1791 1981 1777 
1668 1752 1987 1738 
1819 1688 1730 1671 
1860 1632 1417 1641 
1768 1664 1386 1682 
1611 1719 1612 1732 
1561 1774 1910 1784 
1646 1766 2001 1743 
1797 1709 1794 1726 
1845 1643 1497 1646 
1778 1653 1388 1678 
1646 1712 1561 1707 
1586 1770 1841 1771 
1635 1772 1980 1751 
1772 1736 1838 1772 
1822 1663 1558 1667 
1780 1646 1398 1679 
1663 1682 1528 1686 
1607 1757 1807 1756 
1638 1773 1964 1751 
1749 1760 1863 1760 
1798 1677 1577 1702 
1769 1650 1410 1698 
1665 1645 1502 1693 
1616 1708 1781 1702 
1655 1771 1963 1713 
1747 1785 1874 1745 
1796 1737 1636 1755 
1767 1674 1413 1748 
1669 1628 1489 1691 
1626 1649 1717 1655 
1654 1723 1968 1654 
1743 1789 1906 1727 
1792 1804 1727 1798 
1759 1724 1402 1813 
1675 1646 1458 1719 
1626 1616 1699 1615 
1655 1667 1981 1581 
1742 1759 1948 1685 
1781 1811 1717 1817 
1765 1780 1398 1890 
1682 1687 1412 1784 
1638 1611 1683 1620 
1645 1603 1980 1511 
1742 1699 1993 1621 
1793 1805 1738 1813 
1785 1834 1420 1952 
1693 1754 1369 1860 
1631 1614 1610 1645 
1649 1577 1949 1473 
1731 1631 2036 1527 
1795 1801 1812 1755 
1784 1839 1462 1963 
1712 1817 1331 1938 
1633 1686 1535 1714 
1635 1589 1886 1466 
1716 1575 2050 1462 
1780 1716 1902 1669 
1786 1805 1542 1942 
1725 1857 1346 2002 
1660 1759 1456 1806 
1648 1650 1800 1519 
1696 1562 2030 1427 
1751 1642 1965 1574 
1766 1732 1635 1873 
1730 1845 1386 2005 
1677 1834 1402 1878 
1663 1726 1691 1595 
1692 1595 1959 1440 
1768 1574 1996 1528 
1744 1653 1756 1781 
1727 1786 1471 1970 
1693 1859 1395 1921 
1679 1801 1582 1692 
1696 1679 1864 1490 
1743 1579 1983 1504 
1720 1583 1840 1698 
1721 1718 1590 1899 
1662 1820 1419 1943 
1719 1867 1522 1786 
1719 1756 1746 1584 
1735 1621 1931 1489 
1694 1538 1879 1610 
1694 1623 1696 1804 
1712 1764 1503 1915 
1723 1858 1477 1845 
1743 1839 1641 1679 
1717 1704 1843 1552 
1679 1568 1902 1560 
1677 1566 1795 1714 
1692 1673 1597 1838 
1747 1828 1486 1883 
1754 1869 1556 1767 
1738 1790 1742 1618 
1679 1632 1884 1548 
1656 1549 1861 1627 
1682 1600 1697 1765 
1751 1763 1534 1885 
1762 1859 1513 1836 
1753 1858 1649 1698 
1684 1704 1821 1572 
1653 1584 1894 1568 
1661 1554 1778 1700 
1744 1689 1611 1850 
1774 1813 1505 1874 
1771 1875 1578 1773 
1691 1771 1750 1615 
1650 1640 1884 1549 
1652 1557 1846 1626 
1731 1626 1678 1793 
1775 1753 1532 1878 
1786 1857 1533 1835 
1699 1804 1749 1661 
1641 1682 1833 1551 
1647 1582 1873 1574 
1714 1592 1684 1720 
1782 1708 1577 1866 
1775 1805 1519 1868 
1705 1824 1722 1717 
1638 1722 1778 1566 
1637 1621 1867 1546 
1711 1604 1731 1677 
1773 1672 1629 1832 
1778 1764 1520 1885 
1694 1807 1625 1765 
1651 1754 1736 1614 
1637 1668 1856 1545 
1705 1630 1820 1632 
1767 1661 1672 1792 
1777 1736 1544 1877 
1731 1788 1561 1820 
1658 1764 1704 1666 
1647 1705 1847 1561 
1682 1644 1840 1597 
1756 1662 1707 1743 
1776 1713 1561 1862 
1739 1764 1549 1845 
1675 1758 1666 1712 
1647 1718 1820 1583 
1681 1685 1827 1583 
1745 1669 1741 1703 
1777 1706 1589 1837 
1741 1751 1548 1857 
1677 1755 1639 1749 
1644 1723 1789 1614 
1679 1685 1851 1579 
1740 1677 1766 1667 
1772 1700 1614 1804 
1743 1731 1539 1851 
1680 1745 1609 1774 
1640 1716 1756 1642 
1646 1646 1842 1592 
1734 1687 1795 1657 
1772 1697 1650 1761 
1748 1727 1553 1845 
1691 1737 1595 1796 
1648 1720 1735 1674 
1661 1693 1831 1596 
1721 1684 1804 1629 
1767 1696 1673 1739 
1754 1718 1565 1821 
1702 1729 1580 1807 
1653 1720 1704 1704 
1720 1686 1823 1607 
1718 1701 1826 1629 
1768 1695 1697 1705 
1764 1716 1589 1806 
1714 1719 1570 1809 
1660 1717 1675 1734 
1652 1705 1802 1646 
1691 1698 1831 1614 
1748 1701 1728 1679 
1762 1708 1605 1772 
1728 1716 1564 1807 
1668 1713 1644 1753 
1602 1709 1776 1660 
1690 1724 1847 1630 
1737 1720 1755 1660 
1763 1707 1635 1753 
1733 1713 1561 1798 
1687 1703 1622 1771 
1656 1701 1743 1691 
1677 1709 1825 1633 
1725 1716 1778 1650 
1754 1715 1662 1715 
1743 1703 1576 1779 
1699 1693 1607 1775 
1588 1699 1720 1773 
1680 1719 1815 1660 
1724 1716 1791 1649 
1746 1727 1692 1708 
1743 1706 1594 1766 
1707 1693 1590 1780 
1668 1691 1689 1737 
1668 1705 1789 1673 
1702 1722 1794 1650 
1738 1729 1713 1686 
1743 1718 1616 1747 
1707 1694 1594 1773 
1659 1685 1666 1736 
1684 1694 1762 1720 
1687 1728 1806 1649 
1738 1729 1732 1687 
1739 1727 1645 1727 
1727 1707 1601 1776 
1680 1682 1654 1755 
1684 1702 1742 1722 
1689 1711 1795 1665 
1728 1734 1750 1663 
1725 1726 1657 1697 
1722 1702 1602 1755 
1686 1682 1641 1682 
1683 1674 1785 1735 
1679 1703 1793 1686 
1731 1726 1755 1665 
1737 1789 1684 1689 
1725 1701 1614 1742 
1695 1699 1643 1758 
1675 1634 1706 1742 
1689 1702 1774 1690 
1719 1713 1753 1670 
1727 1817 1693 1673 
1720 1705 1616 1730 
1699 1706 1632 1757 
1700 1645 1656 1768 
1702 1709 1775 1702 
1701 1705 1747 1676 
1718 1740 1704 1661 
1725 1710 1634 1716 
1702 1711 1637 1744 
1685 1704 1686 1752 
1691 1705 1748 1719 
1702 1701 1755 1676 
1766 1708 1712 1671 
1720 1706 1654 1702 
1708 1715 1646 1740 
1664 1768 1589 1754 
1692 1719 1749 1719 
1709 1698 1763 1696 
1813 1708 1721 1671 
1715 1687 1653 1693 
1715 1710 1647 1732 
1653 1713 1673 1753 
1692 1720 1729 1738 
1691 1705 1745 1696 
1754 1710 1722 1661 
1708 1691 1656 1688 
1714 1709 1648 1727 
1675 1704 1644 1757 
1706 1740 1741 1760 
1696 1708 1741 1705 
1745 1705 1729 1688 
1712 1678 1655 1676 
1710 1697 1653 1706 
1710 1708 1661 1724 
1700 1721 1720 1738 
1705 1715 1741 1710 
1713 1698 1726 1738 
1710 1685 1682 1671 
1712 1691 1658 1697 
1739 1631 1661 1686 
1707 1729 1706 1749 
1701 1729 1722 1729 
1710 1701 1737 1789 
1698 1683 1697 1666 
1710 1691 1663 1699 
1710 1703 1663 1734 
1694 1713 1687 1747 
1699 1726 1729 1728 
1705 1713 1733 1701 
1718 1712 1715 1679 
1720 1703 1676 1708 
1754 1613 1678 1747 
1714 1726 1697 1748 
1701 1733 1711 1733 
1712 1714 1727 1708 
1714 1706 1711 1686 
1720 1700 1685 1698 
1712 1704 1672 1723 
1712 1714 1674 1754 
1695 1721 1713 1724 
1710 1717 1718 1713 
1706 1702 1718 1682 
1726 1706 1695 1699 
1824 1695 1677 1715 
1737 1731 1665 1763 
1707 1723 1708 1735 
1702 1721 1732 1717 
1688 1692 1757 1671 
1713 1694 1686 1688 
1710 1701 1683 1710 
1716 1717 1683 1743 
1703 1727 1709 1737 
1701 1717 1717 1718 
1700 1727 1715 1687 
1708 1694 1694 1689 
1678 1595 1686 1714 
1727 1727 1704 1741 
1716 1722 1689 1741 
1706 1724 1725 1725 
1706 1782 1717 1693 
1702 1691 1696 1687 
1710 1699 1690 1706 
1716 1704 1689 1737 
1703 1718 1700 1733 
1708 1718 1701 1732 
1696 1738 1716 1690 
1707 1698 1695 1695 
1667 1704 1695 1687 
1724 1742 1706 1747 
1717 1738 1702 1740 
1705 1722 1705 1727 
1710 1714 1715 1697 
1705 1696 1703 1693 
1716 1701 1701 1702 
1708 1712 1693 1720 
1712 1725 1695 1732 
1709 1717 1698 1732 
1713 1718 1721 1707 
1707 1697 1707 1705 
1649 1704 1712 1650 
1663 1709 1710 1720 
1726 1742 1701 1736 
1716 1719 1702 1736 
1741 1718 1714 1714 
1698 1693 1697 1694 
1714 1707 1706 1702 
1695 1701 1693 1723 
1717 1727 1702 1731 
1708 1714 1694 1730 
1728 1715 1706 1708 
1698 1697 1696 1700 
1642 1701 1703 1681 
1722 1715 1685 1726 
1706 1707 1700 1731 
1719 1723 1690 1727 
1705 1714 1708 1744 
1697 1701 1709 1702 
1704 1705 1708 1706 
1706 1703 1703 1711 
1708 1707 1689 1724 
1710 1719 1694 1728 
1709 1716 1701 1745 
1694 1698 1708 1702 
1637 1710 1710 1652 
1714 1706 1701 1670 
1723 1717 1707 1738 
1712 1719 1694 1727 
1711 1717 1707 1726 
1702 1707 1702 1707 
1707 1704 1705 1704 
1707 1697 1703 1708 
1714 1709 1699 1718 
1711 1710 1690 1724 
1711 1714 1698 1718 
1711 1708 1698 1716 
1644 1707 1714 1703 
1721 1705 1691 1720 
1714 1696 1711 1724 
1717 1723 1690 1728 
1712 1714 1698 1723 
1702 1714 1714 1708 
1716 1709 1702 1722 
1699 1699 1712 1704 
1722 1701 1659 1730 
1709 1709 1705 1718 
1707 1715 1698 1711 
1693 1701 1745 1698 
1636 1701 1695 1685 
1717 1711 1708 1719 
1709 1703 1719 1712 
1723 1710 1693 1714 
1714 1713 1697 1721 
1714 1715 1699 1715 
1706 1707 1703 1714 
1708 1706 1714 1717 
1714 1705 1711 1718 
1712 1712 1701 1713 
1708 1715 1691 1717 
1704 1713 1692 1718 
1623 1712 1698 1743 
1708 1714 1703 1723 
1697 1656 1713 1723 
1724 1720 1707 1711 
1713 1712 1698 1713 
1701 1806 1690 1698 
1685 1684 1680 1706 
1695 1696 1701 1708 
1707 1631 1701 1722 
1717 1714 1712 1716 
1720 1719 1703 1714 
1701 1770 1688 1685 
1641 1684 1673 1758 
1700 1706 1704 1716 
1710 1714 1706 1733 
1724 1717 1717 1718 
1716 1721 1707 1710 
1731 1711 1692 1685 
1686 1690 1676 1704 
1686 1688 1691 1710 
1698 1699 1702 1715 
1723 1711 1704 1719 
1717 1717 1699 1714 
1709 1717 1697 1716 
1655 1640 1697 1729 
1708 1715 1719 1729 
1711 1718 1711 1727 
1725 1715 1714 1719 
1719 1720 1703 1715 
1711 1719 1695 1710 
1699 1715 1694 1716 
1695 1707 1702 1714 
1706 1699 1702 1718 
1720 1703 1709 1718 
1724 1713 1706 1713 
1711 1717 1700 1706 
1663 1688 1699 1696 
1711 1718 1727 1724 
1712 1709 1705 1717 
1720 1704 1718 1722 
1724 1718 1702 1711 
1721 1718 1704 1706 
1703 1718 1701 1707 
1698 1707 1702 1713 
1702 1701 1704 1717 
1712 1702 1706 1714 
1721 1705 1702 1714 
1717 1716 1698 1711 
1666 1759 1697 1708 
1707 1722 1714 1724 
1703 1715 1704 1725 
1710 1702 1717 1724 
1714 1702 1702 1716 
1718 1709 1695 1713 
1711 1720 1694 1712 
1701 1718 1698 1709 
1701 1711 1700 1717 
1709 1707 1708 1718 
1718 1702 1706 1714 
1716 1703 1697 1707 
1589 1636 1693 1692 
1718 1724 1710 1724 
1717 1710 1699 1716 
1710 1707 1714 1725 
1717 1704 1708 1716 
1720 1708 1702 1711 
1712 1709 1695 1710 
1706 1713 1692 1714 
1702 1714 1700 1718 
1706 1713 1710 1714 
1711 1703 1707 1712 
1713 1702 1702 1711 
1768 1641 1700 1706 
1715 1721 1697 1722 
1711 1719 1696 1718 
1699 1718 1715 1719 
1711 1711 1698 1717 
1707 1705 1707 1705 
1718 1695 1698 1715 
1709 1715 1706 1711 
1707 1714 1698 1718 
1702 1752 1700 1706 
1703 1699 1694 1707 
1705 1697 1702 1704 
1694 1631 1703 1735 
1714 1720 1727 1710 
1707 1716 1715 1718 
1704 1810 1697 1703 
1699 1696 1689 1710 
1705 1705 1699 1704 
1710 1663 1696 1716 
1708 1716 1710 1713 
1705 1711 1698 1715 
1687 1753 1696 1690 
1695 1696 1681 1707 
1705 1706 1697 1704 
1697 1597 1620 1729 
1721 1726 1716 1704 
1701 1716 1699 1727 
1724 1708 1704 1704 
1700 1700 1693 1706 
1702 1705 1694 1705 
1677 1709 1698 1711 
1713 1717 1707 1715 
1706 1704 1697 1718 
1792 1699 1701 1713 
1693 1688 1690 1705 
1705 1707 1697 1702 
1681 1725 1639 1720 
1720 1729 1713 1733 
1704 1706 1704 1714 
1778 1698 1702 1705 
1691 1690 1682 1699 
1711 1706 1699 1707 
1719 1711 1691 1724 
1717 1717 1704 1725 
1697 1706 1704 1718 
1702 1705 1704 1708 
1693 1690 1686 1703 
1707 1708 1705 1733 
1729 1716 1661 1714 
1707 1731 1713 1732 
1711 1707 1703 1726 
1699 1709 1704 1784 
1691 1695 1698 1692 
1706 1702 1692 1704 
1714 1708 1695 1682 
1723 1720 1699 1729 
1700 1707 1699 1716 
1696 1699 1698 1804 
1684 1683 1702 1696 
1707 1700 1698 1624 
1723 1705 1758 1676 
1743 1731 1719 1732 
1706 1715 1708 1730 
1705 1712 1695 1741 
1685 1677 1685 1696 
1708 1703 1692 1702 
1712 1708 1704 1717 
1726 1729 1701 1734 
1707 1717 1701 1722 
1704 1708 1695 1717 
1678 1675 1709 1693 
1654 1691 1691 1652 
1723 1715 1686 1722 
1721 1714 1679 1725 
1712 1727 1696 1735 
1702 1708 1694 1717 
1690 1700 1768 1694 
1695 1691 1688 1695 
1705 1693 1699 1707 
1718 1704 1630 1722 
1716 1715 1702 1728 
1704 1711 1698 1718 
1681 1704 1794 1689 
1635 1688 1685 1646 
1708 1696 1707 1711 
1726 1723 1706 1730 
1726 1715 1701 1727 
1700 1710 1698 1720 
1703 1713 1696 1704 
1706 1702 1693 1705 
1711 1706 1715 1700 
1706 1698 1701 1717 
1708 1715 1706 1721 
1710 1716 1695 1725 
1704 1710 1699 1708 
1668 1694 1697 1698 
1721 1718 1727 1719 
1724 1715 1703 1717 
1711 1713 1713 1724 
1711 1717 1697 1720 
1710 1715 1696 1716 
1713 1714 1699 1710 
1712 1707 1705 1713 
1711 1709 1709 1714 
1710 1706 1705 1717 
1713 1710 1705 1715 
1711 1708 1700 1713 
1708 1670 1699 1728 
1720 1716 1712 1703 
1713 1709 1714 1721 
1716 1700 1710 1715 
1710 1702 1708 1717 
1711 1713 1697 1718 
1712 1711 1701 1714 
1711 1715 1702 1708 
1709 1707 1700 1715 
1712 1708 1708 1717 
1707 1706 1703 1715 
1707 1706 1697 1713 
1717 1770 1626 1718 
1715 1721 1706 1721 
1701 1718 1703 1714 
1711 1703 1712 1720 
1708 1708 1706 1718 
1713 1712 1709 1717 
1708 1712 1699 1713 
1709 1714 1698 1716 
1710 1712 1702 1721 
1703 1709 1710 1711 
1705 1705 1702 1713 
1708 1706 1702 1600 
1714 1719 1649 1721 
1710 1715 1704 1716 
1711 1706 1707 1716 
1713 1720 1698 1718 
1698 1698 1710 1709 
1711 1716 1705 1708 
1708 1703 1695 1710 
1718 1717 1700 1713 
1711 1706 1693 1705 
1718 1723 1703 1721 
1696 1698 1704 1708 
1739 1712 1710 1609 
1712 1703 1712 1718 
1728 1721 1703 1716 
1711 1706 1702 1724 
1721 1722 1702 1723 
1699 1700 1707 1714 
1707 1708 1705 1712 
1704 1698 1704 1707 
1717 1716 1701 1716 
1713 1714 1698 1722 
1715 1713 1695 1721 
1694 1701 1699 1707 
1675 1711 1710 1706 
1716 1711 1712 1711 
1720 1714 1712 1719 
1715 1709 1687 1715 
1727 1712 1675 1736 
1700 1711 1703 1708 
1705 1704 1705 1710 
1704 1705 1706 1706 
1719 1715 1706 1717 
1710 1710 1698 1712 
1713 1715 1689 1722 
1699 1710 1701 1707 
1680 1633 1705 1723 
1710 1711 1724 1715 
1717 1716 1697 1714 
1712 1709 1709 1725 
1710 1720 1692 1722 
1702 1708 1699 1715 
1705 1707 1702 1708 
1704 1701 1705 1709 
1712 1708 1709 1710 
1711 1706 1701 1715 
1709 1712 1702 1711 
1704 1708 1691 1713 
1718 1716 1633 1723 
1713 1733 1713 1694 
1703 1695 1704 1722 
1709 1715 1708 1708 
1715 1689 1698 1730 
1705 1719 1710 1705 
1705 1705 1694 1708 
1711 1704 1707 1709 
1712 1703 1710 1712 
1709 1704 1706 1716 
1710 1708 1700 1721 
1710 1711 1701 1618 
1715 1729 1672 1718 
1705 1707 1709 1725 
1720 1714 1700 1715 
1718 1712 1712 1721 
1711 1710 1698 1714 
1709 1709 1698 1709 
1709 1708 1697 1713 
1710 1706 1706 1708 
1712 1704 1707 1709 
1712 1705 1706 1713 
1711 1707 1703 1712 
1615 1706 1699 1765 
1715 1721 1708 1719 
1821 1695 1708 1709 
1694 1693 1696 1697 
1714 1700 1703 1703 
1656 1704 1702 1717 
1720 1716 1711 1710 
1709 1714 1703 1714 
1749 1700 1703 1702 
1695 1678 1675 1693 
1698 1691 1696 1696 
1708 1705 1699 1704 
1721 1656 1717 1738 
1718 1724 1717 1712 
1703 1711 1687 1743 
1704 1689 1689 1700 
1702 1699 1697 1700 
1707 1701 1697 1644 
1713 1709 1696 1726 
1710 1720 1710 1721 
1703 1702 1699 1710 
1705 1703 1700 1706 
1706 1703 1704 1712 
1715 1715 1707 1715 
1721 1689 1626 1734 
1722 1719 1713 1709 
1705 1709 1699 1721 
1713 1708 1705 1704 
1710 1698 1706 1714 
1713 1706 1706 1714 
1713 1716 1703 1721 
1704 1716 1703 1716 
1702 1705 1699 1712 
1707 1707 1703 1707 
1713 1709 1706 1709 
1714 1712 1708 1644 
1725 1734 1699 1731 
1698 1728 1709 1717 
1710 1709 1701 1712 
1706 1709 1706 1709 
1715 1700 1708 1703 
1715 1705 1707 1711 
1714 1715 1707 1719 
1704 1712 1703 1720 
1704 1710 1701 1709 
1706 1707 1699 1711 
1713 1707 1707 1711 
1662 1706 1705 1712 
1720 1721 1706 1722 
1702 1710 1711 1725 
1702 1719 1697 1718 
1701 1706 1708 1706 
1706 1707 1702 1705 
1716 1712 1705 1713 
1714 1716 1706 1716 
1704 1713 1698 1717 
1700 1713 1698 1720 
1702 1711 1703 1715 
1705 1705 1706 1705 
1703 1669 1701 1720 
1718 1754 1712 1726 
1712 1704 1690 1723 
1702 1720 1708 1723 
1705 1664 1692 1725 
1708 1716 1717 1716 
1717 1704 1701 1715 
1709 1714 1701 1704 
1706 1703 1686 1723 
1703 1717 1706 1714 
1715 1695 1688 1726 
1710 1720 1712 1614 
1718 1697 1747 1720 
1717 1702 1709 1700 
1699 1702 1688 1709 
1702 1706 1698 1719 
1678 1712 1700 1710 
1711 1716 1705 1711 
1716 1708 1704 1706 
1795 1703 1703 1710 
1691 1690 1692 1704 
1702 1707 1691 1714 
1647 1710 1697 1715 
1726 1719 1709 1633 
1717 1707 1715 1718 
1796 1708 1705 1703 
1696 1686 1686 1709 
1700 1706 1688 1711 
1670 1705 1692 1734 
1712 1724 1716 1728 
1704 1708 1708 1709 
1707 1709 1701 1698 
1698 1692 1677 1705 
1704 1710 1694 1711 
1704 1706 1692 1708 
1772 1751 1702 1724 
1721 1712 1708 1712 
1710 1717 1706 1772 
1703 1698 1692 1695 
1699 1703 1690 1711 
1703 1704 1695 1664 
1706 1713 1699 1724 
1708 1715 1714 1709 
1711 1706 1706 1794 
1692 1688 1699 1689 
1699 1703 1693 1708 
1700 1703 1694 1671 
1728 1684 1637 1733 
1704 1713 1718 1707 
1718 1710 1722 1749 
1692 1686 1686 1692 
1705 1695 1696 1709 
1703 1703 1698 1714 
1715 1719 1714 1726 
1705 1711 1713 1708 
1709 1706 1706 1703 
1705 1694 1725 1698 
1707 1699 1694 1707 
1699 1697 1692 1638 
1725 1726 1686 1739 
1699 1713 1716 1727 
1712 1706 1706 1703 
1696 1706 1791 1696 
1701 1695 1685 1711 
1701 1706 1699 1715 
1707 1708 1654 1728 
1700 1715 1708 1714 
1705 1711 1707 1711 
1690 1697 1760 1689 
1703 1698 1685 1706 
1644 1702 1692 1676 
1726 1730 1726 1744 
1698 1717 1710 1725 
1711 1710 1698 1706 
1684 1708 1709 1699 
1704 1696 1689 1703 
1705 1704 1696 1709 
1709 1690 1692 1714 
1710 1717 1703 1718 
1703 1708 1698 1717 
1690 1776 1708 1698 
1693 1689 1690 1695 
1712 1625 1695 1711 
1714 1642 1708 1716 
1715 1714 1719 1727 
1705 1718 1707 1705 
1706 1799 1699 1691 
1697 1692 1682 1699 
1702 1694 1692 1699 
1713 1641 1694 1722 
1712 1712 1709 1725 
1708 1710 1712 1710 
1699 1751 1705 1680 
1694 1694 1680 1695 
1721 1674 1617 1719 
1719 1711 1709 1708 
1713 1711 1706 1733 
1707 1709 1700 1710 
1712 1709 1700 1718 
1705 1708 1706 1704 
1710 1705 1699 1708 
1708 1703 1701 1709 
1714 1714 1705 1714 
1706 1708 1704 1713 
1709 1712 1704 1711 
1708 1709 1702 1660 
1722 1718 1698 1720 
1705 1718 1709 1719 
1717 1702 1713 1717 
1708 1713 1701 1717 
1708 1711 1704 1716 
1706 1713 1704 1713 
1705 1708 1702 1710 
1707 1702 1699 1710 
1708 1704 1706 1715 
1709 1705 1705 1715 
1704 1707 1702 1712 
1658 1711 1701 1726 
1719 1725 1704 1718 
1714 1704 1717 1719 
1707 1715 1695 1714 
1713 1705 1707 1719 
1708 1715 1702 1717 
1707 1710 1701 1711 
1706 1711 1696 1715 
1709 1714 1700 1718 
1710 1713 1704 1711 
1707 1706 1698 1711 
1710 1708 1702 1715 
1741 1650 1703 1729 
1714 1726 1716 1723 
1705 1717 1691 1710 
1709 1708 1706 1719 
1709 1713 1701 1712 
1707 1706 1701 1710 
1704 1703 1703 1709 
1705 1709 1701 1715 
1707 1713 1703 1715 
1706 1710 1701 1713 
1711 1708 1702 1714 
1706 1710 1703 1713 
1710 1701 1646 1724 
1708 1715 1709 1714 
1717 1710 1711 1717 
1707 1716 1697 1715 
1715 1713 1702 1717 
1710 1706 1701 1710 
1711 1704 1701 1708 
1711 1709 1702 1715 
1710 1709 1707 1715 
1709 1707 1706 1710 
1704 1703 1702 1711 
1711 1708 1704 1634 
1717 1691 1720 1718 
1712 1712 1712 1716 
1705 1717 1701 1713 
1713 1711 1707 1717 
1711 1714 1703 1711 
1703 1704 1697 1709 
1708 1709 1701 1713 
1711 1710 1706 1714 
1709 1706 1705 1708 
1709 1708 1700 1710 
1712 1709 1703 1715 
1712 1710 1708 1658 
1718 1715 1750 1718 
1722 1705 1714 1716 
1714 1710 1703 1715 
1714 1708 1702 1715 
1710 1705 1703 1713 
1708 1703 1700 1711 
1712 1707 1703 1713 
1712 1710 1704 1716 
1708 1707 1704 1714 
1711 1707 1700 1717 
1711 1708 1700 1713 
1647 1712 1701 1662 
1716 1713 1719 1720 
1702 1723 1706 1713 
1713 1707 1700 1712 
1712 1713 1709 1716 
1707 1710 1701 1712 
1702 1703 1696 1711 
1710 1707 1704 1712 
1710 1708 1706 1710 
1704 1708 1704 1711 
1707 1709 1704 1718 
1707 1713 1704 1717 
1781 1699 1705 1707 
1714 1717 1708 1724 
1716 1704 1687 1715 
1716 1713 1712 1721 
1709 1710 1706 1713 
1707 1705 1700 1715 
1709 1707 1704 1718 
1711 1711 1705 1709 
1708 1705 1698 1708 
1707 1704 1701 1709 
1713 1711 1706 1717 
1708 1706 1707 1710 
1742 1661 1677 1719 
1714 1714 1716 1701 
1711 1712 1706 1720 
1712 1706 1703 1714 
1706 1708 1703 1715 
1710 1704 1700 1716 
1706 1710 1702 1715 
1708 1710 1702 1713 
1709 1705 1701 1708 
1710 1704 1701 1712 
1713 1709 1704 1722 
1707 1705 1705 1715 
1718 1737 1638 1725 
1715 1711 1711 1767 
1692 1684 1702 1700 
1708 1705 1693 1709 
1704 1701 1699 1675 
1718 1720 1700 1721 
1718 1714 1703 1725 
1702 1705 1703 1711 
1685 1671 1701 1696 
1701 1695 1691 1704 
1708 1703 1694 1713 
1709 1716 1670 1682 
1720 1707 1616 1724 
1707 1709 1709 1718 
1697 1698 1772 1704 
1692 1693 1690 1697 
1703 1696 1690 1710 
1715 1707 1631 1724 
1716 1718 1711 1720 
1701 1701 1700 1711 
1706 1702 1699 1712 
1710 1708 1703 1706 
1706 1701 1694 1711 
1708 1704 1703 1648 
1721 1725 1723 1724 
1707 1712 1713 1718 
1718 1712 1711 1717 
1706 1710 1708 1714 
1712 1713 1701 1715 
1711 1712 1702 1715 
1706 1711 1702 1716 
1706 1708 1699 1714 
1709 1711 1701 1716 
1711 1713 1703 1712 
1711 1709 1704 1706 
1650 1709 1699 1772 
1717 1708 1701 1719 
1711 1711 1709 1724 
1714 1711 1710 1717 
1707 1710 1700 1713 
1714 1710 1706 1715 
1714 1714 1708 1714 
1709 1710 1706 1711 
1710 1710 1699 1716 
1712 1710 1706 1718 
1714 1711 1710 1710 
1710 1706 1702 1712 
1639 1707 1701 1656 
1714 1709 1712 1724 
1714 1710 1709 1720 
1703 1710 1704 1720 
1717 1721 1714 1718 
1710 1712 1707 1713 
1776 1704 1701 1715 
1696 1693 1696 1705 
1711 1708 1697 1712 
1662 1709 1703 1713 
1722 1725 1712 1719 
1710 1709 1701 1721 
1753 1659 1704 1709 
1703 1696 1685 1715 
1712 1709 1699 1716 
1678 1713 1707 1731 
1724 1728 1720 1723 
1711 1711 1706 1722 
1740 1708 1705 1697 
1695 1687 1677 1703 
1711 1704 1697 1711 
1712 1707 1701 1719 
1722 1715 1711 1724 
1710 1706 1704 1717 
1678 1635 1705 1760 
1704 1705 1706 1708 
1709 1713 1699 1711 
1713 1708 1703 1689 
1727 1722 1704 1726 
1716 1714 1709 1719 
1707 1704 1702 1809 
1696 1696 1705 1700 
1712 1702 1697 1712 
1709 1702 1704 1678 
1722 1716 1709 1726 
1711 1718 1717 1715 
1726 1704 1699 1747 
1700 1685 1686 1702 
1710 1699 1693 1707 
1714 1705 1703 1708 
1728 1723 1721 1730 
1713 1710 1711 1722 
1709 1708 1709 1712 
1699 1692 1710 1701 
1706 1704 1690 1711 
1707 1704 1698 1712 
1715 1713 1684 1725 
1712 1718 1717 1717 
1719 1588 1618 1711 
1709 1713 1775 1695 
1705 1703 1688 1707 
1710 1709 1698 1717 
1725 1712 1673 1738 
1711 1713 1721 1721 
1707 1712 1704 1714 
1691 1703 1786 1699 
1703 1698 1687 1712 
1700 1703 1699 1707 
1721 1720 1674 1731 
1713 1719 1718 1720 
1713 1668 1627 1715 
1689 1700 1706 1705 
1704 1701 1692 1712 
1707 1709 1700 1715 
1718 1711 1708 1727 
1711 1713 1717 1717 
1714 1715 1710 1715 
1707 1761 1701 1706 
1700 1696 1687 1705 
1703 1702 1698 1713 
1712 1688 1703 1727 
1716 1722 1721 1717 
1717 1735 1643 1723 
1713 1800 1713 1702 
1698 1700 1693 1706 
1709 1710 1702 1711 
1721 1673 1709 1733 
1716 1722 1726 1721 
1717 1714 1708 1717 
1691 1748 1704 1689 
1699 1692 1686 1706 
1707 1706 1703 1706 
1717 1708 1703 1727 
1718 1722 1720 1719 
1723 1677 1648 1722 
1723 1717 1714 1709 
1716 1706 1701 1722 
1722 1722 1716 1716 
1673 1704 1701 1714 
1725 1725 1710 1720 
1719 1713 1709 1720 
1794 1711 1709 1703 
1693 1692 1687 1696 
1711 1705 1695 1706 
1642 1706 1702 1714 
1718 1715 1705 1719 
1724 1750 1653 1720 
1818 1710 1710 1720 
1698 1693 1695 1702 
1704 1697 1697 1709 
1667 1704 1701 1714 
1719 1723 1717 1720 
1714 1718 1716 1713 
1750 1709 1704 1715 
1697 1687 1672 1704 
1704 1698 1697 1701 
1714 1704 1696 1689 
1717 1715 1714 1719 
1731 1724 1673 1723 
1716 1713 1706 1720 
1714 1713 1710 1718 
1713 1708 1705 1711 
1714 1708 1701 1715 
1714 1706 1704 1705 
1721 1713 1707 1717 
1713 1709 1708 1710 
1713 1713 1703 1715 
1715 1710 1704 1715 
1717 1713 1709 1715 
1712 1707 1705 1684 
1710 1720 1712 1718 
1718 1718 1715 1723 
1718 1717 1717 1717 
1713 1712 1707 1720 
1711 1712 1709 1718 
1717 1712 1707 1719 
1713 1710 1710 1712 
1715 1709 1710 1716 
1711 1713 1709 1717 
1715 1714 1705 1713 
1713 1710 1702 1715 
1712 1711 1702 1679 
1716 1699 1628 1717 
1721 1714 1709 1716 
1717 1712 1710 1720 
1714 1714 1710 1720 
1715 1713 1707 1715 
1717 1711 1706 1717 
1716 1712 1708 1716 
1707 1712 1704 1715 
1711 1709 1701 1715 
1716 1711 1706 1717 
1715 1708 1707 1719 
1714 1710 1709 1684 
1713 1701 1654 1713 
1718 1715 1710 1718 
1718 1712 1712 1716 
1714 1710 1705 1713 
1717 1712 1709 1716 
1719 1712 1710 1717 
1714 1710 1707 1716 
1714 1715 1700 1715 
1715 1714 1706 1714 
1716 1714 1707 1708 
1714 1710 1703 1712 
1712 1708 1704 1714 
1714 1691 1671 1714 
1715 1709 1713 1710 
1716 1711 1705 1720 
1712 1710 1709 1716 
1713 1712 1712 1714 
1715 1710 1705 1715 
1712 1710 1707 1719 
1713 1708 1707 1721 
1710 1707 1706 1715 
1713 1710 1707 1720 
1712 1710 1708 1717 
1713 1714 1706 1711 
1728 1691 1642 1717 
1716 1712 1708 1719 
1713 1711 1713 1716 
1713 1708 1705 1717 
1712 1712 1709 1717 
1717 1710 1707 1717 
1713 1712 1707 1714 
1707 1710 1702 1717 
1713 1711 1707 1720 
1713 1710 1706 1714 
1709 1710 1703 1714 
1712 1712 1706 1715 
1719 1702 1645 1717 
1716 1712 1711 1716 
1716 1713 1711 1720 
1715 1712 1707 1716 
1716 1715 1710 1718 
1716 1712 1706 1714 
1712 1713 1707 1718 
1714 1714 1709 1718 
1710 1712 1709 1714 
1708 1709 1706 1712 
1708 1709 1708 1715 
1712 1714 1710 1716 
1715 1639 1643 1712 
1714 1710 1708 1723 
1713 1711 1710 1723 
1713 1708 1707 1721 
1713 1708 1706 1717 
1710 1710 1709 1717 
1717 1711 1710 1719 
1713 1716 1707 1720 
1712 1712 1706 1719 
1712 1711 1706 1715 
1710 1710 1705 1720 
1711 1709 1707 1719 
1711 1672 1623 1715 
1713 1713 1715 1717 
1719 1711 1711 1720 
1716 1711 1712 1717 
1710 1713 1706 1713 
1708 1705 1705 1711 
1711 1709 1704 1715 
1714 1713 1708 1718 
1711 1712 1710 1716 
1713 1709 1706 1717 
1712 1713 1706 1718 
1714 1713 1705 1713 
1706 1787 1694 1709 
1716 1716 1707 1717 
1718 1715 1710 1720 
1716 1711 1707 1718 
1713 1710 1703 1716 
1716 1714 1704 1712 
1715 1709 1704 1713 
1709 1708 1704 1714 
1713 1711 1710 1718 
1715 1709 1709 1721 
1712 1713 1709 1717 
1705 1710 1704 1715 
1694 1676 1671 1721 
1716 1714 1708 1715 
1717 1714 1708 1723 
1715 1713 1712 1726 
1717 1709 1707 1721 
1711 1701 1704 1714 
1712 1710 1701 1714 
1708 1711 1703 1712 
1709 1712 1706 1715 
1716 1713 1706 1720 
1712 1710 1713 1719 
1704 1707 1708 1711 
1731 1668 1700 1709 
1709 1712 1708 1710 
1715 1716 1712 1719 
1712 1712 1709 1720 
1713 1718 1716 1710 
1713 1706 1700 1721 
1709 1716 1709 1706 
1710 1708 1693 1717 
1713 1711 1708 1712 
1709 1715 1705 1721 
1716 1717 1718 1717 
1713 1711 1703 1718 
1685 1665 1699 1712 
1694 1698 1693 1699 
1708 1708 1699 1707 
1665 1710 1706 1712 
1729 1719 1714 1727 
1709 1708 1711 1717 
1779 1712 1705 1707 
1694 1691 1684 1703 
1708 1707 1701 1705 
1685 1713 1704 1729 
1728 1729 1728 1721 
1713 1708 1706 1720 
1702 1702 1705 1694 
1694 1691 1680 1700 
1709 1706 1702 1705 
1700 1709 1704 1721 
1722 1717 1721 1728 
1713 1713 1714 1715 
1710 1712 1706 1727 
1692 1698 1684 1699 
1706 1706 1695 1710 
1718 1714 1705 1690 
1724 1715 1703 1725 
1713 1707 1708 1720 
1673 1709 1705 1736 
1695 1697 1702 1694 
1709 1702 1692 1706 
1716 1710 1701 1647 
1730 1725 1709 1734 
1711 1717 1723 1716 
1708 1713 1704 1746 
1696 1688 1691 1695 
1704 1701 1692 1708 
1714 1710 1698 1735 
1731 1724 1723 1730 
1719 1712 1710 1720 
1711 1713 1715 1676 
1701 1700 1710 1696 
1706 1702 1695 1707 
1706 1706 1702 1711 
1718 1714 1693 1723 
1723 1721 1717 1724 
1712 1708 1709 1721 
1699 1702 1752 1702 
1703 1700 1689 1707 
1713 1701 1702 1717 
1727 1706 1650 1733 
1716 1713 1719 1719 
1711 1712 1713 1665 
1688 1703 1795 1688 
1703 1699 1689 1706 
1711 1705 1704 1711 
1735 1722 1679 1732 
1721 1721 1725 1719 
1718 1709 1710 1721 
1690 1694 1726 1697 
1705 1702 1694 1706 
1708 1702 1696 1715 
1728 1716 1711 1729 
1717 1714 1720 1723 
1715 1716 1712 1683 
1715 1761 1677 1708 
1697 1705 1700 1704 
1703 1706 1702 1703 
1708 1660 1700 1715 
1726 1716 1710 1729 
1714 1712 1713 1722 
1705 1775 1712 1701 
1699 1695 1687 1703 
1705 1708 1696 1711 
1718 1688 1714 1730 
1712 1724 1722 1717 
1711 1709 1702 1724 
1724 1761 1670 1707 
1702 1706 1687 1707 
1706 1704 1700 1714 
1728 1708 1705 1733 
1717 1722 1721 1718 
1720 1716 1707 1727 
1723 1707 1706 1701 
1698 1699 1688 1703 
1701 1706 1695 1703 
1690 1710 1698 1717 
1721 1718 1703 1729 
1708 1710 1710 1717 
1800 1676 1678 1739 
1706 1702 1707 1703 
1704 1712 1700 1705 
1658 1709 1694 1712 
1722 1728 1713 1726 
1719 1716 1706 1728 
1778 1711 1707 1702 
1693 1691 1681 1704 
1707 1713 1698 1703 
1695 1712 1701 1717 
1720 1726 1712 1720 
1706 1701 1699 1722 
1625 1643 1715 1729 
1712 1706 1712 1721 
1708 1714 1702 1712 
1709 1704 1698 1712 
1726 1719 1711 1722 
1717 1708 1707 1726 
1708 1711 1710 1765 
1699 1711 1702 1701 
1705 1706 1700 1701 
1709 1710 1702 1691 
1720 1719 1703 1729 
1706 1707 1706 1714 
1641 1709 1704 1847 
1688 1700 1733 1703 
1700 1700 1695 1710 
1709 1704 1692 1641 
1721 1721 1704 1724 
1719 1716 1712 1728 
1705 1705 1709 1768 
1688 1677 1700 1699 
1705 1701 1696 1702 
1711 1707 1696 1705 
1719 1731 1699 1724 
1717 1718 1706 1724 
1712 1708 1705 1664 
1708 1722 1766 1701 
1704 1692 1705 1694 
1704 1707 1696 1711 
1715 1709 1655 1716 
1718 1719 1703 1725 
1706 1709 1705 1722 
1708 1713 1712 1711 
1703 1702 1705 1702 
1716 1709 1708 1715 
1716 1713 1706 1723 
1716 1718 1702 1728 
1710 1717 1699 1655 
1749 1750 1673 1736 
1690 1727 1718 1714 
1717 1701 1718 1708 
1712 1715 1706 1723 
1716 1720 1701 1732 
1711 1722 1702 1730 
1703 1713 1699 1718 
1705 1706 1707 1714 
1712 1707 1716 1705 
1718 1710 1711 1719 
1716 1717 1702 1731 
1713 1725 1693 1740 
1719 1826 1708 1748 
1710 1722 1714 1700 
1692 1718 1700 1696 
1715 1701 1723 1704 
1725 1718 1703 1736 
1720 1727 1694 1744 
1705 1725 1689 1735 
1692 1711 1701 1704 
1700 1701 1722 1689 
1714 1697 1730 1696 
1729 1710 1711 1725 
1728 1724 1687 1751 
1737 1661 1685 1798 
1698 1713 1717 1716 
1680 1706 1694 1676 
1713 1684 1735 1685 
1733 1707 1723 1717 
1736 1727 1699 1748 
1719 1734 1672 1754 
1694 1729 1686 1725 
1686 1707 1717 1685 
1700 1684 1735 1676 
1731 1690 1731 1709 
1749 1718 1708 1751 
1613 1742 1681 1846 
1700 1747 1719 1725 
1682 1694 1716 1693 
1690 1694 1723 1672 
1725 1675 1743 1697 
1748 1702 1713 1733 
1741 1734 1683 1761 
1705 1746 1677 1738 
1679 1724 1691 1700 
1681 1696 1726 1674 
1719 1679 1742 1689 
1750 1693 1724 1727 
1751 1723 1695 1736 
1737 1777 1652 1753 
1669 1747 1677 1707 
1683 1694 1721 1682 
1707 1684 1734 1686 
1741 1683 1732 1719 
1748 1712 1700 1750 
1724 1735 1679 1745 
1685 1739 1678 1716 
1672 1717 1704 1686 
1697 1696 1727 1687 
1734 1684 1732 1715 
1751 1703 1712 1740 
1773 1819 1572 1757 
1707 1735 1681 1707 
1664 1733 1699 1702 
1689 1699 1722 1681 
1718 1690 1732 1713 
1746 1693 1713 1737 
1738 1715 1691 1741 
1695 1732 1677 1724 
1680 1735 1695 1701 
1689 1717 1717 1693 
1717 1691 1728 1709 
1739 1690 1719 1732 
1859 1644 1698 1799 
1721 1711 1691 1716 
1688 1719 1693 1699 
1682 1729 1699 1695 
1716 1706 1725 1706 
1734 1694 1715 1728 
1733 1697 1707 1739 
1713 1715 1690 1729 
1690 1730 1694 1708 
1691 1726 1707 1700 
1712 1713 1721 1712 
1735 1701 1722 1730 
1716 1698 1706 1872 
1712 1711 1722 1743 
1682 1725 1687 1712 
1695 1714 1703 1694 
1702 1722 1713 1716 
1730 1705 1720 1722 
1727 1701 1710 1725 
1714 1704 1700 1725 
1700 1719 1698 1710 
1697 1724 1704 1701 
1706 1717 1717 1706 
1726 1710 1719 1726 
1733 1704 1713 1574 
1727 1765 1843 1713 
1675 1707 1698 1720 
1698 1714 1696 1697 
1707 1721 1715 1711 
1722 1710 1709 1722 
1728 1701 1711 1733 
1721 1702 1705 1724 
1701 1708 1703 1705 
1696 1715 1705 1702 
1709 1718 1711 1708 
1725 1718 1715 1719 
1726 1709 1710 1731 
1721 1604 1785 1738 
1695 1714 1697 1696 
1659 1705 1714 1709 
1710 1730 1707 1711 
1716 1712 1713 1723 
1791 1710 1709 1711 
1704 1690 1685 1711 
1690 1692 1687 1699 
1613 1703 1692 1697 
1705 1716 1710 1710 
1719 1719 1721 1720 
1831 1712 1710 1728 
1788 1545 1690 1750 
1702 1683 1706 1689 
1633 1702 1690 1706 
1713 1721 1711 1705 
1712 1721 1716 1720 
1763 1715 1707 1725 
1695 1689 1680 1714 
1690 1698 1690 1698 
1698 1700 1691 1702 
1707 1710 1701 1716 
1717 1726 1716 1721 
1716 1713 1704 1730 
1715 1719 1712 1712 
1716 1723 1695 1730 
1703 1712 1694 1701 
1716 1704 1706 1719 
1715 1722 1704 1718 
1726 1721 1714 1730 
1713 1716 1701 1724 
1708 1714 1704 1720 
1703 1709 1701 1711 
1708 1712 1706 1710 
1714 1712 1709 1719 
1721 1717 1714 1729 
1710 1715 1705 1722 
1767 1816 1586 1733 
1708 1699 1706 1687 
1706 1714 1712 1723 
1716 1703 1712 1711 
1718 1712 1713 1717 
1707 1701 1729 1709 
1704 1703 1690 1708 
1700 1705 1698 1705 
1714 1707 1679 1718 
1717 1718 1719 1716 
1714 1705 1708 1717 
1709 1716 1786 1708 
1752 1658 1694 1736 
1704 1697 1709 1699 
1716 1724 1638 1722 
1721 1708 1723 1707 
1716 1716 1707 1716 
1692 1696 1722 1705 
1704 1702 1692 1722 
1704 1713 1708 1710 
1718 1730 1702 1714 
1712 1715 1717 1710 
1720 1710 1710 1724 
1706 1703 1705 1716 
1706 1703 1689 1702 
1720 1740 1663 1725 
1698 1717 1702 1719 
1719 1707 1724 1710 
1712 1714 1698 1721 
1719 1774 1706 1718 
1700 1699 1688 1715 
1701 1705 1699 1709 
1704 1660 1706 1718 
1717 1725 1721 1716 
1719 1713 1706 1722 
1704 1783 1707 1704 
1702 1694 1685 1719 
1757 1814 1540 1730 
1721 1664 1693 1708 
1705 1719 1737 1722 
1718 1718 1702 1723 
1695 1720 1705 1708 
1706 1698 1684 1721 
1703 1709 1694 1709 
1700 1721 1704 1714 
1708 1721 1713 1712 
1712 1716 1706 1717 
1759 1707 1710 1719 
1693 1693 1693 1713 
1679 1677 1694 1731 
1657 1712 1717 1703 
1714 1723 1718 1729 
1716 1714 1704 1722 
1756 1715 1716 1725 
1706 1699 1693 1721 
1712 1711 1702 1726 
1669 1708 1708 1722 
1722 1727 1723 1724 
1713 1712 1715 1721 
1764 1707 1710 1706 
1700 1690 1687 1718 
1711 1708 1704 1711 
1737 1746 1639 1723 
1695 1727 1718 1725 
1725 1702 1712 1709 
1713 1714 1711 1731 
1705 1700 1693 1710 
1708 1705 1693 1714 
1706 1709 1699 1697 
1720 1716 1707 1723 
1712 1714 1711 1719 
1710 1713 1710 1792 
1697 1702 1706 1709 
1709 1709 1695 1720 
1730 1684 1674 1722 
1713 1731 1706 1713 
1714 1703 1716 1707 
1720 1719 1708 1728 
1707 1706 1706 1717 
1713 1716 1699 1724 
1702 1705 1701 1708 
1723 1725 1724 1718 
1709 1709 1712 1705 
1717 1713 1713 1715 
1705 1701 1694 1713 
1707 1712 1698 1718 
1600 1709 1694 1795 
1717 1724 1752 1706 
1722 1696 1725 1715 
1719 1717 1707 1707 
1710 1714 1734 1712 
1710 1716 1694 1728 
1708 1715 1703 1722 
1716 1700 1667 1722 
1711 1706 1718 1704 
1720 1711 1709 1715 
1705 1716 1742 1706 
1716 1715 1692 1733 
1702 1717 1703 1766 
1732 1744 1533 1725 
1702 1701 1732 1716 
1719 1709 1707 1708 
1695 1699 1778 1697 
1701 1701 1680 1712 
1702 1714 1686 1720 
1715 1715 1692 1724 
1710 1709 1715 1710 
1716 1706 1721 1704 
1695 1721 1719 1700 
1704 1707 1691 1709 
1694 1710 1678 1720 
1733 1610 1694 1765 
1715 1711 1730 1723 
1705 1712 1703 1697 
1713 1776 1716 1702 
1709 1704 1690 1716 
1706 1710 1691 1722 
1696 1652 1687 1729 
1706 1715 1708 1722 
1715 1710 1722 1711 
1720 1709 1721 1707 
1711 1705 1704 1721 
1709 1722 1701 1726 
1701 1721 1692 1657 
1722 1762 1741 1716 
1704 1709 1709 1711 
1725 1707 1720 1707 
1726 1710 1712 1726 
1715 1718 1709 1727 
1704 1720 1695 1730 
1699 1717 1701 1715 
1717 1717 1706 1716 
1723 1706 1718 1713 
1728 1709 1717 1718 
1713 1708 1706 1724 
1710 1717 1705 1730 
1710 1675 1702 1734 
1710 1720 1717 1704 
1726 1711 1713 1705 
1728 1713 1728 1713 
1721 1711 1715 1720 
1706 1714 1701 1723 
1703 1717 1697 1722 
1707 1718 1706 1715 
1717 1716 1711 1705 
1725 1711 1713 1716 
1727 1712 1715 1727 
1715 1712 1708 1731 
1669 1714 1697 1704 
1705 1725 1701 1722 
1721 1725 1703 1712 
1723 1720 1713 1715 
1721 1714 1713 1726 
1710 1711 1707 1732 
1702 1712 1703 1723 
1701 1713 1696 1714 
1712 1717 1701 1708 
1723 1717 1712 1713 
1724 1713 1714 1718 
1715 1711 1713 1726 
1704 1706 1708 1724 
1715 1723 1694 1715 
1713 1715 1700 1708 
1723 1715 1703 1710 
1725 1714 1712 1717 
1715 1706 1712 1725 
1707 1702 1709 1723 
1703 1708 1703 1719 
1709 1713 1703 1707 
1718 1719 1701 1714 
1721 1721 1711 1722 
1717 1715 1714 1727 
1704 1709 1709 1722 
1702 1706 1703 1722 
1709 1713 1709 1708 
1714 1718 1705 1705 
1721 1719 1704 1717 
1720 1717 1712 1725 
1710 1708 1715 1726 
1703 1703 1706 1719 
1709 1709 1704 1712 
1721 1714 1706 1711 
1721 1721 1709 1710 
1715 1716 1709 1724 
1708 1710 1710 1728 
1706 1707 1709 1724 
1708 1714 1704 1715 
1714 1713 1703 1711 
1723 1718 1704 1715 
1717 1719 1707 1720 
1711 1713 1709 1725 
1707 1709 1708 1722 
1708 1709 1707 1715 
1719 1711 1701 1715 
1722 1721 1705 1714 
1717 1719 1710 1716 
1711 1710 1711 1718 
1706 1709 1711 1718 
1712 1708 1711 1719 
1718 1711 1704 1718 
1723 1719 1701 1719 
1715 1721 1706 1720 
1702 1715 1710 1714 
1698 1703 1710 1715 
1708 1706 1709 1720 
1719 1714 1700 1727 
1721 1721 1696 1726 
1714 1721 1698 1719 
1703 1714 1710 1710 
1696 1705 1723 1707 
1706 1699 1714 1713 
1725 1715 1704 1729 
1731 1727 1694 1737 
1716 1731 1695 1724 
1697 1716 1709 1706 
1692 1700 1727 1695 
1701 1696 1726 1703 
1723 1707 1707 1733 
1732 1728 1688 1751 
1722 1737 1684 1741 
1696 1724 1701 1709 
1683 1701 1726 1682 
1697 1690 1735 1693 
1726 1702 1717 1732 
1743 1724 1688 1756 
1732 1735 1677 1749 
1704 1730 1690 1710 
1683 1702 1720 1673 
1693 1686 1740 1676 
1722 1692 1728 1720 
