1929 1618 1968 1619 
1846 944 1199 1617 
1575 930 847 1720 
1483 1664 1313 1836 
1512 2493 2206 1841 
1816 2659 2698 1701 
1973 1938 2270 1550 
1976 949 1245 1557 
1644 591 569 1717 
1462 1259 930 1895 
1364 2376 2079 1880 
1708 2958 2968 1709 
2024 2389 2687 1538 
2109 1174 1434 1528 
1777 389 348 1686 
1376 790 506 1880 
1275 2051 1819 1931 
1581 3038 3101 1780 
2005 2840 3092 1552 
2154 1597 1746 1458 
1910 448 306 1621 
1485 421 236 1881 
1272 1571 1471 1996 
1458 2849 3061 1839 
1882 3133 3454 1563 
2131 2111 2210 1432 
2007 758 445 1568 
1614 266 127 1838 
1336 1085 1079 1993 
1410 2447 2879 1899 
1753 3135 3559 1630 
2037 2533 2703 1433 
2015 1220 727 1493 
1730 387 98 1771 
1455 758 718 2006 
1431 1960 2561 1959 
1666 2889 3560 1684 
1922 2748 3201 1445 
1966 1693 1151 1459 
1778 714 78 1710 
1563 662 406 1967 
1513 1545 2161 1988 
1640 2500 3554 1761 
1820 2710 3537 1498 
1868 2021 1616 1435 
1770 1125 69 1636 
1638 809 215 1921 
1609 1315 1742 2009 
1681 2107 3493 1817 
1775 2486 3552 1536 
1777 2151 2104 1432 
1716 1475 80 1595 
1662 1086 128 1865 
1688 1289 1333 1993 
1745 1826 3271 1852 
1770 2190 3550 1601 
1712 2088 2548 1452 
1642 1675 368 1554 
1638 1373 92 1810 
1724 1416 962 1977 
1814 1716 2927 1895 
1807 1940 3546 1647 
1696 1927 2955 1468 
1577 1721 744 1532 
1596 1580 74 1773 
1735 1605 653 1949 
1865 1734 2560 1894 
1849 1790 3543 1681 
1696 1732 3309 1505 
1539 1652 1145 1522 
1541 1661 60 1721 
1712 1771 397 1920 
1893 1837 2154 1927 
1900 1763 3531 1727 
1723 1603 3501 1524 
1522 1530 1571 1510 
1498 1640 54 1689 
1683 1860 221 1896 
1901 1952 1747 1922 
1943 1814 3444 1751 
1765 1551 3531 1557 
1530 1423 1986 1518 
1466 1571 89 1661 
1646 1868 127 1854 
1896 2036 1341 1920 
1975 1904 3167 1789 
1804 1579 3533 1596 
1535 1362 2387 1512 
1436 1480 416 1630 
1604 1822 92 1831 
1877 2071 976 1910 
1993 1980 2803 1801 
1848 1640 3526 1619 
1567 1358 2736 1529 
1425 1407 798 1616 
1560 1742 74 1795 
1849 2054 656 1893 
2010 2035 2408 1820 
1892 1714 3493 1656 
1598 1389 3007 1541 
1418 1372 1205 1591 
1517 1669 60 1762 
1810 2010 412 1885 
2009 2063 1992 1838 
1925 1783 3364 1672 
1641 1445 3190 1556 
1423 1364 1605 1596 
1482 1620 114 1745 
1759 1951 241 1866 
1999 2060 1588 1841 
1962 1835 3095 1701 
1687 1497 3290 1572 
1438 1361 1974 1583 
1455 1568 407 1720 
1714 1898 153 1850 
1972 2053 1225 1848 
1978 1877 2772 1715 
1736 1557 3294 1583 
1463 1379 2302 1584 
1431 1533 739 1712 
1661 1841 114 1838 
1936 2022 914 1846 
2001 1907 2412 1747 
1776 1608 3219 1602 
1512 1426 2554 1589 
1420 1501 1084 1683 
1627 1794 186 1825 
1892 1982 678 1854 
2000 1921 2006 1765 
1817 1662 3075 1615 
1550 1460 2743 1579 
1417 1485 1477 1658 
1578 1723 349 1802 
1853 1934 537 1852 
2003 1932 1733 1781 
1852 1707 2881 1632 
1592 1507 2846 1580 
1418 1489 1754 1637 
1550 1687 575 1780 
1808 1890 464 1846 
1977 1909 1460 1790 
1890 1746 2627 1664 
1631 1546 2875 1583 
1460 1556 2010 1630 
1529 1662 839 1766 
1769 1852 474 1845 
1936 1850 1220 1804 
1895 1766 2373 1671 
1668 1588 2844 1593 
1489 1645 2229 1618 
1510 1643 1101 1744 
1729 1819 542 1834 
1921 1804 1027 1824 
1917 1773 2103 1702 
1711 1612 2747 1602 
1508 1591 2393 1588 
1507 1641 1364 1721 
1698 1789 665 1825 
1895 1841 900 1832 
1908 1773 1843 1710 
1740 1646 2598 1617 
1572 1585 2493 1596 
1510 1647 1627 1697 
1667 1765 826 1801 
1825 1820 821 1819 
1912 1766 1600 1748 
1756 1663 2433 1635 
1632 1612 2539 1610 
1516 1649 1844 1678 
1656 1748 1017 1782 
1790 1800 811 1813 
1903 1774 1415 1755 
1773 1683 2232 1652 
1661 1632 2527 1604 
1512 1641 2012 1662 
1645 1724 1213 1758 
1804 1758 840 1819 
1896 1754 1261 1772 
1782 1700 2049 1681 
1615 1673 2484 1628 
1522 1670 2163 1654 
1646 1729 1424 1736 
1811 1728 916 1773 
1900 1733 1131 1780 
1783 1701 1840 1712 
1609 1702 2390 1693 
1519 1708 2270 1651 
1625 1722 1603 1714 
1812 1715 1029 1720 
1909 1701 1043 1779 
1797 1689 1660 1724 
1613 1717 2268 1774 
1504 1734 2328 1653 
1614 1742 1784 1694 
1801 1699 1160 1705 
1915 1672 1034 1765 
1815 1664 1500 1738 
1620 1705 2119 1714 
1495 1741 2319 1669 
1590 1766 1938 1695 
1790 1717 1316 1720 
1922 1661 1042 1748 
1843 1643 1364 1735 
1649 1706 1966 1719 
1498 1775 2315 1696 
1567 1801 2055 1699 
1771 1740 1478 1713 
1911 1644 1093 1716 
1866 1612 1249 1727 
1673 1672 1805 1730 
1503 1775 2298 1709 
1540 1815 2134 1712 
1739 1764 1636 1708 
1922 1662 1172 1718 
1881 1596 1204 1702 
1709 1649 1658 1739 
1512 1748 2139 1735 
1529 1829 2188 1731 
1701 1781 1776 1704 
1913 1696 1286 1705 
1906 1606 1186 1698 
1732 1631 1532 1723 
1513 1728 2014 1728 
1499 1809 2178 1736 
1667 1798 1888 1708 
1872 1688 1401 1686 
1922 1623 1194 1686 
1766 1615 1427 1711 
1555 1769 1892 1736 
1491 1794 2152 1750 
1640 1807 1980 1725 
1852 1711 1534 1697 
1925 1636 1246 1671 
1798 1611 1350 1714 
1586 1692 1788 1739 
1503 1781 2104 1763 
1610 1805 2047 1729 
1828 1721 1649 1707 
1925 1655 1314 1664 
1824 1616 1306 1689 
1608 1690 1670 1716 
1496 1754 2025 1756 
1582 1793 2073 1740 
1793 1749 1758 1701 
1916 1661 1376 1672 
1847 1633 1295 1680 
1682 1674 1571 1726 
1503 1750 1946 1761 
1565 1792 2078 1755 
1720 1750 1846 1699 
1912 1684 1477 1672 
1868 1638 1303 1677 
1716 1679 1495 1722 
1525 1737 1853 1761 
1553 1792 2069 1763 
1677 1746 1913 1723 
1890 1693 1573 1675 
1883 1643 1334 1668 
1715 1673 1434 1703 
1555 1736 1760 1763 
1541 1776 2022 1769 
1700 1751 1961 1733 
1864 1697 1668 1675 
1879 1636 1378 1664 
1752 1679 1407 1699 
1581 1731 1676 1759 
1544 1781 1970 1770 
1662 1749 1983 1734 
1835 1703 1740 1685 
1867 1640 1436 1655 
1777 1676 1392 1780 
1596 1713 1602 1730 
1550 1764 1892 1765 
1641 1756 1984 1674 
1803 1717 1796 1697 
1866 1660 1518 1666 
1775 1649 1395 1770 
1616 1683 1557 1712 
1559 1748 1833 1745 
1635 1768 1973 1715 
1782 1744 1842 1713 
1849 1676 1566 1683 
1784 1645 1407 1686 
1634 1644 1526 1691 
1579 1727 1789 1723 
1639 1773 1956 1740 
1755 1771 1849 1730 
1828 1714 1596 1723 
1777 1652 1424 1703 
1668 1649 1512 1686 
1610 1695 1766 1696 
1643 1768 1954 1708 
1752 1791 1874 1751 
1810 1754 1622 1760 
1781 1684 1423 1751 
1672 1631 1494 1686 
1622 1655 1754 1641 
1652 1721 1955 1648 
1751 1794 1908 1736 
1805 1799 1641 1818 
1772 1735 1424 1812 
1681 1643 1462 1718 
1624 1612 1732 1600 
1658 1663 1966 1582 
1745 1759 1940 1691 
1807 1821 1674 1844 
1773 1790 1421 1892 
1680 1687 1418 1781 
1621 1599 1682 1597 
1651 1607 1965 1515 
1738 1707 1993 1615 
1798 1814 1730 1826 
1778 1842 1430 1946 
1691 1760 1373 1864 
1624 1631 1618 1632 
1642 1570 1938 1470 
1728 1632 2033 1535 
1798 1765 1811 1772 
1788 1853 1471 1974 
1708 1824 1339 1939 
1638 1694 1537 1701 
1637 1583 1875 1467 
1711 1579 2050 1461 
1784 1690 1897 1691 
1784 1818 1554 1944 
1722 1855 1344 1999 
1654 1769 1461 1786 
1644 1636 1787 1512 
1699 1560 2025 1425 
1765 1617 1959 1604 
1779 1749 1655 1884 
1732 1850 1395 2004 
1674 1831 1408 1865 
1659 1715 1683 1595 
1699 1598 1964 1440 
1743 1573 1992 1537 
1757 1667 1758 1797 
1731 1797 1475 1974 
1692 1855 1397 1917 
1683 1797 1585 1691 
1703 1669 1862 1495 
1724 1577 1980 1501 
1727 1595 1841 1702 
1717 1718 1585 1905 
1703 1833 1431 1939 
1703 1854 1514 1777 
1715 1758 1746 1576 
1713 1623 1927 1511 
1704 1561 1898 1619 
1696 1624 1693 1808 
1705 1758 1505 1909 
1732 1863 1481 1846 
1740 1834 1641 1673 
1724 1704 1841 1549 
1696 1578 1914 1568 
1679 1566 1798 1710 
1700 1679 1598 1855 
1744 1823 1493 1882 
1760 1873 1559 1769 
1734 1782 1742 1617 
1684 1636 1884 1558 
1660 1551 1862 1631 
1682 1609 1697 1776 
1739 1757 1531 1875 
1773 1869 1511 1838 
1747 1849 1649 1697 
1686 1705 1824 1573 
1650 1575 1892 1575 
1668 1563 1789 1696 
1732 1680 1607 1835 
1781 1822 1504 1874 
1760 1867 1602 1766 
1696 1775 1747 1622 
1643 1631 1880 1550 
1661 1557 1811 1640 
1723 1624 1687 1786 
1779 1758 1529 1879 
1758 1847 1616 1817 
1702 1801 1666 1676 
1641 1684 1843 1555 
1658 1598 1836 1596 
1708 1605 1755 1724 
1776 1712 1572 1863 
1746 1791 1532 1852 
1710 1819 1604 1734 
1644 1735 1792 1586 
1650 1638 1878 1559 
1700 1608 1801 1662 
1763 1666 1617 1826 
1773 1802 1519 1878 
1717 1799 1570 1778 
1653 1756 1750 1621 
1641 1630 1869 1547 
1699 1630 1837 1618 
1764 1655 1663 1783 
1780 1827 1534 1865 
1724 1772 1540 1815 
1660 1761 1703 1667 
1645 1658 1845 1572 
1696 1665 1857 1602 
1756 1660 1706 1740 
1760 1768 1556 1835 
1725 1750 1523 1840 
1670 1761 1669 1710 
1661 1716 1815 1602 
1692 1682 1866 1587 
1750 1668 1741 1704 
1771 1740 1593 1795 
1727 1728 1516 1842 
1671 1744 1632 1745 
1630 1719 1792 1629 
1679 1685 1861 1579 
1744 1683 1773 1667 
1825 1700 1614 1779 
1733 1723 1530 1840 
1672 1732 1602 1768 
1586 1721 1762 1648 
1675 1697 1850 1587 
1735 1693 1793 1644 
1873 1699 1643 1773 
1737 1717 1542 1828 
1681 1725 1584 1789 
1612 1720 1731 1684 
1669 1713 1853 1602 
1726 1699 1816 1626 
1767 1697 1674 1737 
1755 1721 1564 1819 
1704 1726 1578 1810 
1658 1722 1707 1709 
1663 1702 1826 1620 
1717 1696 1831 1622 
1767 1703 1706 1711 
1765 1717 1585 1801 
1723 1724 1571 1816 
1666 1719 1681 1732 
1660 1709 1807 1649 
1700 1702 1836 1623 
1757 1709 1737 1686 
1764 1712 1607 1773 
1731 1719 1570 1810 
1676 1717 1649 1750 
1669 1726 1786 1678 
1681 1710 1832 1627 
1744 1717 1763 1695 
1752 1693 1620 1739 
1735 1702 1560 1798 
1690 1707 1622 1783 
1672 1718 1759 1708 
1673 1710 1831 1634 
1730 1718 1780 1657 
1753 1706 1672 1713 
1748 1703 1575 1784 
1702 1698 1606 1785 
1668 1699 1698 1724 
1672 1717 1821 1656 
1713 1723 1803 1644 
1744 1729 1789 1689 
1741 1697 1584 1759 
1708 1690 1596 1777 
1682 1690 1638 1743 
1686 1714 1803 1680 
1715 1724 1802 1657 
1725 1718 1767 1667 
1748 1708 1604 1748 
1714 1690 1594 1783 
1693 1698 1676 1704 
1667 1700 1706 1690 
1699 1724 1798 1662 
1723 1733 1738 1669 
1745 1726 1632 1729 
1725 1702 1603 1774 
1687 1673 1657 1766 
1670 1696 1753 1705 
1688 1705 1785 1663 
1727 1780 1748 1659 
1738 1721 1655 1708 
1721 1710 1614 1759 
1691 1678 1650 1774 
1670 1611 1620 1721 
1700 1708 1781 1672 
1715 1746 1753 1663 
1746 1731 1674 1712 
1727 1730 1638 1739 
1706 1661 1637 1778 
1680 1703 1724 1735 
1686 1699 1762 1694 
1701 1719 1753 1656 
1737 1717 1680 1702 
1734 1731 1648 1732 
1708 1712 1632 1770 
1645 1695 1704 1735 
1696 1708 1766 1713 
1728 1712 1748 1664 
1726 1703 1702 1680 
1736 1728 1645 1720 
1693 1717 1645 1750 
1697 1715 1696 1750 
1675 1693 1739 1710 
1700 1701 1752 1678 
1726 1708 1710 1678 
1734 1724 1661 1708 
1701 1719 1645 1747 
1666 1728 1689 1711 
1687 1715 1736 1732 
1707 1699 1760 1692 
1714 1710 1709 1685 
1735 1717 1673 1702 
1712 1717 1643 1743 
1700 1730 1688 1751 
1675 1707 1718 1729 
1688 1703 1740 1694 
1704 1691 1709 1676 
1735 1711 1679 1703 
1723 1717 1658 1716 
1711 1721 1669 1751 
1687 1772 1630 1737 
1705 1713 1742 1753 
1698 1701 1727 1667 
1733 1695 1687 1688 
1727 1715 1661 1728 
1707 1714 1676 1743 
1692 1716 1700 1740 
1688 1707 1733 1738 
1697 1689 1729 1679 
1734 1706 1697 1693 
1722 1700 1668 1694 
1721 1717 1673 1752 
1654 1731 1700 1731 
1694 1723 1738 1735 
1700 1693 1717 1682 
1730 1705 1710 1697 
1713 1700 1679 1699 
1726 1715 1674 1744 
1700 1715 1693 1745 
1694 1716 1724 1714 
1696 1702 1737 1684 
1726 1699 1707 1694 
1715 1700 1688 1698 
1719 1709 1669 1740 
1690 1714 1688 1658 
1712 1721 1756 1738 
1682 1717 1834 1678 
1707 1685 1700 1685 
1717 1699 1687 1691 
1727 1707 1610 1730 
1710 1717 1695 1746 
1698 1722 1716 1730 
1675 1705 1793 1683 
1700 1693 1696 1671 
1711 1691 1682 1691 
1728 1706 1681 1730 
1712 1719 1690 1749 
1711 1685 1752 1747 
1676 1742 1727 1689 
1696 1701 1706 1691 
1711 1690 1684 1683 
1719 1660 1683 1722 
1716 1719 1685 1745 
1702 1723 1709 1731 
1703 1719 1708 1716 
1706 1707 1715 1691 
1714 1697 1699 1693 
1715 1700 1692 1707 
1716 1708 1681 1736 
1624 1719 1698 1803 
1715 1725 1713 1732 
1706 1708 1724 1709 
1718 1702 1702 1695 
1718 1704 1700 1709 
1714 1710 1690 1726 
1708 1718 1694 1740 
1707 1722 1708 1728 
1704 1712 1717 1701 
1709 1704 1709 1694 
1711 1702 1696 1707 
1710 1711 1691 1725 
1709 1716 1689 1733 
1728 1716 1668 1742 
1702 1724 1727 1718 
1719 1704 1724 1699 
1712 1706 1701 1708 
1714 1706 1699 1723 
1710 1716 1693 1732 
1705 1712 1700 1728 
1708 1711 1716 1714 
1713 1703 1717 1701 
1709 1695 1708 1702 
1712 1699 1694 1716 
1710 1712 1694 1728 
1650 1650 1704 1736 
1716 1718 1712 1723 
1717 1704 1714 1702 
1717 1705 1717 1709 
1714 1704 1699 1712 
1712 1710 1691 1726 
1711 1718 1699 1731 
1706 1718 1708 1716 
1708 1711 1711 1706 
1709 1704 1708 1700 
1707 1704 1695 1708 
1708 1708 1689 1721 
1632 1717 1691 1690 
1731 1730 1701 1732 
1721 1702 1724 1715 
1712 1715 1707 1706 
1715 1699 1703 1710 
1714 1708 1695 1715 
1708 1711 1691 1720 
1709 1713 1703 1722 
1710 1710 1713 1712 
1710 1706 1713 1705 
1708 1704 1704 1710 
1710 1708 1695 1719 
1707 1714 1692 1722 
1702 1752 1637 1731 
1719 1720 1717 1712 
1705 1713 1710 1717 
1714 1703 1711 1705 
1714 1710 1698 1716 
1713 1713 1694 1725 
1714 1714 1696 1721 
1708 1710 1701 1714 
1707 1703 1713 1710 
1711 1703 1711 1709 
1706 1709 1702 1710 
1710 1713 1690 1718 
1632 1718 1690 1778 
1716 1719 1705 1723 
1706 1716 1708 1720 
1703 1702 1709 1701 
1714 1711 1701 1726 
1706 1710 1704 1708 
1720 1721 1689 1731 
1706 1716 1709 1720 
1709 1713 1709 1711 
1698 1715 1703 1701 
1706 1695 1696 1706 
1709 1704 1694 1714 
1717 1715 1690 1715 
1727 1742 1644 1723 
1709 1717 1716 1724 
1701 1808 1713 1699 
1698 1684 1697 1706 
1708 1706 1696 1708 
1719 1667 1693 1723 
1720 1720 1698 1724 
1702 1706 1701 1717 
1692 1750 1704 1697 
1698 1694 1689 1703 
1709 1708 1694 1709 
1719 1720 1697 1721 
1669 1717 1706 1714 
1708 1714 1711 1731 
1706 1728 1714 1703 
1706 1699 1705 1712 
1708 1710 1703 1700 
1706 1719 1697 1709 
1717 1723 1704 1713 
1709 1710 1701 1720 
1784 1700 1701 1711 
1693 1687 1696 1701 
1713 1704 1699 1700 
1660 1709 1694 1701 
1722 1718 1699 1625 
1719 1715 1671 1726 
1790 1712 1716 1717 
1697 1679 1690 1708 
1709 1702 1702 1710 
1684 1709 1696 1721 
1720 1720 1709 1721 
1699 1710 1704 1717 
1707 1705 1705 1711 
1691 1685 1694 1705 
1716 1706 1704 1710 
1714 1709 1700 1707 
1723 1723 1703 1715 
1670 1729 1697 1736 
1702 1719 1717 1751 
1688 1676 1672 1705 
1701 1702 1704 1711 
1716 1706 1690 1676 
1719 1723 1705 1716 
1712 1720 1700 1720 
1694 1705 1700 1800 
1687 1691 1697 1708 
1698 1691 1694 1707 
1713 1701 1692 1636 
1724 1720 1689 1717 
1717 1725 1701 1660 
1708 1694 1643 1827 
1667 1691 1717 1701 
1703 1683 1698 1709 
1712 1705 1695 1673 
1728 1723 1704 1713 
1717 1722 1701 1719 
1695 1712 1704 1715 
1689 1697 1711 1707 
1700 1694 1700 1708 
1716 1699 1702 1710 
1723 1711 1698 1711 
1717 1721 1695 1711 
1702 1652 1697 1708 
1709 1721 1713 1726 
1708 1704 1709 1713 
1712 1709 1699 1720 
1726 1705 1700 1711 
1713 1718 1697 1713 
1706 1715 1697 1720 
1703 1714 1704 1721 
1707 1708 1711 1715 
1712 1701 1707 1713 
1718 1706 1700 1710 
1716 1707 1696 1713 
1712 1715 1701 1644 
1696 1720 1729 1711 
1715 1713 1707 1723 
1713 1705 1717 1718 
1717 1701 1699 1709 
1716 1714 1714 1711 
1712 1712 1695 1718 
1699 1749 1697 1706 
1699 1703 1686 1713 
1707 1707 1701 1714 
1715 1713 1710 1707 
1709 1703 1695 1713 
1711 1716 1703 1713 
1637 1718 1696 1722 
1707 1708 1693 1720 
1710 1710 1712 1716 
1711 1701 1709 1725 
1718 1715 1721 1705 
1706 1705 1692 1718 
1709 1714 1706 1715 
1709 1712 1694 1725 
1708 1714 1713 1708 
1714 1710 1702 1717 
1711 1711 1716 1706 
1708 1707 1703 1710 
1732 1702 1691 1603 
1706 1718 1709 1720 
1703 1708 1708 1724 
1691 1716 1703 1708 
1717 1721 1720 1710 
1713 1710 1701 1714 
1793 1704 1698 1717 
1696 1692 1685 1711 
1712 1708 1699 1712 
1704 1713 1701 1719 
1713 1722 1716 1710 
1705 1700 1693 1716 
1706 1715 1706 1710 
1753 1681 1695 1717 
1717 1720 1711 1711 
1717 1721 1695 1730 
1727 1729 1718 1712 
1698 1705 1695 1712 
1704 1710 1699 1717 
1705 1701 1700 1719 
1710 1716 1708 1709 
1714 1709 1701 1708 
1727 1724 1704 1717 
1706 1703 1700 1712 
1707 1708 1704 1714 
1699 1698 1697 1682 
1721 1698 1614 1717 
1722 1712 1710 1678 
1732 1734 1702 1725 
1712 1711 1701 1721 
1703 1708 1698 1805 
1682 1686 1690 1697 
1705 1701 1691 1709 
1715 1706 1702 1715 
1723 1722 1712 1721 
1712 1714 1704 1720 
1709 1707 1699 1718 
1698 1700 1697 1709 
1779 1644 1702 1709 
1722 1714 1704 1715 
1721 1718 1716 1721 
1719 1714 1697 1714 
1711 1715 1700 1716 
1697 1710 1697 1707 
1709 1705 1700 1710 
1707 1704 1703 1707 
1724 1717 1706 1722 
1708 1715 1707 1714 
1713 1718 1697 1722 
1696 1704 1697 1711 
1710 1712 1705 1712 
1713 1680 1669 1716 
1730 1717 1720 1712 
1706 1714 1704 1727 
1715 1719 1705 1715 
1699 1708 1693 1716 
1706 1710 1702 1707 
1706 1703 1707 1712 
1708 1706 1711 1710 
1712 1705 1703 1718 
1707 1711 1700 1721 
1706 1715 1696 1716 
1703 1707 1696 1711 
1661 1709 1703 1724 
1725 1719 1713 1714 
1713 1705 1718 1720 
1711 1717 1698 1714 
1708 1711 1702 1717 
1706 1713 1695 1708 
1710 1710 1705 1708 
1715 1702 1712 1707 
1716 1704 1713 1713 
1707 1706 1706 1716 
1693 1787 1700 1699 
1701 1697 1679 1708 
1705 1702 1697 1701 
1728 1670 1634 1737 
1731 1728 1732 1716 
1710 1707 1715 1725 
1701 1754 1695 1685 
1695 1694 1672 1705 
1699 1700 1685 1702 
1693 1702 1700 1722 
1711 1708 1713 1719 
1711 1712 1713 1714 
1748 1709 1700 1692 
1690 1692 1678 1700 
1697 1695 1683 1702 
1629 1702 1698 1648 
1718 1711 1711 1727 
1715 1710 1716 1720 
1710 1700 1708 1723 
1703 1707 1698 1707 
1702 1701 1691 1708 
1711 1711 1699 1716 
1710 1703 1706 1722 
1711 1706 1711 1718 
1707 1714 1704 1717 
1707 1713 1701 1714 
1706 1712 1695 1714 
1709 1713 1699 1714 
1720 1632 1706 1730 
1712 1717 1723 1720 
1710 1708 1720 1714 
1708 1715 1704 1713 
1713 1711 1701 1713 
1710 1712 1696 1712 
1712 1710 1702 1719 
1706 1708 1707 1714 
1706 1708 1711 1711 
1709 1702 1701 1710 
1715 1708 1700 1713 
1719 1710 1703 1716 
1713 1707 1704 1705 
1721 1694 1671 1729 
1704 1718 1725 1715 
1715 1704 1717 1718 
1712 1713 1696 1713 
1717 1712 1701 1718 
1711 1712 1701 1719 
1700 1707 1705 1716 
1698 1704 1707 1711 
1703 1708 1707 1710 
1713 1711 1701 1709 
1716 1712 1694 1713 
1714 1713 1696 1721 
1656 1713 1703 1737 
1712 1720 1714 1722 
1707 1700 1721 1715 
1712 1717 1704 1712 
1719 1714 1707 1710 
1716 1717 1696 1717 
1710 1711 1698 1718 
1704 1707 1705 1717 
1704 1705 1709 1714 
1710 1708 1710 1711 
1713 1709 1703 1709 
1712 1709 1695 1713 
1708 1709 1692 1719 
1714 1771 1599 1724 
1705 1713 1712 1701 
1709 1702 1713 1715 
1714 1714 1702 1714 
1712 1712 1700 1721 
1704 1715 1695 1716 
1703 1708 1694 1719 
1705 1717 1703 1706 
1711 1702 1705 1717 
1708 1705 1715 1704 
1710 1656 1699 1724 
1710 1721 1713 1714 
1709 1711 1698 1670 
1710 1737 1686 1710 
1705 1704 1696 1717 
1713 1704 1717 1706 
1717 1648 1691 1731 
1712 1724 1714 1718 
1710 1713 1698 1719 
1689 1727 1700 1693 
1697 1691 1690 1703 
1713 1711 1706 1711 
1718 1707 1705 1722 
1719 1721 1706 1720 
1707 1709 1694 1716 
1723 1637 1701 1714 
1709 1697 1709 1707 
1716 1715 1704 1712 
1671 1698 1713 1712 
1719 1725 1704 1718 
1705 1709 1699 1719 
1757 1705 1703 1708 
1693 1690 1693 1698 
1708 1699 1697 1710 
1659 1710 1708 1712 
1719 1727 1711 1719 
1705 1713 1700 1718 
1780 1706 1697 1697 
1713 1677 1641 1710 
1705 1708 1708 1719 
1687 1699 1701 1722 
1715 1719 1721 1726 
1707 1714 1711 1713 
1705 1709 1698 1704 
1693 1690 1681 1698 
1711 1704 1699 1710 
1717 1713 1707 1700 
1720 1714 1700 1721 
1706 1708 1700 1716 
1701 1705 1698 1784 
1671 1694 1696 1652 
1717 1709 1699 1714 
1705 1691 1713 1666 
1718 1722 1696 1723 
1708 1720 1713 1719 
1700 1708 1693 1769 
1685 1692 1693 1697 
1701 1700 1693 1706 
1714 1709 1702 1690 
1724 1723 1709 1728 
1702 1711 1701 1719 
1701 1708 1695 1747 
1682 1683 1685 1694 
1662 1611 1691 1712 
1717 1705 1710 1714 
1725 1731 1711 1737 
1712 1710 1712 1719 
1701 1716 1702 1712 
1694 1696 1703 1701 
1705 1697 1691 1715 
1717 1706 1702 1713 
1714 1705 1646 1728 
1712 1721 1715 1721 
1705 1716 1698 1720 
1682 1697 1788 1692 
1691 1691 1682 1695 
1726 1727 1633 1715 
1728 1711 1640 1714 
1712 1714 1712 1734 
1701 1716 1701 1713 
1676 1703 1773 1691 
1697 1688 1679 1692 
1706 1691 1687 1703 
1729 1714 1707 1724 
1717 1716 1711 1729 
1700 1712 1704 1717 
1672 1725 1704 1694 
1692 1696 1687 1694 
1705 1697 1693 1638 
1724 1716 1700 1723 
1711 1731 1717 1727 
1710 1712 1706 1718 
1706 1720 1701 1719 
1706 1700 1699 1706 
1717 1703 1705 1708 
1719 1703 1703 1713 
1719 1712 1710 1717 
1710 1711 1706 1721 
1701 1713 1705 1713 
1705 1706 1700 1715 
1712 1703 1706 1706 
1737 1669 1705 1725 
1723 1718 1705 1724 
1711 1719 1712 1732 
1702 1718 1702 1719 
1700 1710 1706 1713 
1706 1709 1701 1712 
1714 1708 1709 1714 
1719 1707 1705 1712 
1710 1714 1699 1715 
1705 1714 1701 1721 
1701 1715 1703 1717 
1704 1707 1700 1709 
1704 1705 1704 1711 
1728 1672 1743 1719 
1710 1717 1705 1723 
1732 1717 1705 1720 
1691 1708 1691 1722 
1713 1720 1713 1712 
1665 1698 1699 1716 
1727 1718 1717 1713 
1714 1710 1702 1720 
1709 1714 1708 1707 
1692 1700 1688 1712 
1707 1716 1714 1705 
1715 1697 1700 1715 
1731 1717 1717 1630 
1731 1713 1733 1727 
1694 1709 1710 1740 
1695 1703 1688 1701 
1703 1708 1700 1709 
1711 1707 1699 1709 
1721 1714 1706 1716 
1714 1704 1695 1716 
1711 1716 1703 1717 
1700 1709 1699 1714 
1701 1710 1703 1704 
1707 1707 1700 1710 
1717 1711 1712 1710 
1637 1710 1705 1731 
1715 1718 1703 1736 
1700 1711 1710 1713 
1721 1715 1706 1713 
1701 1703 1713 1717 
1727 1718 1714 1717 
1717 1706 1710 1722 
1707 1710 1707 1713 
1692 1695 1693 1705 
1702 1707 1694 1720 
1709 1716 1710 1709 
1711 1711 1707 1711 
1718 1706 1703 1711 
1755 1638 1706 1718 
1708 1720 1709 1715 
1707 1714 1707 1717 
1700 1716 1701 1713 
1718 1710 1707 1710 
1712 1710 1703 1716 
1715 1706 1705 1716 
1706 1708 1700 1715 
1703 1712 1700 1717 
1707 1712 1701 1717 
1710 1707 1709 1708 
1716 1703 1708 1706 
1711 1707 1701 1712 
1719 1671 1646 1721 
1709 1719 1709 1719 
1697 1716 1701 1709 
1716 1702 1713 1716 
1712 1713 1713 1708 
1721 1705 1701 1719 
1705 1702 1701 1715 
1710 1711 1697 1723 
1702 1709 1706 1712 
1710 1708 1702 1711 
1710 1706 1703 1709 
1720 1715 1709 1716 
1710 1707 1708 1617 
1714 1707 1753 1726 
1705 1712 1711 1714 
1712 1707 1711 1720 
1712 1714 1703 1710 
1712 1707 1710 1713 
1711 1714 1699 1718 
1705 1714 1703 1713 
1705 1710 1699 1714 
1702 1709 1703 1710 
1712 1712 1703 1717 
1709 1708 1704 1713 
1709 1708 1705 1714 
1641 1709 1703 1612 
1718 1724 1687 1725 
1705 1705 1708 1722 
1712 1720 1701 1714 
1712 1707 1708 1714 
1707 1711 1696 1718 
1708 1708 1704 1715 
1702 1708 1698 1712 
1704 1705 1697 1713 
1709 1710 1702 1715 
1709 1712 1702 1708 
1705 1707 1699 1707 
1703 1705 1694 1710 
1637 1639 1701 1710 
1718 1720 1709 1726 
1713 1705 1695 1707 
1707 1718 1702 1719 
1760 1711 1702 1714 
1689 1683 1673 1698 
1697 1696 1688 1706 
1701 1701 1691 1708 
1713 1720 1715 1714 
1709 1712 1704 1714 
1703 1698 1700 1745 
1694 1687 1674 1697 
1692 1689 1693 1695 
1706 1805 1692 1664 
1720 1719 1715 1704 
1716 1726 1704 1726 
1712 1703 1701 1805 
1688 1691 1699 1697 
1694 1687 1687 1700 
1706 1699 1695 1652 
1719 1716 1706 1718 
1718 1713 1709 1717 
1708 1706 1704 1714 
1706 1708 1702 1709 
1697 1702 1699 1704 
1707 1704 1700 1738 
1714 1722 1735 1722 
1707 1723 1716 1717 
1717 1708 1712 1721 
1707 1717 1702 1709 
1708 1699 1699 1713 
1709 1709 1705 1713 
1710 1705 1701 1714 
1705 1707 1702 1711 
1708 1709 1700 1719 
1706 1709 1703 1716 
1704 1707 1699 1707 
1703 1704 1695 1707 
1669 1706 1703 1704 
1717 1710 1719 1726 
1705 1720 1707 1715 
1711 1705 1705 1716 
1706 1715 1702 1718 
1707 1710 1702 1711 
1704 1704 1697 1712 
1708 1703 1701 1717 
1710 1712 1706 1715 
1702 1709 1700 1715 
1704 1708 1700 1712 
1705 1706 1696 1710 
1705 1707 1701 1710 
1638 1704 1702 1743 
1718 1725 1719 1721 
1709 1698 1715 1713 
1704 1715 1697 1713 
1709 1703 1703 1706 
1703 1707 1697 1712 
1712 1705 1701 1712 
1712 1710 1703 1713 
1709 1738 1700 1703 
1705 1699 1686 1713 
1707 1710 1706 1708 
1717 1674 1697 1723 
1711 1714 1717 1707 
1758 1659 1702 1712 
1703 1736 1711 1695 
1704 1707 1685 1719 
1710 1705 1699 1705 
1703 1707 1699 1717 
1714 1714 1707 1712 
1707 1705 1705 1713 
1738 1709 1701 1702 
1692 1697 1688 1711 
1701 1707 1693 1712 
1660 1711 1697 1706 
1712 1717 1706 1708 
1710 1702 1698 1713 
1794 1665 1704 1720 
1692 1696 1693 1711 
1705 1701 1685 1696 
1659 1704 1694 1722 
1713 1719 1708 1714 
1708 1713 1707 1710 
1754 1711 1697 1693 
1696 1689 1672 1699 
1704 1704 1688 1706 
1707 1703 1694 1721 
1716 1714 1708 1718 
1707 1707 1708 1710 
1705 1711 1711 1717 
1702 1634 1627 1705 
1710 1712 1701 1706 
1706 1707 1691 1690 
1727 1714 1708 1722 
1706 1708 1705 1718 
1705 1698 1709 1786 
1692 1692 1703 1698 
1704 1700 1697 1706 
1704 1703 1696 1679 
1720 1714 1699 1727 
1709 1707 1709 1717 
1708 1709 1703 1788 
1685 1684 1692 1664 
1723 1692 1648 1728 
1701 1713 1708 1694 
1730 1726 1726 1730 
1704 1712 1708 1717 
1709 1712 1706 1719 
1697 1696 1700 1705 
1701 1701 1696 1711 
1706 1705 1704 1711 
1714 1710 1699 1726 
1707 1711 1717 1713 
1701 1707 1712 1707 
1698 1697 1758 1698 
1706 1695 1694 1637 
1713 1716 1659 1719 
1725 1707 1664 1727 
1714 1713 1726 1721 
1716 1712 1706 1716 
1695 1702 1797 1697 
1700 1692 1687 1709 
1701 1698 1698 1710 
1717 1716 1663 1731 
1710 1717 1717 1716 
1704 1708 1704 1709 
1679 1686 1738 1692 
1702 1698 1691 1707 
1649 1703 1699 1615 
1731 1726 1695 1732 
1705 1705 1720 1721 
1713 1718 1705 1714 
1696 1732 1704 1704 
1695 1691 1684 1702 
1701 1699 1699 1711 
1709 1688 1705 1722 
1714 1719 1713 1714 
1702 1709 1699 1709 
1708 1810 1703 1703 
1696 1694 1691 1699 
1695 1699 1694 1701 
1657 1633 1694 1769 
1723 1727 1719 1732 
1709 1716 1705 1717 
1714 1808 1699 1688 
1691 1690 1681 1699 
1699 1694 1693 1704 
1708 1650 1698 1724 
1711 1713 1711 1715 
1710 1714 1711 1711 
1709 1757 1701 1679 
1696 1693 1683 1697 
1699 1693 1691 1700 
1691 1706 1696 1718 
1783 1722 1707 1724 
1725 1727 1717 1719 
1793 1711 1693 1696 
1699 1696 1700 1700 
1703 1698 1694 1704 
1711 1701 1703 1710 
1715 1710 1700 1718 
1714 1712 1708 1711 
1719 1715 1707 1716 
1708 1712 1711 1707 
1712 1708 1697 1714 
1712 1707 1703 1715 
1719 1712 1706 1719 
1725 1627 1705 1710 
1723 1720 1704 1723 
1714 1709 1694 1714 
1719 1719 1711 1716 
1710 1708 1699 1712 
1715 1707 1700 1717 
1716 1706 1704 1722 
1710 1711 1709 1712 
1709 1707 1701 1713 
1709 1710 1702 1714 
1716 1711 1704 1717 
1708 1708 1704 1710 
1711 1708 1702 1713 
1707 1638 1703 1720 
1715 1718 1714 1719 
1713 1719 1710 1715 
1709 1716 1705 1721 
1715 1712 1705 1719 
1712 1712 1702 1722 
1708 1712 1705 1718 
1704 1714 1701 1715 
1706 1715 1705 1718 
1707 1715 1703 1717 
1706 1712 1702 1716 
1701 1711 1700 1713 
1706 1714 1698 1719 
1733 1676 1624 1729 
1717 1723 1714 1720 
1712 1716 1716 1713 
1713 1722 1708 1724 
1714 1711 1706 1724 
1708 1712 1704 1718 
1710 1706 1699 1718 
1709 1713 1705 1717 
1711 1713 1705 1715 
1705 1706 1698 1712 
1707 1710 1700 1717 
1708 1714 1709 1718 
1705 1711 1706 1711 
1714 1619 1604 1713 
1718 1717 1712 1711 
1719 1716 1705 1720 
1720 1710 1705 1717 
1713 1711 1707 1718 
1713 1708 1708 1719 
1711 1710 1708 1714 
1711 1710 1706 1712 
1712 1712 1708 1716 
1715 1713 1707 1717 
1712 1709 1705 1718 
1709 1707 1704 1713 
1711 1707 1703 1713 
1727 1667 1649 1718 
1719 1718 1708 1721 
1714 1717 1710 1719 
1718 1714 1709 1715 
1713 1711 1704 1720 
1714 1711 1707 1720 
1713 1710 1709 1718 
1710 1710 1707 1716 
1714 1713 1706 1720 
1714 1715 1707 1717 
1707 1710 1705 1711 
1708 1710 1700 1717 
1714 1712 1709 1690 
1731 1699 1669 1727 
1712 1720 1713 1725 
1718 1717 1709 1723 
1713 1718 1704 1720 
1710 1718 1704 1718 
1709 1711 1704 1721 
1715 1717 1703 1721 
1715 1717 1707 1723 
1710 1718 1703 1718 
1709 1715 1703 1719 
1712 1715 1703 1719 
1713 1712 1704 1719 
1711 1712 1703 1624 
1712 1720 1558 1728 
1711 1719 1710 1721 
1711 1715 1703 1723 
1710 1716 1706 1720 
1712 1713 1704 1718 
1709 1711 1704 1716 
1712 1711 1706 1719 
1711 1710 1706 1715 
1709 1711 1702 1715 
1712 1713 1702 1718 
1714 1713 1703 1715 
1709 1709 1702 1716 
1710 1708 1705 1643 
1714 1723 1667 1721 
1715 1718 1712 1723 
1707 1713 1709 1716 
1711 1712 1705 1716 
1713 1712 1706 1718 
1713 1715 1705 1717 
1710 1708 1701 1715 
1715 1712 1701 1719 
1714 1714 1709 1717 
1706 1712 1705 1712 
1711 1706 1700 1715 
1713 1710 1706 1721 
1671 1712 1709 1674 
1720 1717 1721 1722 
1721 1711 1712 1721 
1714 1712 1710 1716 
1712 1714 1708 1715 
1712 1711 1705 1716 
1713 1710 1704 1714 
1712 1710 1706 1714 
1708 1709 1703 1713 
1705 1705 1704 1712 
1707 1708 1704 1714 
1707 1707 1707 1712 
1707 1708 1705 1712 
1610 1704 1708 1592 
1714 1710 1718 1717 
1713 1707 1711 1717 
1715 1713 1707 1718 
1717 1709 1710 1720 
1714 1708 1708 1717 
1718 1709 1707 1719 
1714 1710 1707 1715 
1712 1707 1707 1710 
1710 1708 1704 1717 
1714 1709 1704 1718 
1712 1709 1705 1715 
1713 1705 1699 1715 
1645 1709 1706 1669 
1713 1714 1720 1717 
1714 1715 1709 1717 
1711 1725 1701 1713 
1715 1708 1692 1729 
1710 1715 1714 1712 
1706 1670 1698 1726 
1711 1720 1720 1717 
1716 1716 1707 1720 
1707 1791 1699 1700 
1697 1690 1687 1713 
1701 1701 1705 1714 
1714 1688 1706 1731 
1672 1681 1723 1702 
1713 1712 1719 1728 
1700 1736 1710 1704 
1700 1693 1693 1715 
1707 1705 1702 1716 
1718 1715 1710 1731 
1711 1720 1719 1715 
1712 1711 1702 1720 
1739 1707 1702 1705 
1696 1699 1690 1709 
1703 1705 1698 1709 
1676 1707 1698 1715 
1720 1710 1705 1724 
1768 1633 1708 1705 
1809 1712 1701 1721 
1693 1701 1694 1709 
1706 1709 1700 1712 
1646 1705 1700 1716 
1723 1717 1710 1726 
1710 1714 1712 1720 
1741 1718 1706 1706 
1694 1693 1685 1711 
1708 1706 1701 1718 
1716 1717 1707 1730 
1717 1720 1715 1722 
1713 1707 1703 1724 
1688 1643 1709 1725 
1696 1698 1686 1704 
1705 1708 1702 1710 
1708 1706 1703 1699 
1712 1712 1713 1723 
1717 1718 1711 1718 
1714 1714 1704 1751 
1698 1704 1705 1704 
1704 1703 1700 1713 
1710 1713 1707 1658 
1720 1713 1698 1730 
1710 1711 1711 1717 
1711 1711 1707 1806 
1699 1646 1717 1705 
1710 1709 1705 1709 
1705 1706 1704 1672 
1721 1728 1722 1730 
1712 1716 1720 1721 
1711 1711 1710 1745 
1691 1688 1692 1706 
1706 1707 1698 1716 
1717 1711 1706 1721 
1719 1716 1706 1730 
1712 1708 1711 1721 
1709 1714 1712 1705 
1700 1694 1747 1694 
1709 1692 1641 1719 
1714 1704 1703 1716 
1716 1706 1660 1725 
1722 1718 1714 1727 
1709 1705 1709 1722 
1699 1707 1759 1705 
1705 1700 1692 1710 
1710 1709 1704 1720 
1721 1711 1666 1736 
1712 1713 1716 1715 
1713 1707 1702 1713 
1687 1690 1755 1696 
1707 1697 1684 1633 
1708 1687 1700 1712 
1729 1728 1697 1731 
1723 1718 1715 1724 
1712 1709 1706 1718 
1699 1710 1700 1704 
1708 1699 1690 1710 
1713 1709 1702 1717 
1706 1682 1706 1718 
1713 1718 1713 1720 
1713 1715 1707 1712 
1708 1791 1702 1699 
1696 1692 1689 1704 
1671 1704 1699 1670 
1721 1689 1690 1730 
1717 1723 1723 1726 
1708 1713 1706 1716 
1701 1791 1704 1696 
1693 1693 1684 1702 
1704 1707 1697 1706 
1726 1683 1701 1726 
1725 1726 1720 1719 
1711 1711 1703 1718 
1696 1709 1707 1693 
1704 1698 1686 1702 
1706 1707 1701 1704 
1643 1713 1704 1727 
1718 1726 1721 1714 
1716 1718 1711 1716 
1765 1712 1703 1712 
1696 1706 1698 1701 
1705 1713 1695 1707 
1688 1709 1701 1713 
1729 1723 1714 1724 
1711 1710 1711 1715 
1754 1710 1707 1715 
1695 1696 1692 1704 
1714 1713 1705 1716 
1653 1712 1710 1713 
1809 1733 1718 1716 
1715 1712 1716 1724 
1772 1714 1713 1713 
1691 1687 1679 1695 
1699 1700 1691 1699 
1729 1708 1702 1710 
1721 1725 1729 1720 
1719 1716 1712 1717 
1709 1709 1704 1737 
1697 1695 1677 1700 
1698 1702 1694 1696 
1710 1706 1700 1664 
1720 1708 1708 1722 
1733 1669 1715 1721 
1720 1709 1708 1814 
1696 1702 1705 1700 
1700 1699 1693 1703 
1707 1706 1699 1710 
1717 1706 1700 1721 
1714 1715 1714 1720 
1711 1707 1706 1720 
1706 1710 1705 1714 
1706 1708 1699 1716 
1708 1714 1706 1713 
1713 1713 1706 1722 
1713 1710 1711 1720 
1726 1672 1641 1728 
1707 1715 1706 1714 
1713 1718 1700 1720 
1716 1716 1702 1715 
1721 1717 1707 1723 
1714 1713 1708 1724 
1713 1713 1710 1722 
1708 1715 1708 1721 
1709 1715 1707 1710 
1712 1713 1699 1718 
1727 1713 1707 1721 
1726 1713 1707 1720 
1709 1710 1707 1726 
1710 1706 1799 1722 
1715 1717 1712 1717 
1714 1718 1706 1714 
1716 1716 1702 1719 
1716 1716 1707 1722 
1715 1714 1708 1724 
1710 1710 1706 1718 
1707 1710 1702 1717 
1711 1713 1704 1718 
1716 1715 1708 1717 
1713 1713 1705 1716 
1711 1712 1706 1722 
1679 1710 1705 1688 
1710 1716 1689 1717 
1711 1713 1706 1715 
1714 1717 1705 1717 
1712 1714 1707 1717 
1713 1712 1705 1723 
1710 1712 1704 1719 
1707 1710 1703 1715 
1712 1710 1703 1713 
1712 1714 1705 1717 
1712 1715 1706 1720 
1708 1709 1710 1718 
1706 1710 1705 1720 
1688 1709 1706 1720 
1710 1714 1701 1715 
1715 1712 1703 1718 
1716 1713 1709 1721 
1713 1716 1711 1723 
1707 1708 1708 1717 
1711 1711 1705 1719 
1714 1713 1707 1717 
1715 1712 1707 1716 
1714 1710 1703 1720 
1713 1715 1708 1723 
1713 1714 1709 1721 
1707 1710 1704 1718 
1696 1666 1702 1716 
1717 1715 1706 1720 
1719 1717 1708 1717 
1715 1710 1707 1718 
1713 1711 1708 1721 
1715 1711 1705 1719 
1713 1706 1704 1716 
1713 1708 1706 1712 
1714 1714 1706 1715 
1711 1712 1711 1713 
1710 1711 1705 1715 
1709 1709 1704 1715 
1710 1709 1704 1715 
1727 1712 1658 1722 
1713 1710 1705 1720 
1711 1712 1711 1717 
1708 1709 1706 1714 
1708 1708 1706 1719 
1716 1708 1707 1719 
1715 1710 1706 1716 
1714 1712 1705 1720 
1715 1713 1706 1720 
1712 1712 1707 1717 
1706 1708 1708 1711 
1710 1710 1704 1712 
1712 1709 1706 1663 
1716 1725 1711 1714 
1713 1711 1705 1718 
1712 1711 1711 1721 
1713 1709 1706 1719 
1710 1706 1703 1714 
1712 1708 1704 1719 
1718 1712 1706 1721 
1716 1713 1707 1717 
1712 1710 1702 1720 
1711 1710 1705 1719 
1710 1709 1704 1717 
1714 1709 1706 1716 
1669 1713 1707 1736 
1714 1722 1722 1721 
1711 1710 1703 1717 
1708 1710 1702 1716 
1705 1708 1704 1714 
1711 1708 1706 1708 
1715 1710 1704 1717 
1713 1714 1705 1720 
1711 1716 1703 1723 
1708 1709 1698 1720 
1710 1710 1705 1717 
1711 1708 1706 1712 
1711 1712 1707 1710 
1743 1706 1704 1734 
1708 1717 1712 1728 
1707 1717 1704 1721 
1700 1708 1697 1711 
1707 1703 1708 1705 
1712 1709 1713 1698 
1715 1709 1703 1718 
1709 1718 1708 1720 
1719 1676 1692 1735 
1712 1723 1709 1720 
1703 1702 1702 1706 
1698 1782 1714 1688 
1701 1694 1696 1699 
1716 1722 1698 1722 
1708 1641 1681 1740 
1709 1724 1696 1734 
1704 1711 1712 1702 
1699 1790 1709 1668 
1696 1678 1690 1690 
1714 1703 1689 1720 
1718 1687 1684 1757 
1710 1731 1697 1744 
1696 1710 1708 1704 
1714 1688 1716 1654 
1696 1677 1704 1680 
1716 1696 1700 1650 
1738 1756 1706 1745 
1708 1741 1681 1759 
1690 1719 1694 1712 
1693 1696 1716 1687 
1702 1683 1732 1675 
1732 1702 1715 1717 
1736 1727 1693 1753 
1725 1749 1681 1759 
1688 1731 1690 1724 
1683 1704 1721 1685 
1699 1678 1735 1677 
1728 1688 1732 1696 
1679 1714 1698 1768 
1735 1765 1716 1760 
1699 1726 1681 1740 
1677 1711 1706 1686 
1694 1677 1732 1666 
1721 1678 1738 1689 
1749 1702 1713 1731 
1739 1735 1680 1759 
1711 1742 1676 1744 
1683 1727 1700 1717 
1676 1683 1727 1663 
1723 1678 1738 1685 
1744 1683 1719 1675 
1768 1700 1685 1786 
1716 1752 1682 1757 
1683 1738 1682 1754 
1663 1693 1716 1663 
1706 1668 1725 1669 
1744 1680 1725 1685 
1765 1719 1701 1762 
1722 1737 1682 1750 
1686 1742 1677 1752 
1656 1692 1691 1664 
1691 1683 1721 1667 
1729 1670 1724 1703 
1753 1700 1710 1739 
1741 1758 1683 1747 
1689 1741 1688 1729 
1664 1723 1713 1668 
1685 1688 1718 1672 
1724 1677 1726 1696 
1750 1683 1680 1743 
1733 1718 1701 1742 
1701 1732 1684 1723 
1665 1732 1772 1681 
1686 1706 1704 1683 
1715 1685 1724 1699 
1754 1689 1689 1741 
1654 1703 1705 1784 
1705 1748 1736 1731 
1671 1694 1755 1678 
1676 1714 1684 1684 
1716 1692 1718 1696 
1748 1706 1710 1736 
1736 1703 1716 1731 
1712 1714 1692 1724 
1676 1725 1692 1696 
1687 1717 1698 1685 
1706 1703 1710 1695 
1737 1687 1718 1729 
1736 1701 1722 1732 
1804 1592 1698 1763 
1692 1790 1705 1711 
1683 1714 1674 1681 
1708 1710 1717 1701 
1733 1659 1709 1729 
1737 1709 1724 1733 
1720 1704 1698 1729 
1682 1795 1695 1683 
1683 1708 1679 1693 
1698 1714 1703 1699 
1732 1693 1709 1729 
1730 1710 1723 1726 
1714 1698 1699 1724 
1711 1706 1692 1703 
1693 1698 1698 1698 
1702 1733 1708 1711 
1718 1710 1713 1726 
1737 1719 1710 1732 
1722 1702 1699 1730 
1719 1707 1701 1704 
1689 1705 1694 1695 
1705 1722 1706 1707 
1666 1716 1709 1717 
1739 1724 1718 1731 
1718 1703 1704 1722 
1857 1703 1699 1569 
1685 1715 1690 1712 
1708 1702 1690 1696 
1674 1714 1706 1730 
1734 1730 1722 1728 
1721 1710 1702 1725 
1758 1703 1697 1692 
1683 1687 1672 1695 
1702 1711 1695 1703 
1718 1716 1702 1728 
1731 1723 1713 1735 
1715 1710 1710 1723 
1706 1704 1707 1716 
1713 1621 1691 1742 
1699 1721 1718 1722 
1720 1717 1698 1691 
1730 1720 1710 1732 
1715 1711 1712 1724 
1704 1706 1713 1772 
1687 1693 1705 1692 
1702 1705 1693 1704 
1716 1718 1699 1728 
1717 1719 1712 1724 
1721 1714 1708 1727 
1708 1709 1708 1769 
1689 1688 1695 1521 
1716 1766 1864 1697 
1696 1706 1699 1675 
1735 1733 1709 1734 
1716 1721 1715 1722 
1708 1711 1708 1763 
1683 1677 1697 1692 
1696 1703 1693 1698 
1711 1708 1691 1711 
1726 1728 1687 1725 
1727 1723 1711 1727 
1713 1712 1713 1710 
1690 1685 1746 1688 
1686 1693 1692 1667 
1724 1714 1710 1707 
1721 1706 1651 1732 
1727 1724 1701 1716 
1708 1719 1710 1716 
1694 1710 1801 1691 
1692 1692 1685 1694 
1707 1699 1690 1712 
1718 1712 1692 1725 
1723 1725 1710 1728 
1711 1713 1709 1715 
1712 1716 1711 1709 
1711 1712 1710 1713 
1774 1777 1636 1743 
1717 1721 1698 1707 
1715 1711 1717 1731 
1706 1724 1699 1715 
1705 1718 1709 1710 
1708 1715 1708 1713 
1712 1712 1706 1716 
1721 1711 1702 1725 
1721 1715 1706 1724 
1712 1718 1709 1722 
1702 1712 1709 1711 
1708 1716 1707 1706 
1598 1713 1709 1798 
1716 1726 1747 1731 
1719 1711 1687 1721 
1712 1711 1705 1721 
1707 1718 1709 1712 
1702 1714 1711 1707 
1710 1715 1708 1718 
1717 1718 1708 1723 
1720 1714 1703 1721 
1708 1715 1698 1716 
1708 1716 1703 1713 
1708 1718 1715 1711 
1709 1713 1705 1714 
1788 1613 1704 1782 
1732 1706 1717 1720 
1723 1705 1703 1710 
1697 1724 1694 1708 
1705 1711 1709 1712 
1709 1714 1709 1719 
1714 1711 1707 1722 
1717 1714 1704 1721 
1715 1714 1703 1717 
1708 1712 1704 1708 
1705 1713 1707 1711 
1708 1711 1710 1715 
1716 1711 1710 1650 
1742 1762 1747 1720 
1704 1721 1723 1703 
1708 1698 1722 1720 
1701 1714 1701 1706 
1708 1710 1712 1717 
1713 1713 1713 1720 
1716 1710 1710 1719 
1715 1709 1703 1718 
1714 1711 1707 1715 
1712 1712 1711 1717 
1708 1706 1711 1715 
1715 1710 1713 1719 
1719 1713 1712 1817 
1720 1721 1746 1736 
1709 1712 1680 1711 
1711 1709 1702 1707 
1713 1714 1711 1710 
1713 1710 1711 1711 
1715 1710 1711 1719 
1718 1710 1713 1721 
1713 1712 1705 1713 
1709 1709 1703 1714 
1710 1709 1711 1711 
1716 1713 1713 1714 
1719 1715 1708 1721 
1758 1642 1598 1750 
1691 1727 1707 1726 
1704 1708 1701 1705 
1705 1704 1719 1713 
1716 1709 1709 1712 
1717 1711 1709 1716 
1716 1720 1703 1724 
1710 1715 1702 1723 
1701 1708 1705 1715 
1706 1706 1709 1712 
1718 1707 1711 1713 
1718 1710 1715 1714 
1701 1716 1704 1910 
1700 1718 1750 1743 
1691 1714 1705 1726 
1713 1702 1698 1699 
1711 1697 1716 1712 
1724 1710 1713 1711 
1717 1715 1708 1724 
1710 1716 1704 1728 
1704 1714 1702 1722 
1702 1707 1704 1712 
1713 1706 1712 1707 
1719 1709 1712 1709 
1722 1716 1710 1717 
1723 1520 1521 1755 
1707 1736 1703 1722 
1690 1723 1688 1708 
1705 1697 1721 1703 
1716 1705 1715 1709 
1725 1708 1717 1718 
1715 1719 1704 1720 
1706 1720 1695 1725 
1701 1715 1699 1719 
1706 1709 1711 1714 
1713 1700 1714 1708 
1726 1705 1715 1714 
1801 1715 1711 1716 
1708 1739 1713 1743 
1683 1692 1712 1740 
1700 1712 1693 1712 
1718 1699 1724 1705 
1723 1701 1714 1713 
1720 1709 1713 1727 
1711 1717 1703 1733 
1699 1721 1701 1726 
1696 1715 1703 1719 
1708 1707 1712 1714 
1725 1705 1719 1712 
1724 1704 1712 1722 
1776 1650 1594 1760 
1698 1715 1700 1694 
1679 1723 1681 1708 
1635 1700 1702 1699 
1725 1707 1721 1711 
1733 1709 1719 1721 
1815 1709 1703 1727 
1683 1695 1678 1714 
1684 1705 1683 1705 
1642 1704 1689 1708 
1726 1716 1722 1715 
1731 1715 1718 1716 
1741 1705 1703 1720 
1703 1739 1772 1719 
1685 1685 1703 1704 
1695 1710 1686 1680 
1722 1709 1708 1707 
1737 1717 1716 1721 
1721 1706 1709 1727 
1698 1707 1705 1721 
1686 1703 1693 1716 
1701 1715 1695 1715 
1713 1715 1704 1710 
1728 1711 1707 1717 
1722 1706 1713 1727 
1717 1652 1711 1780 
1709 1710 1719 1706 
1694 1711 1701 1713 
1705 1720 1691 1707 
1724 1714 1719 1716 
1721 1716 1710 1727 
1710 1707 1716 1728 
1698 1708 1704 1724 
1698 1717 1699 1714 
1718 1718 1692 1722 
1718 1713 1707 1706 
1729 1718 1709 1728 
1710 1709 1713 1657 
1718 1756 1799 1726 
1689 1702 1709 1705 
1706 1703 1643 1718 
1720 1722 1707 1710 
1726 1722 1710 1718 
1702 1710 1761 1707 
1695 1698 1687 1720 
1707 1712 1702 1719 
1720 1720 1650 1723 
1712 1721 1711 1703 
1718 1721 1706 1711 
1692 1698 1757 1705 
1728 1644 1694 1755 
1702 1700 1710 1706 
1719 1722 1695 1720 
1730 1729 1704 1713 
1722 1713 1701 1715 
1701 1719 1708 1711 
1700 1701 1696 1724 
1705 1711 1708 1721 
1701 1676 1702 1712 
1719 1723 1713 1710 
1726 1720 1706 1714 
1716 1788 1707 1704 
1648 1697 1698 1687 
1710 1726 1726 1724 
1711 1649 1717 1729 
1726 1722 1715 1714 
1724 1717 1706 1714 
1697 1771 1711 1690 
1697 1693 1685 1711 
1700 1700 1707 1715 
1722 1710 1706 1732 
1721 1723 1721 1712 
1723 1719 1703 1713 
1713 1712 1706 1694 
1698 1696 1698 1703 
1704 1681 1702 1720 
1703 1713 1709 1725 
1726 1725 1709 1725 
1721 1719 1692 1727 
1743 1720 1699 1712 
1693 1702 1698 1704 
1696 1704 1714 1704 
1669 1703 1712 1709 
1732 1724 1704 1735 
1731 1725 1690 1736 
1805 1725 1687 1721 
1678 1696 1693 1692 
1678 1695 1716 1668 
1671 1701 1727 1717 
1741 1726 1716 1742 
1734 1725 1688 1752 
1734 1739 1685 1719 
1686 1703 1677 1694 
1682 1699 1718 1678 
1705 1692 1731 1698 
1721 1700 1719 1722 
1748 1731 1687 1760 
1724 1738 1676 1780 
1693 1724 1681 1699 
1677 1697 1710 1669 
1695 1688 1736 1661 
1738 1703 1725 1729 
