1957 1546 1896 1698 
1812 909 1128 1605 
1547 977 850 1618 
1403 1758 1397 1732 
1545 2565 2295 1856 
1854 2641 2712 1850 
2053 1844 2185 1696 
1942 863 1143 1550 
1606 605 549 1566 
1343 1368 1027 1740 
1410 2495 2216 1902 
1758 2966 3009 1884 
2079 2284 2593 1703 
2078 1048 1286 1530 
1729 363 298 1532 
1356 899 607 1709 
1306 2192 1997 1900 
1633 3084 3181 1938 
2036 2745 3009 1767 
2145 1452 1581 1532 
1866 382 222 1465 
1453 496 301 1645 
1277 1711 1644 1904 
1499 2935 3170 1988 
1925 3063 3410 1816 
2134 1969 2031 1543 
1968 653 305 1431 
1578 284 154 1595 
1334 1211 1254 1861 
1434 2557 3037 2004 
1790 3131 3553 1875 
2045 2414 2515 1602 
1994 1099 552 1419 
1691 361 111 1507 
1435 851 866 1801 
1440 2076 2739 2015 
1688 2921 3562 1942 
1932 2668 3030 1656 
1953 1574 953 1427 
1766 668 98 1470 
1541 714 524 1742 
1525 1657 2362 1974 
1656 2561 3557 1977 
1836 2680 3489 1725 
1855 1918 1401 1478 
1761 1058 103 1441 
1626 822 291 1672 
1610 1393 1944 1938 
1677 2168 3535 2000 
1772 2481 3551 1776 
1769 2083 1869 1509 
1715 1410 40 1435 
1657 1076 161 1632 
1689 1327 1530 1887 
1739 1876 3489 1984 
1760 2184 3548 1810 
1700 2051 2323 1567 
1643 1629 131 1441 
1651 1360 114 1578 
1736 1434 1148 1837 
1786 1734 3162 1977 
1786 1928 3543 1843 
1673 1893 2729 1608 
1585 1694 568 1458 
1607 1568 86 1555 
1746 1607 811 1800 
1842 1762 2749 1956 
1829 1771 3543 1865 
1674 1712 3079 1647 
1537 1602 932 1487 
1559 1670 62 1535 
1732 1780 523 1749 
1903 1925 2349 1927 
1879 1729 3540 1897 
1693 1576 3410 1689 
1509 1532 1347 1509 
1511 1663 56 1523 
1707 1880 301 1715 
1914 1953 1950 1909 
1929 1788 3498 1914 
1733 1530 3520 1730 
1510 1424 1774 1543 
1470 1603 58 1535 
1669 1894 165 1682 
1913 2043 1537 1876 
1964 1871 3292 1911 
1776 1556 3531 1771 
1480 1356 2181 1573 
1447 1515 261 1508 
1631 1848 103 1650 
1931 2075 1147 1852 
1978 1939 2955 1914 
1820 1607 3525 1780 
1469 1344 2555 1605 
1435 1452 632 1526 
1583 1778 78 1641 
1908 2067 805 1813 
1999 1994 2566 1885 
1867 1672 3503 1802 
1530 1372 2859 1639 
1427 1402 1035 1549 
1541 1707 67 1618 
1830 2034 527 1785 
1996 2031 2143 1873 
1899 1745 3413 1816 
1606 1414 3072 1650 
1420 1380 1428 1544 
1495 1658 67 1617 
1782 1985 321 1765 
1990 2047 1755 1912 
1936 1800 3185 1824 
1659 1476 3209 1683 
1439 1382 1796 1546 
1470 1596 295 1605 
1748 1927 197 1738 
1972 2038 1386 1904 
1966 1842 2888 1823 
1713 1530 3262 1700 
1468 1402 2153 1549 
1447 1561 618 1603 
1690 1867 133 1726 
1936 1999 1037 1882 
1978 1874 2552 1825 
1750 1576 3211 1713 
1493 1425 2435 1606 
1436 1533 953 1601 
1646 1818 170 1705 
1912 1982 821 1829 
1988 1900 2208 1839 
1793 1627 3093 1736 
1539 1453 2608 1604 
1437 1519 1295 1599 
1607 1767 323 1694 
1866 1952 702 1810 
1979 1902 1874 1831 
1827 1679 2925 1747 
1575 1499 2769 1621 
1438 1520 1606 1595 
1585 1728 519 1666 
1826 1902 537 1805 
1977 1900 1589 1839 
1856 1708 2709 1777 
1629 1543 2848 1639 
1460 1532 1897 1593 
1551 1696 765 1651 
1774 1865 501 1781 
1942 1872 1321 1835 
1877 1735 2452 1772 
1653 1574 2830 1644 
1483 1559 2142 1596 
1546 1678 1014 1630 
1753 1831 556 1769 
1933 1857 1121 1835 
1887 1741 2196 1811 
1685 1553 2754 1672 
1513 1582 2322 1603 
1529 1682 1288 1624 
1715 1886 643 1735 
1891 1828 954 1813 
1896 1756 1932 1803 
1721 1630 2632 1692 
1541 1600 2443 1613 
1532 1671 1534 1615 
1690 1783 798 1726 
1877 1819 869 1806 
1890 1754 1704 1820 
1742 1658 2477 1722 
1563 1625 2511 1631 
1533 1669 1760 1612 
1674 1766 969 1707 
1850 1798 842 1797 
1885 1756 1495 1822 
1733 1678 2292 1740 
1582 1653 2527 1644 
1533 1667 1951 1613 
1673 1739 1160 1687 
1834 1759 848 1773 
1881 1750 1327 1810 
1706 1688 2098 1754 
1600 1689 2502 1682 
1538 1691 2111 1639 
1651 1725 1345 1675 
1828 1733 899 1740 
1886 1724 1188 1794 
1776 1697 1906 1765 
1595 1701 2413 1704 
1538 1716 2225 1657 
1647 1728 1545 1673 
1816 1706 989 1732 
1896 1695 1091 1767 
1788 1697 1729 1766 
1604 1718 2302 1721 
1525 1753 2302 1678 
1629 1746 1725 1675 
1818 1704 1124 1709 
1905 1660 1043 1740 
1802 1669 1557 1754 
1614 1720 2171 1698 
1513 1773 2323 1685 
1613 1769 1887 1719 
1798 1700 1273 1718 
1921 1647 1046 1742 
1820 1634 1412 1713 
1644 1720 2032 1728 
1505 1785 2305 1704 
1580 1793 2013 1693 
1777 1713 1417 1701 
1926 1639 1082 1722 
1848 1613 1305 1719 
1655 1683 1864 1731 
1506 1781 2253 1720 
1567 1823 2114 1711 
1756 1754 1580 1700 
1916 1652 1160 1700 
1874 1598 1231 1713 
1678 1656 1719 1727 
1515 1760 2164 1743 
1541 1825 2169 1729 
1727 1775 1722 1704 
1902 1668 1256 1690 
1898 1594 1194 1703 
1712 1632 1588 1727 
1527 1737 2063 1749 
1520 1821 2191 1741 
1697 1796 1854 1714 
1886 1693 1376 1684 
1908 1605 1197 1689 
1741 1618 1478 1724 
1543 1715 1951 1753 
1505 1804 2172 1757 
1661 1803 1954 1728 
1868 1716 1498 1694 
1923 1624 1231 1680 
1779 1619 1395 1713 
1572 1704 1833 1751 
1504 1793 2134 1760 
1638 1804 2022 1734 
1841 1728 1614 1692 
1925 1638 1283 1675 
1807 1616 1335 1695 
1602 1688 1714 1741 
1503 1770 2063 1763 
1604 1796 2060 1739 
1808 1737 1712 1694 
1921 1656 1352 1669 
1835 1633 1307 1689 
1631 1680 1612 1736 
1512 1763 1982 1770 
1583 1792 2073 1756 
1774 1743 1808 1703 
1906 1664 1435 1670 
1853 1639 1304 1681 
1669 1681 1526 1729 
1527 1753 1887 1767 
1566 1782 2062 1762 
1743 1744 1887 1716 
1887 1678 1530 1667 
1859 1647 1326 1668 
1705 1690 1466 1719 
1543 1744 1799 1766 
1554 1780 2032 1768 
1710 1737 1935 1727 
1863 1680 1624 1674 
1857 1642 1368 1669 
1738 1692 1431 1707 
1568 1740 1708 1758 
1557 1778 1984 1764 
1668 1734 1954 1727 
1835 1687 1702 1678 
1870 1651 1428 1654 
1758 1674 1404 1694 
1599 1726 1643 1749 
1559 1767 1924 1826 
1647 1751 1974 1725 
1813 1692 1752 1683 
1852 1648 1476 1608 
1773 1661 1392 1692 
1626 1715 1593 1736 
1574 1767 1868 1823 
1633 1757 1973 1738 
1775 1724 1805 1701 
1841 1664 1534 1631 
1787 1657 1411 1699 
1649 1679 1557 1718 
1588 1739 1826 1778 
1626 1744 1946 1724 
1761 1748 1826 1723 
1815 1692 1564 1714 
1774 1664 1429 1705 
1668 1661 1536 1692 
1605 1704 1796 1691 
1641 1745 1964 1699 
1752 1774 1844 1746 
1804 1739 1586 1765 
1764 1669 1383 1753 
1664 1635 1521 1688 
1614 1657 1784 1641 
1648 1728 2037 1638 
1744 1781 1868 1731 
1800 1788 1608 1816 
1772 1723 1343 1828 
1668 1643 1491 1708 
1623 1614 1759 1596 
1638 1656 2029 1568 
1740 1759 1911 1695 
1799 1820 1635 1851 
1780 1805 1371 1904 
1671 1685 1447 1765 
1618 1598 1713 1581 
1628 1599 1980 1495 
1740 1703 1964 1624 
1798 1814 1694 1836 
1780 1824 1405 1960 
1688 1755 1390 1849 
1622 1625 1646 1609 
1639 1617 1962 1455 
1721 1632 2020 1539 
1794 1772 1771 1792 
1773 1788 1438 1985 
1706 1829 1353 1928 
1633 1688 1564 1677 
1635 1652 1906 1435 
1701 1566 2028 1459 
1782 1699 1858 1709 
1792 1768 1518 1979 
1720 1869 1349 1990 
1645 1760 1477 1768 
1633 1680 1818 1463 
1688 1540 2012 1415 
1756 1611 1923 1626 
1772 1778 1613 1926 
1732 1862 1386 2012 
1671 1831 1428 1840 
1681 1703 1711 1540 
1684 1575 1958 1424 
1733 1563 1967 1543 
1712 1672 1719 1819 
1731 1807 1453 1987 
1695 1865 1409 1903 
1773 1788 1603 1660 
1685 1644 1875 1464 
1713 1559 1968 1501 
1658 1599 1817 1715 
1725 1730 1567 1927 
1707 1847 1433 1930 
1709 1853 1527 1754 
1708 1740 1764 1551 
1716 1617 1936 1508 
1699 1557 1886 1638 
1705 1644 1680 1829 
1704 1774 1489 1919 
1732 1876 1495 1837 
1733 1822 1659 1657 
1719 1696 1858 1539 
1688 1566 1906 1568 
1687 1582 1779 1731 
1701 1691 1577 1864 
1745 1837 1483 1908 
1750 1871 1571 1744 
1733 1780 1758 1601 
1676 1621 1889 1511 
1667 1554 1845 1653 
1685 1616 1683 1794 
1744 1768 1518 1950 
1754 1857 1513 1810 
1741 1835 1653 1677 
1678 1694 1831 1546 
1662 1586 1894 1591 
1672 1566 1770 1720 
1739 1699 1589 1868 
1763 1809 1481 1859 
1751 1862 1583 1752 
1690 1760 1765 1609 
1645 1628 1890 1552 
1649 1551 1829 1639 
1735 1645 1659 1803 
1774 1768 1520 1881 
1774 1861 1536 1823 
1692 1801 1696 1661 
1649 1676 1809 1566 
1644 1589 1876 1585 
1716 1609 1727 1740 
1764 1715 1583 1858 
1776 1818 1508 1866 
1706 1821 1642 1718 
1659 1733 1760 1593 
1648 1635 1893 1561 
1709 1609 1776 1687 
1749 1663 1630 1820 
1776 1770 1501 1877 
1716 1808 1593 1770 
1667 1767 1771 1628 
1640 1665 1881 1550 
1700 1621 1810 1641 
1754 1664 1646 1790 
1776 1742 1524 1890 
1721 1795 1575 1809 
1657 1735 1720 1659 
1646 1702 1861 1561 
1695 1650 1836 1612 
1752 1698 1688 1745 
1768 1711 1535 1864 
1729 1766 1556 1838 
1663 1719 1690 1707 
1648 1717 1843 1575 
1688 1670 1846 1586 
1746 1710 1721 1703 
1768 1700 1562 1840 
1735 1750 1543 1851 
1676 1749 1661 1743 
1649 1727 1819 1603 
1680 1673 1840 1586 
1746 1682 1759 1678 
1778 1703 1597 1818 
1741 1739 1553 1845 
1671 1740 1625 1770 
1652 1729 1784 1638 
1680 1694 1846 1589 
1788 1676 1766 1652 
1759 1693 1621 1774 
1741 1728 1545 1841 
1684 1738 1602 1790 
1652 1724 1751 1673 
1671 1694 1838 1602 
1767 1692 1800 1637 
1762 1689 1645 1751 
1762 1731 1559 1831 
1679 1734 1589 1810 
1665 1739 1734 1700 
1662 1703 1825 1617 
1724 1697 1814 1628 
1765 1699 1687 1720 
1765 1717 1571 1809 
1712 1721 1574 1812 
1643 1730 1697 1765 
1650 1704 1811 1638 
1710 1713 1834 1626 
1754 1700 1716 1697 
1770 1721 1602 1778 
1721 1711 1562 1794 
1683 1727 1663 1757 
1648 1706 1789 1657 
1694 1708 1828 1624 
1739 1702 1743 1668 
1765 1709 1621 1753 
1734 1704 1561 1798 
1632 1647 1635 1768 
1666 1707 1769 1692 
1687 1711 1841 1661 
1715 1705 1761 1649 
1762 1714 1645 1729 
1743 1706 1574 1787 
1703 1699 1618 1783 
1658 1696 1732 1704 
1681 1718 1816 1653 
1719 1717 1791 1645 
1758 1722 1678 1708 
1744 1702 1589 1771 
1696 1653 1604 1783 
1674 1696 1715 1738 
1677 1705 1793 1665 
1697 1711 1866 1639 
1738 1719 1686 1680 
1739 1706 1601 1744 
1714 1692 1537 1780 
1679 1689 1686 1753 
1667 1696 1778 1677 
1685 1718 1892 1633 
1727 1719 1710 1664 
1742 1716 1625 1726 
1728 1746 1511 1785 
1687 1697 1675 1761 
1674 1697 1767 1705 
1657 1708 1833 1637 
1715 1720 1718 1660 
1734 1721 1640 1713 
1735 1701 1608 1764 
1690 1691 1652 1769 
1668 1686 1735 1712 
1686 1703 1773 1668 
1717 1716 1737 1659 
1737 1727 1661 1707 
1740 1740 1544 1766 
1707 1707 1657 1756 
1672 1691 1719 1740 
1689 1699 1764 1688 
1716 1713 1749 1663 
1743 1724 1682 1693 
1734 1724 1635 1739 
1707 1712 1648 1764 
1677 1699 1708 1736 
1683 1695 1753 1693 
1711 1708 1749 1668 
1736 1723 1694 1583 
1736 1717 1722 1735 
1711 1717 1659 1762 
1684 1712 1700 1748 
1683 1696 1747 1704 
1706 1701 1748 1675 
1731 1713 1706 1680 
1738 1722 1659 1710 
1716 1718 1651 1751 
1692 1713 1689 1749 
1681 1703 1736 1717 
1697 1703 1748 1681 
1724 1708 1712 1562 
1741 1733 1658 1717 
1714 1720 1663 1755 
1696 1720 1679 1750 
1678 1708 1731 1732 
1693 1705 1742 1693 
1717 1703 1713 1678 
1735 1709 1676 1702 
1724 1716 1660 1737 
1701 1719 1680 1747 
1684 1713 1715 1735 
1694 1709 1737 1700 
1713 1704 1722 1604 
1739 1722 1657 1707 
1714 1725 1663 1733 
1707 1712 1672 1749 
1681 1721 1706 1736 
1692 1710 1729 1704 
1708 1708 1726 1685 
1723 1706 1695 1692 
1723 1707 1668 1719 
1709 1716 1674 1747 
1692 1725 1702 1745 
1688 1714 1726 1709 
1625 1705 1726 1762 
1730 1703 1703 1700 
1726 1716 1681 1718 
1712 1713 1678 1747 
1696 1724 1694 1746 
1693 1718 1721 1725 
1701 1707 1721 1691 
1718 1701 1703 1687 
1723 1701 1677 1711 
1713 1712 1672 1733 
1701 1720 1689 1744 
1697 1721 1717 1724 
1682 1714 1723 1643 
1720 1708 1711 1694 
1729 1701 1686 1706 
1712 1714 1683 1736 
1701 1723 1687 1739 
1697 1721 1705 1727 
1701 1715 1720 1703 
1712 1708 1715 1690 
1717 1703 1691 1699 
1715 1708 1681 1725 
1706 1717 1690 1741 
1690 1717 1717 1720 
1724 1710 1712 1789 
1715 1708 1725 1691 
1740 1706 1689 1705 
1710 1708 1696 1721 
1709 1716 1685 1738 
1691 1720 1699 1724 
1697 1706 1708 1713 
1711 1712 1719 1691 
1713 1664 1694 1701 
1723 1716 1698 1713 
1713 1713 1680 1733 
1700 1724 1694 1731 
1594 1708 1705 1704 
1710 1714 1736 1701 
1720 1620 1700 1707 
1717 1719 1710 1716 
1714 1711 1683 1722 
1693 1748 1690 1723 
1693 1706 1692 1717 
1706 1712 1715 1703 
1718 1670 1704 1707 
1720 1711 1704 1707 
1711 1706 1685 1732 
1695 1713 1694 1714 
1629 1704 1688 1730 
1713 1723 1723 1711 
1711 1700 1721 1701 
1720 1714 1705 1711 
1713 1707 1692 1726 
1750 1719 1693 1725 
1691 1703 1693 1715 
1702 1709 1708 1702 
1655 1709 1711 1698 
1722 1717 1714 1705 
1710 1703 1686 1719 
1785 1713 1687 1719 
1628 1700 1676 1736 
1708 1721 1720 1713 
1679 1696 1713 1712 
1728 1725 1720 1713 
1715 1705 1698 1717 
1737 1709 1687 1702 
1691 1696 1669 1713 
1700 1709 1700 1707 
1712 1704 1707 1704 
1721 1715 1728 1714 
1709 1710 1705 1711 
1706 1713 1692 1731 
1618 1694 1657 1739 
1705 1714 1705 1712 
1714 1696 1714 1675 
1712 1715 1718 1709 
1719 1712 1706 1715 
1707 1708 1691 1796 
1692 1704 1680 1703 
1697 1698 1685 1705 
1707 1700 1701 1633 
1720 1704 1705 1709 
1718 1708 1709 1713 
1710 1707 1691 1806 
1605 1689 1681 1716 
1707 1717 1693 1706 
1708 1695 1705 1706 
1713 1717 1709 1718 
1712 1711 1715 1707 
1709 1706 1689 1717 
1710 1715 1694 1716 
1714 1714 1689 1724 
1705 1708 1708 1709 
1714 1705 1711 1716 
1712 1705 1715 1713 
1716 1710 1702 1714 
1643 1711 1688 1744 
1726 1729 1710 1727 
1719 1703 1707 1717 
1712 1714 1713 1716 
1712 1704 1714 1713 
1714 1711 1705 1716 
1703 1716 1721 1701 
1721 1717 1681 1725 
1705 1713 1706 1710 
1723 1720 1682 1729 
1709 1704 1724 1709 
1715 1709 1712 1710 
1633 1696 1712 1686 
1714 1718 1686 1712 
1718 1705 1690 1724 
1707 1716 1719 1724 
1706 1705 1716 1717 
1712 1706 1708 1716 
1713 1722 1701 1706 
1717 1711 1689 1725 
1703 1714 1700 1707 
1701 1668 1693 1724 
1708 1713 1723 1715 
1715 1712 1712 1711 
1686 1775 1695 1670 
1715 1699 1692 1712 
1705 1717 1696 1710 
1712 1677 1706 1735 
1703 1713 1722 1714 
1712 1700 1706 1721 
1712 1712 1707 1710 
1718 1712 1689 1717 
1711 1711 1695 1711 
1706 1710 1698 1726 
1704 1716 1721 1714 
1711 1704 1706 1722 
1713 1715 1716 1628 
1731 1729 1659 1724 
1700 1725 1708 1714 
1691 1705 1696 1714 
1709 1717 1710 1720 
1715 1707 1707 1720 
1797 1705 1703 1706 
1701 1696 1684 1695 
1703 1710 1689 1704 
1706 1709 1695 1721 
1698 1706 1708 1717 
1712 1704 1705 1725 
1727 1708 1711 1624 
1723 1716 1754 1716 
1712 1721 1710 1721 
1664 1710 1693 1730 
1707 1720 1720 1723 
1706 1697 1703 1721 
1712 1703 1707 1705 
1715 1710 1691 1712 
1709 1723 1697 1704 
1703 1714 1688 1720 
1696 1710 1708 1718 
1705 1704 1706 1725 
1708 1702 1703 1708 
1714 1700 1634 1712 
1728 1728 1708 1720 
1694 1719 1698 1661 
1712 1719 1700 1730 
1699 1703 1708 1724 
1708 1705 1710 1710 
1709 1702 1694 1708 
1714 1721 1699 1706 
1708 1717 1693 1713 
1697 1710 1706 1712 
1699 1706 1702 1721 
1707 1708 1706 1711 
1731 1762 1658 1724 
1720 1718 1701 1723 
1720 1719 1696 1720 
1705 1716 1705 1719 
1704 1711 1706 1720 
1707 1703 1708 1718 
1718 1708 1706 1716 
1714 1709 1697 1707 
1710 1712 1694 1714 
1704 1711 1698 1716 
1700 1712 1705 1717 
1701 1701 1705 1716 
1721 1682 1652 1716 
1720 1714 1709 1722 
1711 1715 1698 1711 
1719 1712 1693 1729 
1700 1713 1710 1713 
1714 1714 1704 1724 
1706 1700 1705 1710 
1720 1710 1697 1713 
1708 1707 1700 1710 
1712 1716 1696 1715 
1701 1713 1697 1718 
1711 1715 1708 1718 
1719 1677 1740 1708 
1711 1714 1706 1709 
1717 1708 1701 1714 
1705 1719 1699 1714 
1704 1712 1696 1718 
1709 1713 1703 1716 
1712 1711 1702 1716 
1706 1711 1704 1706 
1708 1708 1694 1711 
1700 1640 1696 1718 
1713 1728 1712 1719 
1709 1716 1697 1720 
1735 1753 1703 1716 
1702 1701 1699 1706 
1701 1709 1692 1703 
1705 1644 1700 1726 
1705 1716 1705 1723 
1706 1718 1706 1719 
1699 1767 1698 1687 
1692 1691 1676 1702 
1693 1694 1688 1704 
1695 1700 1694 1726 
1708 1712 1706 1723 
1707 1717 1707 1720 
1701 1666 1698 1725 
1711 1709 1694 1710 
1702 1704 1690 1708 
1685 1702 1707 1716 
1707 1710 1699 1726 
1701 1710 1705 1716 
1715 1719 1703 1722 
1707 1714 1701 1708 
1712 1712 1697 1714 
1706 1706 1691 1715 
1708 1708 1703 1718 
1706 1704 1701 1719 
1615 1716 1706 1778 
1730 1720 1703 1729 
1716 1721 1716 1720 
1719 1710 1694 1722 
1707 1707 1710 1725 
1710 1709 1704 1720 
1707 1709 1705 1711 
1718 1714 1704 1714 
1715 1718 1701 1715 
1711 1715 1699 1712 
1701 1705 1697 1712 
1699 1704 1701 1708 
1705 1703 1705 1657 
1722 1722 1740 1719 
1731 1716 1712 1716 
1711 1718 1701 1725 
1696 1709 1692 1715 
1701 1704 1698 1713 
1707 1707 1702 1712 
1713 1714 1706 1713 
1716 1714 1698 1717 
1714 1714 1698 1718 
1708 1712 1696 1718 
1699 1704 1697 1715 
1705 1703 1699 1749 
1717 1718 1769 1722 
1706 1726 1720 1711 
1719 1713 1707 1721 
1707 1722 1697 1719 
1705 1709 1697 1717 
1703 1704 1699 1710 
1713 1706 1706 1710 
1718 1709 1713 1712 
1712 1715 1706 1715 
1708 1714 1699 1720 
1706 1709 1699 1718 
1709 1706 1702 1712 
1711 1763 1636 1714 
1718 1712 1716 1720 
1714 1714 1710 1718 
1711 1713 1710 1719 
1707 1710 1696 1718 
1708 1706 1698 1714 
1712 1706 1706 1708 
1709 1704 1708 1712 
1709 1706 1705 1716 
1709 1711 1698 1716 
1708 1713 1688 1720 
1705 1708 1698 1708 
1703 1643 1608 1729 
1724 1720 1731 1699 
1713 1715 1707 1726 
1705 1779 1703 1709 
1692 1698 1681 1710 
1698 1704 1692 1707 
1708 1670 1697 1713 
1718 1715 1714 1715 
1707 1703 1707 1708 
1701 1794 1695 1703 
1692 1695 1682 1713 
1697 1709 1693 1707 
1771 1565 1694 1723 
1725 1728 1723 1721 
1720 1708 1704 1711 
1687 1751 1706 1689 
1695 1693 1679 1706 
1697 1709 1692 1708 
1709 1709 1696 1719 
1715 1709 1703 1717 
1704 1706 1709 1712 
1742 1708 1706 1709 
1693 1700 1697 1702 
1700 1707 1690 1708 
1606 1713 1690 1650 
1729 1736 1724 1727 
1712 1719 1704 1725 
1812 1704 1704 1710 
1690 1688 1689 1702 
1703 1705 1692 1702 
1687 1707 1689 1717 
1718 1719 1706 1726 
1706 1709 1708 1717 
1748 1705 1703 1702 
1687 1689 1682 1697 
1702 1703 1691 1705 
1706 1707 1692 1652 
1730 1725 1768 1729 
1722 1713 1709 1723 
1702 1706 1715 1722 
1688 1692 1685 1698 
1701 1701 1691 1699 
1709 1706 1689 1691 
1717 1711 1696 1726 
1710 1711 1707 1719 
1703 1704 1707 1795 
1686 1699 1707 1692 
1699 1698 1690 1705 
1711 1707 1693 1663 
1755 1686 1636 1741 
1710 1718 1712 1738 
1703 1705 1711 1810 
1677 1676 1704 1692 
1698 1700 1697 1696 
1709 1703 1695 1679 
1724 1723 1706 1726 
1716 1720 1707 1718 
1701 1709 1700 1712 
1687 1690 1696 1698 
1701 1701 1696 1705 
1713 1702 1699 1710 
1780 1678 1693 1741 
1726 1728 1725 1719 
1712 1719 1717 1722 
1680 1676 1722 1698 
1690 1692 1698 1693 
1703 1696 1697 1701 
1718 1716 1660 1712 
1720 1717 1701 1724 
1705 1710 1702 1715 
1689 1702 1792 1696 
1689 1690 1696 1695 
1698 1692 1699 1701 
1681 1703 1630 1723 
1728 1726 1729 1733 
1714 1718 1695 1724 
1677 1704 1801 1694 
1691 1690 1686 1687 
1703 1692 1695 1697 
1712 1706 1707 1708 
1724 1717 1703 1725 
1704 1707 1698 1712 
1712 1713 1700 1716 
1699 1705 1705 1704 
1707 1705 1709 1703 
1621 1700 1706 1760 
1727 1718 1700 1730 
1714 1721 1707 1727 
1707 1707 1708 1716 
1704 1705 1698 1711 
1710 1707 1710 1707 
1711 1707 1709 1709 
1711 1708 1706 1716 
1715 1712 1703 1722 
1711 1716 1707 1717 
1710 1706 1702 1712 
1708 1700 1707 1711 
1717 1703 1707 1721 
1716 1722 1609 1720 
1716 1714 1711 1728 
1711 1719 1702 1713 
1709 1706 1703 1712 
1713 1710 1707 1707 
1712 1701 1705 1711 
1716 1712 1708 1712 
1711 1703 1699 1720 
1708 1713 1705 1715 
1711 1706 1695 1712 
1703 1707 1703 1701 
1715 1703 1702 1714 
1718 1782 1720 1716 
1715 1719 1711 1719 
1763 1707 1709 1714 
1694 1697 1687 1711 
1709 1705 1707 1710 
1711 1707 1711 1706 
1711 1705 1706 1712 
1713 1713 1709 1719 
1713 1711 1705 1719 
1696 1700 1696 1706 
1711 1712 1705 1712 
1711 1704 1703 1708 
1806 1641 1715 1710 
1725 1719 1707 1717 
1707 1717 1702 1754 
1697 1705 1690 1708 
1704 1701 1696 1709 
1707 1708 1706 1708 
1712 1706 1707 1718 
1713 1713 1710 1719 
1706 1711 1701 1721 
1700 1712 1698 1715 
1708 1710 1696 1711 
1711 1703 1703 1709 
1714 1706 1708 1656 
1725 1723 1718 1727 
1695 1723 1706 1733 
1699 1702 1700 1709 
1709 1717 1699 1718 
1703 1702 1705 1703 
1727 1718 1711 1721 
1713 1711 1711 1719 
1705 1713 1707 1714 
1692 1702 1697 1704 
1709 1709 1692 1719 
1705 1702 1702 1706 
1716 1705 1707 1712 
1731 1715 1653 1725 
1720 1721 1714 1717 
1703 1712 1704 1726 
1706 1711 1693 1711 
1709 1704 1696 1711 
1718 1714 1708 1711 
1712 1709 1706 1712 
1709 1712 1705 1718 
1707 1711 1702 1722 
1705 1712 1706 1713 
1708 1704 1696 1711 
1712 1706 1704 1710 
1575 1602 1705 1726 
1722 1721 1707 1726 
1711 1713 1699 1713 
1704 1715 1697 1725 
1705 1712 1708 1700 
1715 1701 1698 1715 
1709 1709 1715 1706 
1712 1708 1696 1719 
1704 1717 1704 1717 
1707 1713 1697 1719 
1702 1707 1703 1713 
1710 1705 1702 1711 
1691 1708 1703 1673 
1727 1728 1705 1732 
1709 1705 1710 1734 
1708 1723 1697 1720 
1708 1710 1707 1718 
1711 1706 1710 1709 
1714 1703 1705 1707 
1720 1708 1703 1715 
1713 1715 1704 1720 
1704 1715 1702 1717 
1700 1706 1698 1712 
1707 1706 1702 1710 
1718 1706 1706 1707 
1738 1710 1669 1722 
1703 1718 1712 1732 
1708 1713 1708 1722 
1702 1714 1708 1719 
1705 1706 1701 1707 
1712 1701 1704 1709 
1719 1706 1703 1717 
1710 1708 1703 1714 
1702 1710 1697 1718 
1700 1712 1699 1717 
1704 1707 1705 1716 
1712 1700 1703 1711 
1749 1646 1703 1725 
1799 1718 1713 1706 
1689 1694 1690 1707 
1697 1711 1691 1712 
1708 1702 1700 1724 
1714 1715 1719 1711 
1721 1712 1710 1711 
1713 1704 1701 1716 
1696 1694 1679 1700 
1692 1700 1688 1708 
1699 1704 1698 1686 
1718 1709 1708 1717 
1647 1704 1712 1659 
1719 1712 1717 1779 
1694 1698 1706 1707 
1704 1704 1685 1711 
1701 1701 1698 1701 
1721 1717 1706 1715 
1709 1697 1707 1709 
1718 1715 1712 1710 
1703 1698 1697 1719 
1715 1718 1712 1719 
1701 1708 1701 1718 
1705 1709 1709 1706 
1715 1705 1700 1663 
1733 1699 1673 1722 
1712 1718 1713 1724 
1712 1707 1709 1714 
1707 1709 1702 1721 
1708 1707 1711 1710 
1714 1703 1706 1708 
1708 1702 1704 1709 
1712 1708 1705 1717 
1703 1709 1701 1710 
1701 1708 1699 1712 
1700 1703 1700 1709 
1713 1705 1705 1709 
1649 1645 1705 1723 
1723 1714 1716 1726 
1717 1705 1700 1714 
1702 1710 1707 1721 
1707 1708 1706 1716 
1705 1704 1708 1710 
1715 1703 1705 1708 
1713 1704 1703 1712 
1710 1710 1706 1713 
1704 1708 1704 1712 
1702 1704 1699 1709 
1714 1706 1702 1710 
1645 1708 1708 1668 
1736 1712 1745 1728 
1715 1693 1719 1719 
1704 1715 1699 1719 
1700 1762 1706 1707 
1694 1693 1689 1701 
1706 1703 1698 1703 
1714 1656 1705 1716 
1717 1719 1717 1707 
1710 1703 1697 1713 
1699 1754 1700 1693 
1704 1697 1687 1702 
1705 1702 1696 1709 
1722 1600 1652 1732 
1724 1730 1727 1714 
1699 1711 1699 1721 
1684 1743 1704 1686 
1690 1690 1682 1698 
1702 1704 1699 1705 
1716 1704 1698 1718 
1714 1708 1708 1719 
1708 1705 1713 1711 
1728 1703 1708 1699 
1693 1690 1692 1705 
1700 1701 1695 1703 
1633 1606 1697 1720 
1732 1731 1720 1728 
1714 1714 1700 1717 
1804 1703 1716 1706 
1686 1685 1682 1701 
1702 1705 1695 1711 
1661 1705 1698 1717 
1716 1713 1708 1718 
1707 1706 1707 1711 
1767 1703 1707 1697 
1692 1685 1682 1699 
1702 1698 1690 1702 
1713 1702 1698 1666 
1729 1731 1653 1731 
1705 1713 1721 1710 
1704 1696 1715 1719 
1693 1691 1678 1701 
1700 1700 1693 1705 
1704 1698 1689 1690 
1711 1707 1700 1721 
1710 1715 1713 1718 
1704 1708 1707 1771 
1689 1695 1698 1692 
1696 1700 1693 1704 
1710 1705 1699 1676 
1742 1680 1607 1735 
1719 1720 1724 1705 
1699 1713 1713 1820 
1684 1687 1699 1688 
1702 1695 1695 1704 
1701 1699 1697 1673 
1718 1719 1713 1720 
1714 1720 1709 1717 
1710 1710 1702 1733 
1687 1684 1683 1691 
1701 1698 1685 1705 
1707 1703 1695 1710 
1632 1713 1703 1759 
1718 1716 1708 1725 
1697 1695 1710 1719 
1702 1703 1742 1698 
1702 1695 1700 1703 
1702 1699 1694 1706 
1707 1704 1667 1724 
1714 1718 1717 1719 
1703 1705 1702 1707 
1693 1702 1749 1696 
1708 1703 1700 1714 
1711 1705 1709 1713 
1716 1705 1666 1728 
1720 1692 1649 1718 
1713 1711 1708 1722 
1676 1697 1747 1689 
1704 1691 1693 1706 
1707 1702 1698 1708 
1726 1721 1704 1725 
1711 1714 1711 1717 
1709 1710 1701 1708 
1693 1717 1697 1699 
1700 1695 1694 1703 
1701 1699 1699 1703 
1711 1666 1699 1717 
1643 1719 1714 1680 
1712 1716 1717 1725 
1689 1774 1707 1708 
1696 1695 1687 1693 
1698 1698 1692 1704 
1706 1642 1700 1712 
1711 1711 1706 1723 
1704 1710 1705 1711 
1707 1808 1692 1700 
1691 1690 1683 1700 
1696 1692 1688 1702 
1707 1644 1693 1721 
1715 1714 1710 1723 
1730 1688 1666 1726 
1699 1754 1708 1692 
1697 1690 1679 1702 
1696 1697 1694 1709 
1699 1706 1701 1715 
1711 1705 1702 1721 
1710 1712 1707 1718 
1711 1716 1705 1718 
1697 1704 1699 1707 
1704 1710 1699 1709 
1708 1704 1698 1720 
1714 1718 1709 1717 
1665 1644 1698 1755 
1718 1727 1716 1723 
1711 1720 1695 1717 
1711 1712 1711 1708 
1713 1713 1703 1714 
1710 1710 1704 1718 
1715 1714 1705 1722 
1705 1712 1703 1714 
1708 1712 1701 1709 
1703 1708 1698 1709 
1711 1711 1701 1715 
1710 1711 1705 1716 
1709 1711 1704 1735 
1714 1731 1674 1724 
1698 1719 1711 1714 
1717 1708 1708 1718 
1707 1713 1707 1714 
1711 1706 1703 1714 
1714 1712 1704 1716 
1710 1713 1705 1710 
1706 1711 1701 1708 
1710 1712 1698 1711 
1712 1712 1705 1714 
1710 1709 1704 1711 
1707 1703 1701 1710 
1617 1650 1706 1697 
1719 1717 1716 1723 
1716 1709 1702 1711 
1713 1709 1708 1719 
1718 1708 1702 1714 
1718 1712 1711 1712 
1709 1706 1702 1714 
1708 1706 1704 1719 
1717 1712 1708 1718 
1713 1712 1710 1709 
1708 1707 1703 1709 
1709 1708 1705 1711 
1711 1708 1705 1615 
1714 1705 1760 1720 
1708 1721 1712 1712 
1711 1707 1711 1719 
1714 1713 1702 1715 
1715 1709 1711 1714 
1709 1706 1705 1715 
1706 1708 1704 1715 
1710 1712 1707 1715 
1711 1712 1708 1711 
1710 1710 1703 1711 
1710 1705 1698 1716 
1715 1711 1705 1717 
1743 1629 1706 1707 
1715 1715 1710 1723 
1711 1707 1701 1717 
1714 1717 1706 1727 
1712 1714 1709 1714 
1705 1708 1699 1716 
1711 1710 1702 1719 
1711 1713 1706 1717 
1704 1705 1703 1712 
1708 1708 1702 1715 
1714 1713 1706 1718 
1714 1711 1704 1712 
1709 1704 1700 1661 
1718 1693 1601 1721 
1705 1718 1712 1716 
1711 1710 1708 1718 
1711 1717 1704 1714 
1715 1709 1708 1717 
1712 1713 1705 1716 
1707 1708 1701 1714 
1704 1706 1699 1715 
1711 1709 1702 1716 
1710 1711 1706 1715 
1709 1708 1705 1717 
1708 1704 1701 1714 
1613 1677 1701 1700 
1713 1710 1710 1723 
1709 1711 1713 1726 
1711 1712 1706 1715 
1711 1709 1706 1719 
1709 1715 1707 1716 
1707 1709 1704 1717 
1708 1707 1701 1716 
1711 1712 1702 1720 
1712 1716 1705 1720 
1711 1713 1704 1712 
1710 1705 1698 1714 
1711 1710 1701 1671 
1708 1709 1762 1722 
1713 1713 1709 1719 
1706 1713 1702 1721 
1714 1714 1710 1719 
1713 1711 1708 1712 
1710 1705 1698 1713 
1710 1705 1700 1718 
1716 1709 1705 1722 
1714 1708 1707 1715 
1713 1709 1703 1714 
1715 1710 1707 1718 
1717 1713 1709 1713 
1675 1704 1704 1706 
1721 1712 1709 1723 
1716 1708 1716 1718 
1711 1710 1707 1714 
1714 1709 1713 1712 
1711 1709 1704 1709 
1713 1710 1706 1711 
1712 1708 1703 1715 
1710 1708 1705 1714 
1711 1711 1705 1715 
1717 1709 1701 1756 
1698 1681 1706 1696 
1709 1699 1695 1708 
1711 1692 1650 1727 
1725 1735 1709 1721 
1722 1716 1713 1727 
1714 1710 1712 1712 
1693 1681 1728 1705 
1701 1702 1693 1703 
1708 1707 1691 1713 
1710 1711 1656 1714 
1717 1717 1703 1722 
1706 1710 1707 1715 
1695 1710 1794 1698 
1690 1696 1681 1701 
1632 1702 1686 1718 
1721 1711 1644 1731 
1721 1723 1715 1730 
1710 1711 1710 1722 
1714 1714 1705 1717 
1706 1711 1700 1709 
1709 1710 1698 1720 
1710 1710 1704 1717 
1717 1714 1704 1723 
1710 1710 1707 1715 
1711 1713 1702 1709 
1708 1705 1699 1713 
1713 1712 1703 1714 
1715 1707 1635 1722 
1718 1715 1709 1730 
1721 1715 1711 1720 
1715 1716 1708 1714 
1716 1716 1710 1717 
1714 1714 1709 1717 
1713 1710 1705 1715 
1714 1710 1707 1720 
1715 1712 1709 1719 
1709 1707 1709 1711 
1711 1706 1702 1713 
1709 1707 1707 1713 
1616 1707 1704 1733 
1711 1708 1716 1721 
1719 1705 1704 1724 
1713 1712 1711 1718 
1716 1714 1712 1712 
1713 1709 1705 1711 
1714 1709 1706 1718 
1716 1711 1708 1722 
1709 1707 1706 1714 
1711 1708 1705 1712 
1713 1709 1707 1713 
1711 1713 1710 1709 
1710 1705 1703 1708 
1699 1673 1704 1719 
1717 1716 1711 1724 
1761 1709 1703 1721 
1702 1697 1697 1715 
1714 1712 1702 1718 
1682 1713 1705 1717 
1723 1723 1710 1723 
1712 1710 1703 1716 
1750 1711 1701 1699 
1693 1696 1678 1709 
1704 1712 1699 1708 
1704 1704 1696 1722 
1716 1717 1712 1632 
1711 1717 1756 1725 
1706 1714 1711 1737 
1697 1702 1696 1705 
1703 1708 1695 1709 
1708 1704 1695 1694 
1723 1714 1702 1728 
1704 1706 1703 1715 
1706 1705 1698 1805 
1693 1702 1706 1701 
1703 1704 1691 1702 
1704 1701 1693 1683 
1729 1723 1705 1729 
1657 1712 1707 1693 
1719 1716 1704 1783 
1692 1689 1704 1708 
1709 1710 1696 1716 
1712 1712 1703 1724 
1728 1731 1723 1729 
1712 1710 1709 1727 
1712 1716 1710 1716 
1695 1688 1689 1704 
1703 1703 1697 1708 
1708 1704 1700 1713 
1719 1715 1705 1721 
1711 1716 1713 1714 
1723 1684 1613 1719 
1709 1711 1765 1709 
1705 1702 1691 1715 
1710 1708 1702 1713 
1724 1710 1664 1727 
1713 1716 1722 1713 
1714 1717 1711 1713 
1692 1708 1792 1695 
1706 1701 1691 1703 
1711 1703 1699 1706 
1728 1716 1682 1727 
1713 1712 1716 1710 
1705 1705 1703 1651 
1699 1698 1736 1702 
1709 1703 1698 1713 
1715 1710 1706 1715 
1719 1712 1707 1719 
1711 1713 1716 1713 
1714 1707 1708 1720 
1701 1729 1707 1706 
1705 1700 1693 1715 
1712 1709 1702 1722 
1706 1683 1710 1720 
1715 1718 1713 1716 
1711 1712 1706 1715 
1740 1786 1706 1697 
1697 1690 1692 1710 
1707 1709 1703 1713 
1717 1652 1701 1727 
1724 1723 1715 1719 
1715 1711 1704 1717 
1706 1723 1707 1703 
1707 1699 1689 1720 
1710 1715 1706 1713 
1723 1703 1697 1731 
1726 1723 1715 1717 
1715 1713 1703 1713 
1709 1710 1703 1706 
1704 1716 1636 1718 
1716 1721 1716 1710 
1683 1705 1696 1720 
1721 1722 1711 1719 
1717 1712 1708 1720 
1721 1707 1707 1712 
1700 1702 1698 1716 
1712 1717 1710 1715 
1656 1709 1702 1712 
1720 1721 1710 1722 
1709 1713 1703 1724 
1753 1713 1706 1706 
1693 1694 1685 1794 
1714 1716 1695 1720 
1697 1721 1710 1731 
1725 1733 1720 1724 
1716 1712 1700 1718 
1719 1716 1701 1706 
1699 1696 1681 1709 
1708 1708 1699 1713 
1716 1714 1699 1718 
1722 1726 1709 1720 
1703 1706 1697 1715 
1713 1722 1706 1715 
1705 1706 1697 1714 
1773 1629 1709 1701 
1713 1710 1700 1680 
1731 1723 1706 1728 
1719 1712 1705 1728 
1710 1707 1705 1812 
1694 1701 1708 1701 
1708 1707 1691 1713 
1711 1710 1704 1708 
1728 1718 1704 1723 
1707 1709 1709 1711 
1720 1719 1704 1720 
1703 1707 1709 1704 
1715 1712 1703 1714 
1704 1755 1644 1709 
1731 1726 1713 1726 
1709 1704 1712 1724 
1711 1704 1708 1712 
1704 1692 1718 1703 
1705 1701 1692 1709 
1707 1705 1699 1713 
1725 1714 1708 1720 
1716 1712 1712 1712 
1718 1715 1707 1718 
1704 1704 1706 1715 
1717 1711 1707 1713 
1707 1704 1706 1642 
1725 1715 1697 1732 
1710 1711 1717 1715 
1714 1716 1707 1721 
1705 1715 1712 1712 
1711 1713 1704 1719 
1705 1706 1705 1709 
1724 1710 1707 1728 
1713 1712 1719 1714 
1717 1709 1706 1725 
1706 1713 1710 1714 
1714 1711 1701 1719 
1709 1707 1705 1712 
1678 1713 1705 1692 
1716 1713 1708 1722 
1721 1719 1715 1725 
1716 1733 1714 1714 
1705 1704 1696 1718 
1705 1712 1706 1706 
1713 1680 1699 1725 
1715 1720 1720 1714 
1713 1713 1709 1716 
1707 1766 1704 1706 
1702 1697 1693 1714 
1706 1709 1700 1714 
1711 1714 1700 1714 
1705 1628 1672 1721 
1717 1715 1707 1726 
1712 1716 1711 1725 
1704 1710 1710 1716 
1706 1710 1704 1711 
1706 1710 1696 1715 
1714 1714 1704 1718 
1714 1714 1706 1719 
1709 1717 1711 1719 
1706 1711 1705 1719 
1703 1711 1701 1716 
1704 1710 1696 1710 
1710 1714 1697 1688 
1720 1694 1642 1725 
1718 1716 1715 1729 
1709 1713 1710 1723 
1709 1712 1700 1721 
1713 1713 1701 1717 
1714 1714 1700 1711 
1716 1712 1701 1724 
1717 1712 1712 1726 
1712 1715 1710 1724 
1704 1711 1704 1715 
1704 1709 1697 1714 
1709 1710 1698 1711 
1641 1713 1705 1752 
1715 1713 1699 1723 
1715 1712 1712 1726 
1712 1711 1713 1722 
1703 1714 1706 1711 
1707 1712 1701 1713 
1719 1710 1705 1718 
1718 1715 1709 1720 
1715 1714 1708 1722 
1707 1711 1706 1720 
1708 1706 1702 1716 
1704 1707 1700 1712 
1710 1712 1703 1715 
1678 1666 1706 1729 
1715 1717 1715 1721 
1707 1714 1709 1719 
1700 1713 1704 1712 
1703 1706 1701 1707 
1710 1710 1700 1714 
1712 1714 1706 1724 
1712 1717 1715 1724 
1711 1713 1709 1711 
1709 1706 1701 1714 
1709 1713 1699 1714 
1713 1713 1699 1714 
1716 1711 1701 1718 
1723 1753 1656 1725 
1712 1711 1710 1723 
1706 1707 1706 1712 
1706 1711 1700 1713 
1709 1711 1703 1715 
1715 1709 1707 1718 
1710 1709 1706 1722 
1710 1712 1709 1723 
1708 1712 1705 1718 
1701 1709 1702 1710 
1705 1713 1703 1713 
1713 1716 1703 1720 
1710 1721 1714 1710 
1715 1709 1779 1726 
1706 1713 1711 1712 
1724 1716 1693 1729 
1712 1717 1712 1708 
1715 1712 1701 1718 
1684 1725 1707 1706 
1703 1701 1694 1705 
1702 1699 1689 1706 
1711 1668 1697 1707 
1713 1711 1700 1718 
1709 1709 1706 1714 
1706 1795 1702 1711 
1668 1696 1690 1660 
1696 1698 1685 1709 
1702 1633 1700 1715 
1715 1718 1711 1722 
1708 1715 1714 1714 
1707 1807 1702 1701 
1694 1694 1685 1712 
1700 1701 1696 1710 
1716 1704 1701 1721 
1712 1713 1709 1719 
1707 1714 1707 1716 
1709 1715 1701 1712 
1705 1701 1694 1715 
1701 1710 1708 1707 
1709 1709 1706 1716 
1708 1714 1710 1705 
1711 1708 1696 1719 
1713 1721 1712 1717 
1715 1712 1704 1724 
1710 1714 1712 1713 
1682 1710 1705 1713 
1718 1724 1714 1712 
1708 1710 1702 1714 
1765 1715 1711 1718 
1699 1697 1691 1711 
1709 1711 1701 1712 
1674 1677 1702 1728 
1723 1728 1721 1716 
1712 1709 1701 1719 
1745 1707 1705 1703 
1694 1692 1676 1705 
1705 1707 1698 1714 
1708 1705 1698 1715 
1712 1714 1712 1719 
1712 1720 1716 1717 
1713 1712 1704 1738 
1699 1702 1694 1711 
1711 1709 1703 1717 
1718 1712 1703 1687 
1745 1732 1654 1733 
1709 1716 1703 1714 
1711 1709 1705 1823 
1697 1701 1716 1694 
1707 1699 1690 1709 
1709 1706 1697 1658 
1720 1722 1705 1723 
1710 1717 1709 1715 
1707 1707 1704 1754 
1692 1687 1698 1704 
1709 1704 1699 1711 
1716 1708 1701 1708 
1729 1723 1715 1670 
1727 1744 1741 1718 
1708 1700 1709 1716 
1695 1680 1716 1701 
1710 1700 1697 1708 
1711 1704 1705 1709 
1715 1711 1674 1718 
1718 1719 1703 1720 
1706 1705 1700 1718 
1700 1704 1751 1702 
1708 1698 1697 1710 
1718 1707 1708 1716 
1728 1708 1668 1723 
1646 1715 1715 1747 
1707 1717 1730 1723 
1688 1702 1803 1699 
1704 1695 1691 1708 
1714 1706 1712 1706 
1735 1726 1690 1722 
1719 1715 1717 1717 
1707 1707 1706 1719 
1687 1701 1709 1707 
1705 1707 1695 1715 
1714 1712 1704 1714 
1720 1709 1715 1715 
1714 1711 1719 1708 
1668 1661 1709 1731 
1715 1775 1727 1738 
1712 1699 1673 1713 
1707 1708 1700 1711 
1702 1653 1708 1702 
1722 1718 1727 1702 
1719 1706 1715 1715 
1715 1755 1704 1717 
1709 1714 1677 1736 
1710 1724 1697 1728 
1707 1657 1712 1710 
1709 1709 1725 1692 
1715 1699 1722 1706 
1749 1686 1707 1743 
1729 1709 1681 1738 
1709 1714 1681 1729 
1705 1716 1698 1722 
1706 1709 1734 1686 
1712 1688 1730 1694 
1735 1701 1717 1709 
1729 1718 1682 1749 
1715 1733 1680 1743 
1692 1727 1698 1717 
1688 1701 1725 1684 
1705 1683 1737 1682 
1780 1694 1731 1713 
1742 1676 1725 1771 
1736 1746 1683 1741 
1627 1745 1671 1726 
1696 1719 1723 1688 
1688 1684 1733 1677 
1787 1681 1735 1685 
1734 1687 1683 1736 
1731 1732 1674 1751 
1708 1739 1673 1740 
1689 1728 1706 1701 
1691 1689 1731 1672 
1724 1676 1739 1694 
1731 1686 1703 1724 
1780 1754 1615 1772 
1725 1744 1680 1715 
1682 1739 1699 1713 
1678 1700 1712 1678 
1700 1678 1739 1745 
1727 1675 1725 1710 
1740 1705 1689 1740 
1719 1733 1670 1744 
1693 1744 1692 1714 
1676 1709 1710 1686 
1702 1690 1734 1800 
1717 1666 1725 1705 
1749 1697 1696 1734 
1736 1740 1635 1688 
1685 1738 1693 1731 
1682 1729 1702 1696 
1690 1702 1736 1756 
1703 1660 1720 1695 
1731 1682 1703 1723 
1729 1710 1677 1753 
1706 1742 1686 1723 
1687 1735 1701 1702 
1684 1708 1722 1689 
1701 1667 1739 1694 
1728 1681 1704 1721 
1730 1699 1686 1715 
1724 1764 1680 1727 
1701 1717 1713 1707 
1682 1718 1717 1705 
1719 1701 1723 1706 
1731 1688 1714 1727 
1734 1700 1699 1746 
1709 1719 1696 1724 
1694 1731 1698 1706 
1692 1724 1709 1697 
1716 1713 1719 1712 
1734 1703 1720 1730 
1734 1700 1707 1735 
1540 1710 1692 1532 
1701 1758 1715 1724 
1672 1722 1711 1709 
1715 1713 1704 1702 
1732 1706 1717 1737 
1735 1707 1704 1735 
1714 1705 1697 1730 
1697 1717 1700 1707 
1698 1726 1707 1704 
1709 1721 1719 1712 
1729 1713 1715 1730 
1731 1703 1706 1736 
1719 1708 1702 1728 
1695 1715 1696 1825 
1698 1724 1744 1720 
1707 1726 1694 1710 
1729 1708 1716 1722 
1727 1714 1704 1735 
1715 1708 1702 1727 
1699 1714 1701 1711 
1696 1720 1705 1705 
1708 1724 1713 1714 
1720 1718 1712 1726 
1721 1709 1700 1733 
1718 1707 1702 1728 
1706 1711 1700 1713 
1659 1742 1705 1681 
1721 1726 1729 1727 
1734 1707 1690 1711 
1722 1711 1712 1731 
1715 1710 1697 1718 
1703 1709 1705 1710 
1700 1715 1708 1704 
1706 1717 1712 1708 
1715 1717 1710 1727 
1722 1717 1706 1733 
1719 1713 1706 1729 
1709 1706 1703 1712 
1702 1712 1704 1708 
1543 1558 1709 1736 
1731 1718 1741 1728 
1739 1705 1687 1712 
1712 1711 1705 1726 
1709 1710 1699 1704 
1703 1711 1703 1702 
1707 1713 1707 1710 
1719 1717 1709 1724 
1719 1717 1707 1727 
1717 1713 1706 1722 
1708 1707 1706 1710 
1709 1709 1709 1706 
1713 1707 1706 1711 
1660 1612 1711 1774 
1735 1718 1739 1713 
1720 1705 1710 1715 
1707 1719 1696 1708 
1707 1707 1709 1706 
1710 1710 1707 1705 
1719 1710 1709 1721 
1723 1715 1710 1726 
1716 1720 1707 1721 
1708 1709 1705 1712 
1709 1708 1710 1707 
1712 1706 1713 1711 
1715 1708 1714 1716 
1796 1650 1620 1787 
1734 1721 1721 1706 
1709 1713 1714 1720 
1700 1716 1700 1708 
1710 1707 1711 1712 
1719 1709 1710 1721 
1720 1709 1708 1724 
1714 1709 1703 1728 
1709 1713 1706 1716 
1708 1711 1707 1707 
1709 1706 1708 1706 
1717 1703 1708 1715 
1721 1710 1708 1726 
1771 1844 1630 1742 
1721 1723 1698 1699 
1688 1728 1695 1713 
1709 1709 1714 1704 
1713 1709 1709 1716 
1720 1709 1709 1725 
1719 1710 1704 1727 
1710 1714 1702 1721 
1701 1717 1708 1715 
1705 1713 1709 1709 
1709 1712 1711 1709 
1716 1707 1708 1720 
1716 1711 1705 1727 
1758 1905 1636 1728 
1706 1725 1691 1700 
1689 1728 1691 1710 
1713 1702 1715 1715 
1714 1709 1706 1720 
1715 1709 1700 1733 
1712 1713 1703 1729 
1707 1716 1703 1715 
1703 1711 1706 1709 
1712 1713 1713 1715 
1718 1715 1713 1722 
1713 1710 1705 1725 
1707 1709 1699 1656 
1759 1786 1644 1727 
1677 1730 1709 1714 
1707 1705 1705 1703 
1709 1705 1709 1723 
1719 1708 1701 1723 
1765 1708 1699 1709 
1690 1697 1687 1704 
1699 1709 1696 1704 
1657 1712 1703 1712 
1717 1721 1708 1721 
1720 1721 1711 1723 
1809 1712 1698 1723 
1688 1694 1686 1762 
1711 1721 1688 1707 
1625 1727 1714 1711 
1719 1711 1723 1712 
1717 1722 1717 1722 
1781 1708 1697 1708 
1689 1685 1674 1702 
1693 1699 1687 1701 
1704 1709 1700 1714 
1719 1719 1724 1720 
1719 1721 1715 1720 
1712 1708 1698 1724 
1704 1706 1704 1716 
1701 1704 1697 1780 
1733 1694 1681 1722 
1689 1727 1725 1712 
1728 1704 1727 1715 
1710 1713 1705 1727 
1712 1707 1704 1718 
1709 1709 1704 1715 
1710 1711 1711 1700 
1717 1711 1710 1711 
1719 1710 1713 1720 
1717 1713 1708 1723 
1709 1709 1705 1718 
1707 1707 1708 1716 
1717 1708 1710 1698 
1766 1695 1670 1724 
1700 1731 1724 1723 
1721 1713 1709 1715 
1699 1703 1701 1723 
1707 1706 1691 1717 
1709 1709 1708 1709 
1723 1708 1708 1718 
1716 1712 1718 1707 
1722 1717 1698 1727 
1700 1716 1710 1714 
1709 1713 1694 1722 
1696 1699 1702 1705 
1725 1707 1652 1694 
1759 1685 1677 1732 
1687 1737 1718 1723 
1695 1698 1768 1707 
1691 1707 1680 1722 
1707 1703 1697 1714 
1731 1710 1682 1724 
1721 1710 1722 1712 
1723 1719 1712 1723 
1683 1704 1721 1709 
1690 1706 1683 1717 
1696 1707 1701 1711 
1716 1703 1712 1713 
1720 1710 1721 1610 
1783 1777 1647 1735 
1687 1779 1705 1726 
1690 1699 1674 1709 
1689 1700 1694 1716 
1707 1659 1699 1708 
1733 1715 1726 1715 
1725 1711 1711 1714 
1719 1803 1705 1707 
1695 1705 1677 1721 
1692 1709 1692 1711 
1706 1680 1703 1722 
1718 1711 1727 1703 
1727 1706 1718 1713 
1757 1849 1682 1716 
1680 1720 1687 1727 
1693 1711 1691 1712 
1705 1717 1712 1725 
1722 1719 1723 1704 
1725 1701 1722 1709 
1730 1710 1716 1705 
1703 1706 1693 1720 
1696 1715 1696 1719 
1688 1718 1701 1709 
1714 1717 1717 1704 
1723 1703 1717 1712 
1777 1710 1720 1718 
1744 1684 1670 1737 
1687 1723 1694 1724 
1635 1727 1689 1709 
1720 1722 1723 1716 
1719 1707 1706 1709 
1808 1707 1715 1702 
1701 1693 1684 1717 
1694 1716 1696 1716 
1671 1711 1690 1727 
1715 1722 1714 1720 
1724 1719 1719 1712 
1722 1708 1714 1709 
1702 1693 1690 1717 
1739 1741 1646 1737 
1689 1721 1696 1715 
1713 1725 1698 1715 
1715 1716 1709 1714 
1722 1714 1714 1742 
1713 1697 1708 1717 
1705 1702 1710 1723 
1703 1709 1703 1704 
1713 1716 1692 1721 
1709 1711 1704 1708 
1733 1725 1719 1719 
1712 1706 1711 1720 
1713 1714 1710 1729 
1737 1742 1648 1680 
1718 1736 1709 1724 
1706 1710 1701 1707 
1724 1718 1713 1739 
1706 1694 1699 1711 
1710 1709 1709 1718 
1709 1704 1702 1724 
1717 1712 1710 1725 
1708 1710 1708 1698 
1730 1720 1703 1715 
1714 1709 1710 1716 
1722 1715 1711 1731 
1701 1702 1713 1722 
1732 1725 1628 1736 
1710 1718 1713 1713 
1726 1730 1710 1707 
1708 1716 1800 1700 
1707 1698 1695 1719 
1701 1700 1702 1722 
1710 1703 1688 1731 
1712 1718 1713 1710 
1719 1712 1699 1713 
1698 1716 1785 1693 
1707 1702 1692 1719 
1704 1706 1707 1725 
1721 1711 1660 1731 
1733 1729 1687 1731 
1714 1719 1715 1710 
1680 1712 1741 1689 
1698 1702 1686 1704 
1695 1696 1694 1719 
1716 1695 1699 1727 
1712 1714 1707 1722 
1713 1710 1705 1708 
1697 1768 1701 1700 
1704 1706 1697 1705 
1696 1700 1702 1711 
1701 1638 1709 1721 
1719 1712 1712 1732 
1723 1719 1711 1716 
1713 1790 1698 1701 
1701 1694 1691 1707 
1697 1700 1705 1712 
1702 1698 1714 1718 
1712 1705 1717 1722 
1724 1713 1705 1730 
1723 1722 1704 1724 
1713 1718 1705 1722 
1695 1706 1715 1711 
1701 1698 1724 1715 
1716 1698 1720 1722 
1733 1713 1713 1738 
1730 1728 1703 1745 
1717 1728 1705 1727 
1696 1711 1715 1710 
1695 1698 1733 1700 
1712 1693 1732 1714 
1731 1704 1712 1740 
1739 1727 1696 1754 
1721 1731 1694 1739 
1692 1717 1708 1704 
1689 1696 1726 1686 
1709 1689 1738 1698 
1734 1704 1721 1733 
1745 1729 1688 1762 
1733 1741 1683 1752 
1700 1728 1697 1709 
1677 1695 1728 1673 
1694 1683 1742 1683 
1731 1692 1724 1724 
