1957 1625 1972 1612 
1838 947 1196 1611 
1578 934 845 1725 
1408 1661 1318 1850 
1519 2502 2213 1862 
1826 2674 2712 1723 
2044 1943 2277 1564 
1967 943 1244 1562 
1642 584 567 1727 
1365 1260 941 1900 
1386 2393 2093 1897 
1717 2970 2977 1725 
2057 2398 2699 1543 
2099 1169 1428 1518 
1773 384 345 1682 
1387 795 516 1887 
1289 2060 1844 1942 
1585 3036 3108 1786 
2004 2832 3096 1554 
2153 1594 1751 1460 
1901 446 319 1612 
1489 424 237 1885 
1279 1563 1471 1994 
1465 2840 3054 1837 
1877 3107 3446 1562 
2130 2106 2213 1429 
2004 760 450 1562 
1615 261 133 1835 
1340 1076 1074 2002 
1411 2437 2879 1901 
1750 3129 3556 1625 
2031 2530 2704 1429 
2014 1223 732 1491 
1730 391 100 1769 
1453 753 709 2001 
1432 1950 2552 1962 
1663 2879 3559 1687 
1916 2743 3202 1439 
1959 1694 1152 1456 
1782 720 79 1710 
1566 669 409 1964 
1509 1541 2155 1987 
1641 2498 3547 1762 
1821 2711 3533 1496 
1864 2019 1623 1432 
1771 1127 70 1636 
1641 812 217 1921 
1610 1315 1736 2011 
1665 2091 3474 1812 
1780 2490 3548 1546 
1762 2146 2105 1427 
1716 1486 110 1602 
1661 1088 125 1867 
1688 1290 1331 1992 
1735 1822 3273 1844 
1766 2184 3547 1604 
1708 2089 2553 1448 
1645 1671 323 1564 
1639 1379 93 1806 
1724 1417 958 1979 
1803 1712 2956 1882 
1795 1930 3545 1643 
1690 1925 2953 1463 
1587 1724 679 1548 
1597 1587 83 1770 
1732 1604 643 1953 
1846 1715 2580 1885 
1840 1775 3536 1682 
1698 1733 3297 1507 
1552 1656 1154 1533 
1544 1665 66 1721 
1716 1771 397 1913 
1876 1845 2141 1908 
1896 1751 3526 1723 
1719 1599 3494 1521 
1518 1498 1568 1503 
1506 1647 51 1694 
1686 1857 215 1899 
1896 2040 1746 1910 
1928 1797 3428 1736 
1756 1547 3528 1550 
1527 1360 1985 1515 
1463 1570 90 1660 
1642 1875 128 1848 
1898 2143 1337 1902 
1961 1886 3146 1768 
1794 1566 3528 1588 
1535 1299 2386 1519 
1447 1482 423 1637 
1600 1815 90 1826 
1872 2109 968 1886 
1980 1962 2777 1790 
1835 1629 3526 1607 
1559 1350 2722 1545 
1429 1414 807 1625 
1557 1747 72 1790 
1904 2049 649 1875 
1997 2023 2389 1813 
1881 1704 3489 1645 
1592 1389 2998 1535 
1418 1367 1200 1603 
1518 1675 60 1761 
1814 2012 408 1885 
2002 2064 1991 1832 
1925 1782 3359 1678 
1639 1441 3193 1557 
1427 1361 1610 1600 
1476 1617 119 1747 
1762 1958 246 1869 
1996 2064 1591 1838 
1965 1838 3098 1703 
1695 1499 3290 1585 
1450 1376 1990 1591 
1456 1565 406 1719 
1713 1895 151 1881 
1963 2047 1213 1839 
1976 1872 2765 1706 
1737 1549 3287 1552 
1484 1392 2304 1590 
1439 1527 745 1711 
1660 1831 111 1926 
1927 2011 918 1830 
1993 1898 2421 1727 
1780 1605 3214 1573 
1520 1427 2561 1596 
1428 1503 1094 1691 
1620 1789 192 1887 
1874 1960 665 1831 
1997 1919 2063 1744 
1820 1657 3062 1622 
1559 1468 2750 1587 
1432 1496 1434 1674 
1584 1735 363 1813 
1845 1931 536 1843 
1985 1925 1740 1767 
1854 1713 2868 1634 
1599 1510 2837 1597 
1444 1506 1740 1659 
1557 1700 587 1790 
1808 1900 535 1840 
1960 1905 1451 1780 
1873 1733 2616 1651 
1646 1546 2848 1597 
1464 1529 2019 1643 
1528 1673 849 1771 
1756 1857 521 1836 
1944 1887 1205 1799 
1900 1766 2366 1670 
1680 1597 2827 1603 
1489 1557 2244 1628 
1518 1663 1125 1756 
1699 1809 570 1820 
1908 1857 1014 1806 
1903 1762 2089 1690 
1717 1621 2746 1605 
1525 1581 2405 1618 
1517 1660 1390 1730 
1699 1807 672 1822 
1891 1838 886 1826 
1908 1772 1841 1706 
1737 1604 2593 1619 
1553 1601 2508 1609 
1525 1663 1634 1710 
1670 1853 827 1798 
1853 1809 806 1815 
1893 1759 1591 1731 
1766 1670 2424 1641 
1576 1616 2547 1610 
1533 1665 1855 1688 
1657 1749 1021 1787 
1844 1802 813 1824 
1891 1758 1403 1751 
1774 1679 2233 1654 
1592 1636 2534 1619 
1536 1673 2042 1676 
1653 1727 1225 1754 
1822 1764 838 1807 
1893 1750 1246 1767 
1763 1699 2037 1676 
1615 1682 2485 1632 
1537 1686 2180 1661 
1663 1726 1425 1737 
1811 1724 913 1786 
1901 1732 1135 1772 
1734 1693 1833 1702 
1622 1715 2399 1654 
1534 1713 2273 1665 
1647 1728 1619 1708 
1801 1700 1020 1762 
1901 1703 1054 1762 
1776 1687 1650 1728 
1632 1733 2280 1681 
1521 1748 2326 1670 
1617 1742 1792 1702 
1795 1694 1165 1741 
1910 1672 1036 1753 
1810 1656 1481 1729 
1638 1723 2124 1703 
1520 1771 2334 1686 
1587 1777 1945 1724 
1778 1715 1317 1715 
1912 1650 1035 1742 
1842 1642 1356 1716 
1659 1706 1953 1725 
1506 1776 2300 1704 
1575 1810 2069 1711 
1758 1735 1480 1708 
1915 1653 1099 1721 
1863 1609 1250 1723 
1680 1684 1809 1729 
1507 1767 2228 1725 
1552 1830 2156 1716 
1732 1763 1636 1706 
1908 1664 1188 1701 
1889 1598 1189 1720 
1715 1662 1670 1740 
1522 1753 2144 1732 
1526 1829 2187 1729 
1686 1755 1791 1693 
1884 1674 1280 1677 
1903 1593 1161 1693 
1738 1633 1491 1726 
1547 1735 2022 1751 
1504 1818 2194 1735 
1664 1802 1973 1698 
1860 1691 1397 1671 
1919 1603 1180 1681 
1774 1605 1349 1720 
1572 1713 1908 1757 
1499 1797 2170 1754 
1618 1806 2071 1706 
1841 1712 1516 1678 
1922 1621 1222 1676 
1794 1612 1353 1702 
1595 1697 1779 1752 
1496 1784 2110 1759 
1620 1815 2043 1737 
1813 1733 1648 1689 
1931 1647 1299 1671 
1827 1617 1309 1695 
1624 1685 1675 1737 
1505 1763 2035 1766 
1587 1800 2081 1743 
1791 1746 1754 1704 
1918 1665 1378 1667 
1853 1629 1293 1690 
1657 1680 1576 1732 
1517 1762 1956 1763 
1562 1790 2083 1756 
1755 1749 1848 1710 
1903 1673 1472 1668 
1871 1637 1302 1676 
1690 1676 1490 1723 
1535 1753 1860 1763 
1550 1783 2064 1757 
1720 1752 1922 1716 
1881 1679 1563 1670 
1883 1648 1336 1666 
1724 1678 1433 1712 
1561 1746 1770 1766 
1547 1781 2023 1770 
1690 1749 1964 1725 
1853 1686 1658 1673 
1883 1646 1390 1663 
1752 1675 1405 1698 
1588 1736 1683 1757 
1546 1776 1970 1776 
1664 1754 1995 1738 
1826 1692 1738 1677 
1876 1650 1442 1659 
1772 1667 1393 1693 
1614 1725 1615 1747 
1557 1774 1904 1776 
1646 1762 1996 1750 
1799 1708 1799 1695 
1859 1654 1508 1663 
1786 1654 1396 1685 
1647 1700 1563 1733 
1574 1761 1846 1763 
1637 1773 1981 1749 
1768 1732 1840 1710 
1842 1674 1562 1678 
1788 1645 1402 1683 
1664 1678 1525 1712 
1592 1737 1800 1737 
1638 1776 1964 1739 
1757 1764 1867 1727 
1823 1711 1600 1716 
1779 1657 1423 1703 
1676 1651 1502 1697 
1610 1698 1770 1696 
1644 1763 1953 1711 
1742 1785 1879 1743 
1806 1750 1620 1763 
1776 1681 1426 1748 
1676 1634 1491 1690 
1616 1650 1746 1640 
1651 1718 1953 1650 
1745 1785 1906 1725 
1800 1792 1640 1808 
1770 1730 1424 1816 
1683 1644 1461 1721 
1618 1612 1729 1602 
1651 1659 1967 1582 
1740 1759 1947 1686 
1800 1823 1676 1837 
1772 1792 1415 1890 
1685 1694 1416 1783 
1624 1604 1684 1598 
1648 1607 1968 1506 
1737 1698 1995 1607 
1803 1805 1738 1816 
1785 1839 1430 1943 
1692 1756 1365 1863 
1627 1634 1612 1637 
1650 1581 1924 1481 
1717 1637 2044 1522 
1791 1761 1811 1763 
1769 1857 1473 1957 
1705 1817 1326 1937 
1632 1694 1522 1704 
1635 1575 1871 1481 
1706 1582 2059 1456 
1778 1685 1898 1677 
1790 1892 1550 1937 
1712 1847 1328 1992 
1644 1770 1445 1787 
1633 1571 1773 1524 
1699 1578 2036 1429 
1757 1616 1962 1600 
1765 1783 1657 1860 
1726 1834 1372 2004 
1676 1839 1405 1872 
1663 1705 1678 1609 
1696 1607 1970 1443 
1740 1571 1991 1537 
1735 1670 1760 1764 
1719 1773 1456 1965 
1687 1846 1390 1913 
1678 1792 1579 1699 
1709 1676 1864 1494 
1724 1572 1981 1498 
1759 1593 1850 1684 
1709 1697 1577 1890 
1698 1818 1422 1929 
1679 1856 1509 1776 
1716 1774 1753 1579 
1710 1627 1925 1500 
1795 1557 1897 1617 
1682 1604 1688 1792 
1681 1753 1500 1919 
1672 1854 1463 1849 
1754 1850 1652 1684 
1721 1708 1844 1555 
1720 1579 1916 1547 
1659 1543 1775 1700 
1697 1673 1596 1851 
1749 1822 1485 1893 
1767 1885 1565 1772 
1734 1787 1739 1619 
1678 1635 1886 1560 
1634 1529 1845 1607 
1672 1590 1691 1762 
1753 1659 1529 1842 
1785 1872 1520 1845 
1746 1853 1663 1698 
1675 1717 1822 1657 
1626 1560 1887 1552 
1653 1554 1766 1685 
1727 1666 1597 1790 
1793 1826 1504 1890 
1760 1868 1573 1769 
1687 1779 1747 1682 
1616 1608 1861 1534 
1645 1554 1833 1615 
1714 1612 1666 1778 
1800 1755 1498 1900 
1783 1854 1540 1837 
1693 1819 1679 1679 
1629 1663 1830 1534 
1633 1580 1861 1566 
1705 1587 1738 1710 
1770 1705 1561 1862 
1776 1817 1522 1869 
1715 1824 1618 1733 
1634 1732 1834 1563 
1637 1621 1864 1539 
1699 1593 1785 1666 
1784 1663 1598 1893 
1782 1768 1523 1886 
1739 1808 1577 1796 
1642 1758 1801 1616 
1639 1664 1851 1538 
1689 1618 1825 1623 
1768 1653 1632 1793 
1773 1731 1551 1873 
1728 1781 1555 1824 
1637 1750 1743 1648 
1631 1688 1832 1548 
1676 1635 1836 1583 
1757 1658 1704 1743 
1740 1659 1574 1878 
1744 1771 1560 1848 
1657 1783 1659 1700 
1638 1699 1814 1577 
1671 1666 1842 1569 
1742 1642 1735 1704 
1771 1708 1598 1830 
1740 1740 1537 1856 
1672 1760 1640 1740 
1640 1710 1775 1618 
1671 1685 1856 1569 
1740 1622 1760 1676 
1776 1710 1630 1807 
1755 1759 1502 1872 
1683 1774 1628 1758 
1629 1712 1746 1650 
1673 1689 1851 1575 
1734 1679 1788 1655 
1776 1708 1658 1768 
1754 1728 1548 1850 
1686 1730 1588 1785 
1637 1711 1720 1673 
1656 1692 1824 1587 
1727 1689 1799 1634 
1767 1700 1676 1733 
1763 1723 1563 1786 
1756 1738 1567 1818 
1640 1723 1699 1703 
1659 1697 1826 1613 
1702 1702 1819 1620 
1765 1700 1710 1711 
1763 1716 1580 1805 
1751 1722 1572 1809 
1651 1703 1663 1733 
1657 1714 1807 1641 
1668 1696 1829 1622 
1761 1714 1743 1682 
1767 1709 1605 1774 
1699 1711 1562 1776 
1668 1705 1637 1748 
1646 1703 1784 1668 
1693 1710 1828 1629 
1737 1704 1774 1658 
1770 1712 1629 1748 
1738 1701 1573 1825 
1681 1695 1622 1765 
1655 1697 1745 1692 
1682 1713 1827 1641 
1729 1713 1783 1651 
1765 1719 1663 1720 
1746 1702 1573 1825 
1694 1647 1609 1776 
1675 1711 1733 1732 
1670 1711 1806 1607 
1728 1731 1804 1658 
1755 1728 1692 1698 
1743 1707 1600 1787 
1694 1676 1582 1769 
1674 1691 1686 1740 
1670 1711 1791 1672 
1713 1726 1796 1656 
1734 1730 1720 1680 
1758 1721 1619 1752 
1708 1689 1599 1771 
1687 1685 1621 1766 
1676 1696 1774 1687 
1704 1725 1786 1672 
1732 1726 1736 1667 
1750 1733 1641 1740 
1718 1701 1603 1767 
1686 1690 1653 1765 
1665 1684 1738 1708 
1697 1709 1780 1671 
1724 1728 1746 1663 
1752 1737 1661 1718 
1726 1712 1615 1760 
1700 1698 1650 1703 
1680 1697 1717 1733 
1680 1718 1783 1679 
1728 1718 1750 1670 
1742 1745 1685 1704 
1734 1725 1625 1747 
1705 1707 1643 1776 
1675 1690 1716 1729 
1687 1684 1759 1693 
1714 1718 1763 1666 
1742 1731 1697 1692 
1722 1786 1641 1719 
1698 1696 1624 1749 
1601 1688 1691 1717 
1690 1637 1765 1703 
1711 1695 1771 1675 
1731 1731 1708 1677 
1737 1821 1652 1703 
1697 1703 1630 1736 
1678 1688 1678 1736 
1677 1629 1737 1720 
1708 1702 1762 1686 
1723 1709 1719 1678 
1725 1763 1665 1687 
1702 1709 1631 1736 
1681 1705 1669 1744 
1671 1620 1724 1731 
1713 1718 1765 1703 
1725 1712 1716 1679 
1744 1719 1680 1710 
1719 1722 1653 1739 
1702 1716 1684 1752 
1680 1706 1720 1730 
1700 1708 1747 1695 
1717 1704 1723 1682 
1734 1712 1687 1695 
1725 1713 1655 1732 
1703 1718 1677 1747 
1690 1712 1713 1738 
1705 1707 1660 1714 
1728 1706 1740 1675 
1736 1704 1696 1702 
1731 1712 1662 1722 
1704 1712 1672 1751 
1694 1723 1699 1748 
1695 1709 1733 1711 
1708 1706 1727 1686 
1726 1704 1698 1690 
1728 1710 1671 1716 
1709 1715 1671 1740 
1694 1718 1696 1743 
1693 1713 1724 1662 
1721 1726 1711 1699 
1718 1707 1712 1699 
1734 1704 1680 1714 
1712 1713 1678 1747 
1698 1717 1692 1748 
1694 1716 1721 1729 
1704 1711 1724 1700 
1719 1701 1711 1683 
1723 1703 1682 1704 
1720 1712 1677 1730 
1707 1720 1692 1740 
1700 1717 1713 1723 
1691 1711 1725 1644 
1724 1704 1719 1696 
1727 1699 1694 1698 
1714 1706 1684 1730 
1705 1719 1690 1742 
1700 1716 1711 1736 
1700 1708 1718 1705 
1710 1699 1716 1688 
1716 1699 1695 1693 
1713 1703 1684 1716 
1706 1714 1685 1738 
1699 1719 1704 1733 
1702 1717 1723 1714 
1646 1703 1715 1689 
1726 1710 1714 1703 
1717 1703 1705 1720 
1706 1722 1687 1738 
1705 1718 1701 1737 
1700 1719 1712 1720 
1707 1710 1714 1695 
1698 1697 1708 1682 
1720 1701 1680 1719 
1706 1713 1690 1727 
1711 1722 1690 1745 
1701 1719 1716 1719 
1707 1709 1712 1699 
1654 1617 1701 1700 
1722 1699 1682 1705 
1712 1722 1680 1731 
1709 1677 1694 1736 
1705 1731 1711 1728 
1711 1712 1709 1708 
1706 1757 1706 1684 
1703 1687 1677 1693 
1706 1703 1684 1721 
1703 1667 1695 1744 
1706 1729 1718 1724 
1706 1710 1711 1703 
1692 1771 1707 1670 
1705 1637 1678 1710 
1713 1709 1697 1705 
1726 1710 1695 1753 
1715 1722 1710 1735 
1710 1709 1723 1713 
1705 1705 1706 1677 
1698 1682 1692 1692 
1708 1699 1685 1709 
1692 1710 1688 1726 
1714 1727 1701 1733 
1710 1716 1704 1723 
1746 1705 1710 1696 
1695 1684 1688 1696 
1718 1656 1634 1717 
1644 1727 1698 1730 
1714 1735 1700 1732 
1711 1710 1713 1722 
1797 1710 1712 1692 
1689 1675 1690 1685 
1699 1694 1685 1697 
1667 1701 1687 1731 
1721 1724 1705 1737 
1707 1712 1706 1719 
1738 1710 1713 1690 
1692 1685 1685 1690 
1702 1696 1692 1698 
1719 1755 1642 1734 
1722 1731 1711 1748 
1715 1715 1710 1724 
1704 1708 1717 1740 
1690 1693 1695 1687 
1699 1692 1697 1701 
1701 1703 1685 1677 
1720 1715 1686 1734 
1705 1719 1705 1725 
1704 1713 1710 1799 
1684 1688 1704 1687 
1702 1700 1693 1700 
1710 1704 1694 1642 
1737 1747 1659 1749 
1704 1723 1709 1731 
1717 1713 1715 1814 
1683 1689 1713 1693 
1701 1691 1694 1699 
1703 1701 1693 1656 
1724 1726 1693 1726 
1716 1719 1697 1728 
1704 1707 1701 1759 
1681 1673 1707 1694 
1694 1694 1697 1692 
1701 1695 1686 1712 
1719 1725 1675 1645 
1738 1713 1656 1744 
1700 1720 1711 1726 
1701 1686 1757 1702 
1692 1697 1698 1699 
1701 1694 1693 1701 
1711 1710 1632 1720 
1722 1721 1697 1723 
1708 1708 1704 1715 
1684 1698 1772 1693 
1696 1693 1700 1697 
1706 1694 1700 1708 
1715 1709 1706 1711 
1716 1710 1691 1718 
1732 1722 1664 1725 
1698 1720 1711 1722 
1711 1711 1712 1711 
1708 1712 1705 1718 
1719 1714 1702 1711 
1719 1715 1695 1719 
1711 1720 1693 1716 
1704 1716 1702 1723 
1699 1710 1709 1713 
1705 1709 1703 1715 
1713 1714 1701 1714 
1720 1719 1695 1717 
1710 1713 1696 1717 
1715 1773 1657 1728 
1700 1712 1711 1734 
1708 1714 1718 1708 
1724 1667 1702 1725 
1721 1724 1713 1711 
1718 1714 1695 1718 
1688 1738 1694 1696 
1693 1690 1689 1712 
1702 1699 1708 1712 
1723 1718 1708 1718 
1720 1719 1709 1702 
1718 1714 1692 1716 
1701 1714 1705 1707 
1715 1690 1623 1733 
1706 1712 1720 1728 
1703 1716 1708 1711 
1726 1724 1713 1706 
1717 1710 1691 1718 
1708 1721 1704 1717 
1697 1702 1697 1725 
1701 1704 1705 1718 
1680 1707 1700 1718 
1729 1729 1713 1715 
1712 1714 1693 1708 
1743 1711 1693 1707 
1684 1693 1687 1715 
1721 1727 1642 1726 
1723 1713 1720 1712 
1733 1722 1719 1718 
1715 1714 1697 1712 
1708 1720 1704 1710 
1692 1706 1695 1715 
1702 1710 1707 1715 
1708 1699 1702 1708 
1726 1717 1698 1715 
1716 1710 1694 1709 
1710 1717 1699 1729 
1680 1704 1701 1709 
1705 1717 1707 1724 
1724 1669 1648 1675 
1738 1722 1710 1716 
1723 1711 1707 1722 
1713 1720 1699 1710 
1701 1708 1694 1717 
1704 1709 1708 1714 
1704 1699 1706 1715 
1719 1707 1710 1713 
1715 1702 1698 1707 
1719 1716 1698 1711 
1708 1714 1701 1717 
1705 1718 1708 1714 
1704 1707 1703 1721 
1703 1724 1647 1723 
1729 1718 1710 1715 
1705 1719 1699 1710 
1702 1708 1718 1707 
1701 1711 1696 1721 
1706 1707 1712 1719 
1716 1696 1694 1722 
1711 1703 1707 1704 
1720 1710 1696 1720 
1701 1707 1699 1708 
1707 1713 1696 1721 
1701 1710 1703 1718 
1719 1714 1701 1720 
1701 1757 1610 1711 
1724 1723 1713 1718 
1697 1712 1699 1708 
1712 1717 1705 1719 
1702 1709 1701 1716 
1716 1716 1708 1719 
1710 1704 1708 1708 
1717 1708 1703 1709 
1707 1702 1697 1710 
1711 1711 1700 1719 
1705 1708 1699 1720 
1707 1709 1706 1712 
1712 1702 1703 1714 
1713 1715 1643 1714 
1712 1722 1708 1710 
1717 1705 1708 1723 
1711 1713 1708 1711 
1708 1677 1700 1727 
1708 1712 1721 1713 
1707 1700 1705 1710 
1705 1703 1705 1708 
1705 1704 1697 1717 
1708 1711 1706 1717 
1713 1710 1705 1715 
1710 1708 1700 1709 
1712 1704 1704 1715 
1715 1716 1741 1713 
1698 1711 1709 1710 
1710 1705 1712 1719 
1713 1710 1703 1718 
1714 1711 1704 1713 
1710 1709 1697 1713 
1705 1707 1694 1713 
1704 1707 1699 1715 
1704 1704 1702 1717 
1637 1708 1704 1711 
1729 1719 1707 1724 
1712 1712 1704 1714 
1801 1705 1698 1711 
1674 1752 1592 1703 
1691 1699 1696 1711 
1632 1699 1698 1708 
1717 1721 1713 1720 
1717 1721 1708 1717 
1772 1711 1697 1710 
1676 1683 1671 1701 
1687 1689 1695 1702 
1707 1697 1696 1709 
1716 1716 1719 1717 
1722 1724 1711 1715 
1713 1713 1696 1748 
1690 1691 1672 1700 
1670 1651 1681 1710 
1710 1709 1702 1723 
1716 1708 1703 1715 
1717 1717 1713 1719 
1714 1712 1700 1723 
1706 1712 1705 1711 
1699 1696 1692 1712 
1702 1699 1701 1704 
1714 1703 1703 1713 
1713 1710 1712 1708 
1713 1711 1697 1716 
1701 1709 1697 1714 
1704 1709 1698 1718 
1656 1627 1698 1726 
1719 1714 1718 1714 
1718 1710 1720 1715 
1712 1725 1707 1718 
1706 1718 1697 1722 
1702 1711 1694 1715 
1707 1707 1695 1711 
1707 1708 1702 1708 
1712 1709 1707 1714 
1708 1713 1703 1716 
1703 1714 1697 1717 
1699 1712 1693 1714 
1706 1708 1695 1708 
1650 1647 1704 1723 
1723 1715 1714 1718 
1717 1710 1719 1718 
1706 1714 1702 1723 
1702 1705 1696 1715 
1705 1711 1700 1713 
1709 1705 1702 1711 
1713 1704 1711 1706 
1712 1702 1707 1715 
1708 1711 1708 1720 
1705 1711 1699 1717 
1703 1706 1697 1708 
1709 1707 1699 1711 
1647 1616 1712 1706 
1722 1714 1722 1721 
1712 1718 1694 1705 
1705 1710 1698 1726 
1708 1717 1705 1708 
1706 1672 1689 1717 
1711 1716 1716 1711 
1711 1713 1710 1711 
1702 1776 1707 1698 
1697 1692 1683 1708 
1701 1703 1689 1709 
1716 1715 1697 1714 
1707 1702 1695 1711 
1703 1750 1707 1735 
1703 1763 1713 1702 
1703 1689 1671 1706 
1701 1708 1699 1706 
1719 1707 1692 1720 
1716 1721 1709 1712 
1710 1707 1700 1715 
1722 1701 1705 1700 
1692 1693 1690 1703 
1698 1701 1690 1704 
1694 1709 1692 1714 
1720 1723 1707 1717 
1706 1711 1704 1712 
1750 1679 1700 1708 
1701 1709 1713 1710 
1712 1715 1689 1710 
1647 1709 1701 1713 
1725 1726 1704 1727 
1710 1708 1705 1721 
1728 1707 1710 1700 
1689 1685 1689 1701 
1709 1706 1700 1711 
1698 1711 1698 1722 
1719 1721 1709 1719 
1705 1706 1701 1722 
1703 1711 1710 1713 
1697 1651 1695 1692 
1714 1716 1711 1722 
1721 1708 1690 1699 
1723 1722 1708 1732 
1707 1711 1702 1722 
1698 1709 1705 1760 
1683 1690 1700 1700 
1696 1702 1697 1702 
1711 1707 1698 1675 
1725 1720 1690 1722 
1711 1708 1698 1719 
1699 1706 1699 1813 
1677 1688 1702 1694 
1757 1624 1694 1701 
1716 1712 1707 1672 
1733 1726 1702 1728 
1715 1727 1718 1725 
1707 1715 1697 1737 
1684 1691 1684 1701 
1698 1699 1699 1706 
1712 1704 1704 1710 
1720 1715 1703 1721 
1716 1715 1705 1723 
1707 1717 1705 1715 
1689 1694 1726 1696 
1696 1691 1691 1701 
1717 1628 1704 1709 
1729 1714 1687 1729 
1720 1717 1724 1719 
1707 1718 1701 1721 
1696 1713 1798 1703 
1694 1695 1690 1702 
1701 1696 1700 1703 
1720 1712 1662 1727 
1722 1727 1714 1723 
1712 1714 1692 1721 
1684 1694 1730 1698 
1697 1700 1685 1705 
1702 1702 1703 1708 
1766 1682 1711 1742 
1719 1726 1728 1719 
1714 1723 1711 1716 
1673 1716 1735 1696 
1694 1697 1683 1703 
1699 1700 1700 1707 
1726 1697 1705 1721 
1717 1716 1709 1724 
1712 1718 1707 1718 
1685 1759 1693 1703 
1694 1697 1681 1703 
1701 1694 1690 1705 
1710 1642 1704 1715 
1715 1675 1662 1737 
1718 1729 1722 1717 
1708 1823 1702 1712 
1692 1698 1680 1694 
1698 1695 1686 1700 
1719 1641 1700 1724 
1721 1713 1717 1720 
1707 1710 1708 1714 
1707 1714 1695 1719 
1701 1710 1697 1706 
1703 1702 1695 1699 
1708 1704 1701 1707 
1718 1709 1703 1721 
1705 1811 1647 1724 
1719 1730 1710 1714 
1703 1717 1707 1721 
1714 1712 1701 1712 
1714 1711 1707 1708 
1716 1712 1702 1713 
1710 1711 1704 1718 
1713 1716 1704 1717 
1706 1710 1699 1714 
1707 1707 1704 1711 
1713 1704 1703 1711 
1716 1709 1709 1713 
1714 1712 1707 1725 
1699 1704 1643 1732 
1713 1726 1710 1712 
1703 1713 1700 1717 
1716 1710 1712 1712 
1714 1709 1709 1718 
1711 1705 1706 1720 
1712 1712 1704 1719 
1706 1710 1706 1714 
1702 1705 1699 1705 
1710 1704 1702 1711 
1718 1701 1710 1715 
1718 1708 1710 1718 
1709 1710 1701 1714 
1723 1752 1659 1727 
1715 1721 1711 1719 
1708 1714 1707 1704 
1717 1703 1706 1711 
1719 1709 1708 1718 
1717 1713 1710 1716 
1707 1709 1698 1714 
1704 1706 1699 1710 
1710 1705 1704 1711 
1714 1704 1708 1711 
1714 1705 1708 1715 
1711 1707 1704 1720 
1708 1715 1702 1632 
1709 1709 1740 1723 
1701 1717 1710 1708 
1724 1701 1709 1717 
1712 1711 1711 1711 
1718 1715 1702 1721 
1700 1707 1702 1714 
1703 1715 1701 1711 
1702 1705 1701 1707 
1714 1709 1707 1707 
1711 1703 1704 1712 
1709 1711 1706 1716 
1702 1712 1701 1722 
1612 1712 1703 1671 
1716 1723 1741 1722 
1721 1703 1715 1712 
1715 1710 1707 1718 
1714 1712 1706 1718 
1704 1710 1707 1712 
1708 1710 1694 1726 
1701 1712 1712 1710 
1716 1705 1704 1715 
1709 1704 1710 1710 
1716 1708 1702 1720 
1708 1715 1705 1712 
1701 1710 1695 1715 
1630 1706 1701 1704 
1719 1711 1717 1722 
1712 1706 1714 1716 
1719 1712 1699 1714 
1704 1712 1702 1717 
1702 1717 1704 1718 
1698 1706 1697 1711 
1704 1704 1702 1702 
1713 1701 1703 1709 
1716 1708 1707 1707 
1710 1709 1703 1713 
1701 1710 1699 1716 
1701 1713 1698 1713 
1661 1709 1701 1700 
1725 1722 1726 1723 
1721 1720 1699 1714 
1710 1708 1705 1716 
1703 1713 1699 1718 
1698 1710 1702 1712 
1700 1705 1702 1705 
1712 1708 1700 1708 
1714 1709 1708 1711 
1714 1709 1704 1716 
1701 1707 1700 1716 
1699 1710 1700 1717 
1705 1708 1701 1710 
1721 1633 1703 1715 
1723 1714 1715 1715 
1719 1708 1710 1713 
1707 1715 1699 1717 
1697 1703 1697 1712 
1702 1705 1697 1715 
1713 1706 1706 1714 
1718 1706 1707 1710 
1710 1705 1699 1715 
1708 1710 1702 1723 
1716 1712 1704 1715 
1698 1704 1691 1709 
1707 1704 1706 1710 
1724 1775 1678 1726 
1725 1720 1719 1706 
1711 1716 1706 1724 
1705 1708 1697 1712 
1704 1709 1700 1711 
1707 1704 1703 1708 
1712 1705 1705 1706 
1711 1706 1705 1815 
1691 1696 1700 1698 
1697 1702 1683 1710 
1691 1701 1687 1633 
1710 1709 1695 1709 
1717 1709 1698 1714 
1720 1743 1658 1813 
1686 1692 1709 1711 
1690 1698 1680 1701 
1695 1702 1690 1681 
1709 1725 1703 1715 
1712 1711 1703 1712 
1710 1703 1699 1713 
1692 1679 1712 1702 
1693 1697 1687 1704 
1693 1694 1682 1710 
1705 1713 1663 1717 
1718 1716 1710 1718 
1708 1700 1707 1626 
1716 1703 1763 1718 
1693 1712 1707 1707 
1712 1702 1704 1721 
1700 1706 1698 1709 
1711 1704 1699 1711 
1715 1707 1707 1710 
1716 1706 1708 1711 
1709 1702 1702 1712 
1705 1707 1699 1718 
1705 1708 1703 1717 
1709 1707 1703 1711 
1713 1706 1704 1709 
1656 1708 1703 1602 
1723 1718 1687 1722 
1709 1704 1713 1722 
1711 1713 1702 1710 
1707 1708 1705 1707 
1715 1708 1704 1713 
1714 1707 1707 1709 
1712 1705 1705 1709 
1706 1704 1700 1712 
1708 1710 1701 1716 
1709 1706 1704 1711 
1709 1705 1701 1707 
1711 1708 1699 1712 
1670 1730 1707 1717 
1723 1717 1720 1722 
1707 1735 1694 1697 
1706 1700 1698 1718 
1713 1717 1714 1705 
1716 1699 1697 1712 
1710 1712 1713 1706 
1715 1710 1702 1713 
1710 1704 1702 1693 
1694 1694 1687 1700 
1701 1706 1698 1702 
1698 1715 1703 1713 
1713 1720 1717 1704 
1740 1665 1648 1719 
1770 1716 1713 1704 
1699 1701 1702 1710 
1704 1710 1698 1706 
1660 1712 1699 1712 
1718 1724 1711 1718 
1710 1707 1701 1715 
1798 1698 1700 1701 
1687 1681 1684 1699 
1703 1698 1694 1703 
1690 1705 1694 1722 
1717 1720 1709 1718 
1703 1704 1698 1712 
1726 1748 1648 1710 
1691 1695 1683 1715 
1707 1710 1702 1711 
1707 1707 1701 1710 
1721 1721 1712 1727 
1707 1711 1707 1723 
1703 1713 1706 1736 
1688 1691 1693 1703 
1707 1702 1703 1714 
1714 1712 1706 1677 
1718 1713 1699 1719 
1708 1703 1699 1716 
1707 1707 1704 1749 
1696 1708 1677 1702 
1713 1696 1695 1711 
1707 1703 1699 1665 
1726 1726 1707 1727 
1712 1720 1715 1714 
1707 1705 1697 1729 
1694 1693 1697 1702 
1719 1706 1703 1719 
1707 1704 1707 1711 
1715 1716 1713 1724 
1711 1709 1710 1717 
1708 1712 1709 1711 
1630 1695 1703 1662 
1721 1705 1713 1723 
1708 1709 1716 1709 
1720 1713 1666 1727 
1712 1715 1714 1718 
1708 1711 1700 1714 
1695 1703 1731 1700 
1702 1701 1694 1714 
1709 1709 1709 1706 
1716 1705 1631 1726 
1712 1721 1714 1718 
1710 1715 1701 1717 
1689 1700 1739 1691 
1721 1620 1687 1698 
1718 1716 1712 1725 
1733 1728 1672 1729 
1714 1725 1718 1713 
1713 1711 1695 1715 
1693 1702 1699 1701 
1704 1699 1690 1703 
1705 1702 1698 1709 
1713 1695 1704 1720 
1717 1720 1713 1716 
1708 1711 1702 1714 
1697 1752 1693 1698 
1696 1694 1686 1705 
1718 1683 1603 1709 
1713 1666 1704 1720 
1723 1721 1724 1719 
1719 1717 1703 1717 
1704 1801 1701 1697 
1694 1691 1685 1704 
1698 1700 1699 1705 
1718 1682 1706 1721 
1719 1723 1718 1715 
1703 1712 1699 1714 
1698 1732 1702 1698 
1701 1696 1685 1711 
1713 1708 1704 1631 
1728 1722 1688 1730 
1708 1721 1722 1721 
1714 1713 1703 1717 
1740 1714 1703 1694 
1693 1694 1689 1701 
1702 1700 1690 1705 
1666 1706 1702 1719 
1715 1711 1710 1719 
1709 1715 1710 1712 
1800 1705 1697 1714 
1695 1693 1692 1700 
1698 1695 1689 1697 
1576 1700 1693 1737 
1728 1727 1721 1727 
1722 1718 1719 1721 
1779 1715 1705 1710 
1691 1687 1677 1699 
1703 1700 1690 1708 
1714 1708 1705 1726 
1719 1715 1718 1722 
1715 1716 1711 1718 
1715 1716 1706 1721 
1701 1707 1702 1705 
1713 1712 1694 1713 
1709 1706 1699 1710 
1725 1654 1708 1722 
1721 1719 1714 1725 
1720 1718 1708 1721 
1711 1711 1708 1719 
1714 1715 1706 1716 
1715 1714 1705 1715 
1713 1710 1711 1712 
1716 1711 1709 1717 
1713 1717 1710 1717 
1712 1715 1707 1719 
1710 1712 1704 1712 
1714 1711 1699 1716 
1717 1713 1709 1721 
1737 1699 1670 1731 
1713 1717 1716 1725 
1717 1715 1714 1722 
1714 1714 1709 1719 
1718 1715 1711 1717 
1711 1706 1705 1713 
1712 1710 1710 1717 
1714 1709 1714 1719 
1709 1708 1710 1713 
1711 1710 1706 1716 
1714 1713 1707 1718 
1716 1713 1709 1716 
1630 1707 1704 1674 
1727 1721 1694 1727 
1716 1715 1713 1725 
1714 1717 1711 1721 
1716 1715 1705 1717 
1717 1713 1704 1717 
1713 1715 1705 1714 
1711 1713 1704 1718 
1708 1709 1707 1715 
1709 1710 1708 1718 
1707 1711 1708 1717 
1710 1712 1705 1714 
1710 1710 1706 1712 
1779 1718 1710 1712 
1715 1713 1713 1725 
1718 1713 1718 1725 
1716 1712 1708 1724 
1712 1708 1708 1719 
1716 1710 1706 1722 
1717 1709 1709 1720 
1713 1709 1709 1717 
1713 1710 1708 1721 
1713 1710 1709 1720 
1716 1709 1706 1713 
1711 1704 1698 1709 
1717 1710 1704 1718 
1727 1693 1623 1714 
1711 1715 1713 1711 
1715 1714 1718 1717 
1714 1713 1710 1713 
1719 1713 1707 1717 
1717 1707 1704 1717 
1715 1713 1708 1720 
1715 1713 1712 1721 
1714 1709 1713 1713 
1713 1710 1706 1713 
1715 1710 1706 1719 
1716 1710 1708 1716 
1714 1704 1705 1649 
1724 1722 1704 1722 
1715 1709 1711 1717 
1714 1710 1708 1710 
1716 1709 1704 1713 
1712 1709 1707 1712 
1712 1711 1707 1713 
1714 1711 1705 1716 
1712 1709 1706 1712 
1712 1707 1704 1715 
1715 1710 1702 1715 
1716 1713 1703 1716 
1714 1705 1705 1714 
1746 1673 1702 1716 
1717 1713 1700 1719 
1715 1713 1711 1719 
1717 1717 1709 1720 
1710 1708 1707 1713 
1719 1708 1706 1714 
1713 1711 1708 1719 
1708 1711 1707 1711 
1710 1710 1701 1718 
1710 1715 1705 1722 
1711 1714 1707 1718 
1706 1709 1701 1716 
1711 1712 1707 1719 
1701 1700 1636 1723 
1713 1720 1711 1721 
1708 1716 1708 1721 
1709 1712 1708 1717 
1711 1711 1708 1713 
1711 1710 1703 1717 
1710 1709 1707 1716 
1711 1711 1706 1719 
1709 1710 1707 1715 
1709 1712 1703 1717 
1707 1711 1702 1718 
1711 1713 1704 1717 
1678 1712 1701 1676 
1716 1714 1730 1724 
1713 1709 1712 1725 
1710 1717 1707 1718 
1714 1715 1705 1719 
1714 1714 1706 1719 
1712 1714 1703 1715 
1710 1709 1701 1715 
1715 1712 1702 1715 
1711 1709 1702 1712 
1710 1704 1701 1714 
1701 1706 1745 1701 
1713 1705 1694 1712 
1679 1645 1708 1726 
1726 1713 1640 1729 
1719 1725 1722 1718 
1717 1712 1706 1717 
1679 1701 1754 1691 
1700 1696 1692 1708 
1706 1699 1696 1713 
1727 1708 1698 1720 
1712 1711 1704 1726 
1707 1713 1707 1717 
1683 1741 1704 1701 
1699 1693 1690 1699 
1701 1695 1691 1624 
1707 1640 1745 1716 
1717 1717 1709 1727 
1710 1712 1714 1719 
1713 1802 1711 1703 
1700 1699 1690 1699 
1708 1703 1691 1715 
1713 1711 1704 1720 
1716 1719 1711 1722 
1709 1706 1703 1719 
1712 1717 1709 1719 
1710 1709 1700 1719 
1709 1713 1707 1714 
1649 1710 1701 1681 
1716 1718 1720 1723 
1716 1711 1706 1727 
1709 1708 1703 1714 
1710 1712 1703 1712 
1712 1712 1704 1713 
1711 1713 1705 1715 
1712 1710 1703 1718 
1716 1715 1708 1717 
1711 1712 1706 1713 
1709 1708 1704 1715 
1709 1704 1704 1713 
1716 1709 1707 1712 
1711 1754 1672 1708 
1718 1714 1708 1721 
1749 1712 1707 1713 
1700 1694 1690 1708 
1709 1710 1699 1715 
1709 1713 1704 1724 
1722 1724 1710 1719 
1706 1704 1697 1718 
1715 1712 1703 1721 
1702 1701 1688 1716 
1714 1715 1698 1717 
1707 1709 1702 1703 
1724 1711 1709 1647 
1713 1705 1678 1721 
1713 1711 1709 1775 
1702 1707 1698 1706 
1707 1705 1695 1714 
1706 1707 1700 1653 
1720 1711 1698 1729 
1708 1714 1713 1719 
1708 1712 1705 1766 
1686 1696 1698 1700 
1704 1705 1693 1715 
1713 1714 1705 1676 
1722 1728 1708 1721 
1687 1705 1707 1702 
1711 1714 1708 1748 
1691 1687 1694 1703 
1706 1701 1692 1708 
1707 1708 1698 1701 
1721 1722 1714 1721 
1717 1718 1710 1719 
1711 1710 1703 1719 
1697 1697 1718 1704 
1709 1709 1699 1713 
1711 1710 1703 1720 
1711 1704 1670 1726 
1707 1713 1714 1653 
1710 1692 1672 1715 
1701 1716 1801 1700 
1701 1702 1690 1712 
1708 1707 1701 1712 
1719 1710 1654 1727 
1718 1727 1717 1723 
1713 1717 1709 1722 
1681 1694 1756 1697 
1707 1706 1691 1715 
1709 1709 1705 1718 
1721 1724 1712 1730 
1705 1712 1712 1724 
1657 1713 1710 1752 
1689 1716 1709 1707 
1702 1699 1696 1711 
1705 1709 1703 1712 
1715 1700 1706 1722 
1717 1726 1716 1718 
1713 1711 1701 1724 
1707 1746 1704 1708 
1710 1702 1693 1714 
1712 1710 1703 1716 
1711 1669 1708 1727 
1718 1719 1724 1721 
1710 1714 1708 1715 
1718 1753 1647 1703 
1703 1695 1690 1708 
1711 1712 1705 1712 
1729 1692 1703 1733 
1719 1725 1723 1717 
1717 1714 1705 1721 
1694 1725 1705 1698 
1703 1698 1688 1712 
1705 1704 1703 1712 
1717 1720 1709 1720 
1712 1718 1718 1713 
1712 1710 1704 1724 
1706 1716 1711 1704 
1700 1702 1695 1712 
1711 1716 1709 1719 
1659 1712 1712 1709 
1720 1721 1715 1711 
1710 1708 1712 1721 
1746 1712 1713 1715 
1699 1699 1696 1711 
1710 1715 1703 1710 
1660 1711 1706 1718 
1724 1726 1718 1725 
1710 1712 1704 1718 
1741 1708 1696 1701 
1701 1683 1673 1698 
1714 1712 1700 1713 
1712 1710 1700 1727 
1723 1724 1720 1728 
1713 1715 1708 1723 
1704 1714 1710 1719 
1698 1699 1691 1712 
1708 1710 1702 1714 
1717 1715 1707 1680 
1718 1713 1707 1729 
1708 1715 1712 1724 
1707 1716 1709 1783 
1696 1701 1688 1648 
1707 1706 1664 1705 
1710 1707 1701 1649 
1717 1716 1699 1722 
1720 1721 1704 1724 
1710 1710 1705 1816 
1690 1697 1705 1702 
1699 1695 1686 1708 
1710 1706 1695 1668 
1725 1726 1706 1724 
1717 1719 1711 1719 
1711 1709 1705 1749 
1687 1677 1701 1702 
1729 1642 1695 1704 
1710 1700 1698 1711 
1718 1713 1698 1723 
1720 1724 1715 1722 
1706 1708 1699 1717 
1711 1715 1708 1713 
1713 1707 1699 1723 
1716 1717 1709 1711 
1714 1709 1700 1722 
1714 1719 1710 1719 
1720 1717 1703 1726 
1710 1714 1711 1716 
1714 1715 1703 1668 
1716 1715 1695 1717 
1724 1714 1706 1719 
1713 1713 1704 1720 
1713 1716 1712 1719 
1713 1712 1707 1719 
1713 1714 1708 1717 
1711 1709 1702 1720 
1710 1714 1705 1718 
1710 1715 1703 1715 
1712 1714 1705 1716 
1710 1716 1709 1719 
1711 1715 1711 1719 
1719 1661 1702 1734 
1714 1714 1712 1719 
1712 1713 1706 1717 
1711 1713 1705 1714 
1713 1716 1706 1715 
1714 1716 1708 1717 
1710 1719 1710 1715 
1707 1711 1703 1718 
1710 1713 1704 1717 
1712 1716 1705 1715 
1710 1715 1705 1713 
1714 1713 1704 1717 
1717 1714 1705 1667 
1722 1729 1714 1721 
1710 1706 1698 1713 
1711 1711 1699 1715 
1717 1716 1704 1715 
1715 1717 1709 1712 
1718 1719 1705 1718 
1719 1714 1708 1721 
1716 1712 1705 1717 
1710 1710 1701 1714 
1709 1711 1704 1713 
1711 1715 1705 1717 
1710 1711 1712 1719 
1714 1659 1709 1737 
1715 1710 1712 1721 
1713 1713 1704 1718 
1711 1712 1701 1715 
1713 1712 1706 1713 
1720 1716 1710 1720 
1718 1712 1708 1719 
1713 1711 1706 1719 
1709 1706 1704 1713 
1708 1710 1701 1706 
1712 1711 1703 1712 
1717 1720 1711 1717 
1717 1717 1713 1680 
1722 1735 1722 1721 
1704 1706 1720 1714 
1705 1706 1701 1713 
1715 1708 1705 1708 
1713 1712 1715 1717 
1716 1714 1713 1724 
1711 1715 1711 1720 
1704 1707 1702 1716 
1704 1707 1703 1713 
1710 1712 1706 1714 
1713 1715 1708 1715 
1716 1715 1708 1720 
1743 1681 1671 1755 
1722 1718 1718 1715 
1705 1708 1697 1713 
1705 1707 1696 1713 
1715 1713 1702 1719 
1716 1712 1706 1720 
1713 1713 1707 1721 
1710 1711 1706 1717 
1708 1712 1701 1712 
1711 1708 1696 1711 
1715 1712 1701 1717 
1719 1716 1703 1719 
1719 1715 1707 1701 
1719 1734 1713 1723 
1703 1707 1712 1712 
1706 1709 1699 1707 
1713 1710 1702 1712 
1715 1714 1710 1718 
1713 1717 1711 1719 
1708 1711 1704 1718 
1707 1712 1703 1715 
1704 1710 1702 1714 
1705 1714 1701 1711 
1715 1715 1700 1718 
1717 1715 1711 1720 
1724 1635 1619 1731 
1718 1717 1704 1711 
1704 1715 1699 1712 
1715 1709 1705 1713 
1714 1712 1708 1715 
1714 1711 1711 1719 
1717 1712 1714 1720 
1713 1711 1713 1712 
1710 1708 1704 1709 
1711 1710 1704 1711 
1718 1711 1709 1717 
1712 1709 1710 1716 
1665 1711 1710 1742 
1713 1725 1741 1733 
1707 1718 1690 1703 
1710 1704 1704 1709 
1719 1709 1704 1713 
1720 1710 1708 1722 
1713 1711 1713 1721 
1710 1708 1706 1718 
1706 1712 1706 1714 
1708 1711 1705 1711 
1712 1707 1705 1715 
1713 1707 1707 1724 
1712 1708 1709 1670 
1726 1722 1678 1726 
1679 1719 1718 1703 
1709 1700 1715 1714 
1710 1706 1701 1711 
1716 1714 1712 1717 
1715 1707 1706 1722 
1710 1711 1709 1714 
1678 1706 1701 1715 
1721 1727 1716 1712 
1709 1707 1699 1712 
1756 1710 1706 1709 
1707 1696 1693 1718 
1784 1667 1709 1765 
1698 1714 1717 1708 
1716 1723 1712 1720 
1709 1716 1697 1714 
1707 1715 1712 1701 
1695 1691 1683 1704 
1706 1702 1698 1712 
1711 1711 1700 1711 
1722 1723 1711 1719 
1710 1708 1697 1716 
1710 1712 1705 1766 
1699 1701 1701 1705 
1586 1701 1698 1782 
1702 1724 1753 1662 
1708 1690 1713 1742 
1714 1719 1701 1708 
1710 1708 1698 1793 
1690 1688 1696 1695 
1705 1703 1692 1711 
1710 1705 1699 1650 
1733 1730 1712 1730 
1712 1711 1707 1720 
1713 1714 1709 1742 
1696 1688 1686 1697 
1703 1702 1692 1706 
1754 1664 1633 1748 
1701 1736 1714 1732 
1711 1710 1702 1714 
1712 1710 1712 1717 
1699 1693 1722 1694 
1699 1699 1690 1707 
1706 1707 1699 1713 
1712 1712 1677 1728 
1719 1723 1714 1726 
1710 1714 1704 1718 
1689 1703 1787 1687 
1693 1692 1692 1695 
1688 1786 1701 1709 
1739 1725 1682 1758 
1730 1719 1687 1720 
1710 1712 1699 1719 
1675 1684 1768 1685 
1695 1691 1695 1695 
1702 1697 1703 1703 
1730 1730 1714 1736 
1729 1735 1706 1743 
1720 1723 1697 1731 
1683 1696 1698 1693 
1692 1690 1702 1686 
1708 1698 1713 1698 
1729 1732 1855 1729 
1728 1735 1720 1733 
1712 1721 1699 1749 
1693 1774 1692 1694 
1682 1682 1695 1678 
1700 1686 1717 1687 
1729 1666 1711 1728 
1742 1742 1706 1753 
1721 1738 1685 1747 
1687 1816 1691 1694 
1674 1681 1695 1672 
1697 1681 1726 1676 
1810 1601 1638 1792 
1761 1742 1725 1731 
1724 1741 1680 1755 
1674 1784 1674 1694 
1661 1686 1695 1674 
1680 1673 1726 1663 
1719 1680 1722 1707 
1757 1718 1707 1756 
1737 1742 1685 1755 
1730 1733 1671 1726 
1665 1702 1696 1679 
1679 1681 1727 1665 
1615 1683 1740 1626 
1756 1737 1771 1752 
1748 1737 1666 1771 
1788 1743 1679 1732 
1664 1703 1675 1691 
1672 1687 1723 1665 
1681 1681 1743 1695 
1756 1707 1741 1726 
1754 1722 1690 1759 
1770 1744 1672 1732 
1663 1721 1661 1695 
1666 1699 1705 1671 
1686 1673 1730 1596 
1775 1693 1551 1729 
1733 1721 1727 1741 
1724 1727 1693 1755 
1672 1729 1659 1705 
1662 1712 1690 1677 
1687 1687 1725 1679 
1740 1689 1736 1722 
1755 1702 1716 1742 
1738 1731 1683 1751 
1691 1740 1681 1718 
1670 1728 1696 1692 
1678 1695 1723 1650 
1750 1696 1818 1732 
1765 1707 1726 1716 
1721 1731 1684 1828 
1685 1709 1673 1705 
1674 1727 1685 1692 
1679 1707 1712 1666 
1727 1704 1737 1714 
1743 1695 1724 1735 
1738 1706 1705 1741 
1693 1703 1676 1713 
1674 1721 1679 1705 
1679 1716 1704 1697 
1709 1713 1718 1839 
1735 1698 1762 1747 
1734 1710 1685 1742 
1706 1709 1708 1714 
1689 1726 1687 1706 
1681 1724 1703 1693 
1714 1705 1644 1721 
1735 1705 1731 1730 
1740 1699 1706 1737 
1702 1702 1792 1710 
1683 1702 1676 1703 
1683 1719 1701 1688 
1715 1719 1657 1633 
1744 1772 1858 1722 
1734 1697 1728 1719 
1687 1685 1760 1708 
1688 1698 1677 1693 
1681 1706 1689 1688 
1714 1722 1696 1709 
1730 1716 1718 1732 
1730 1703 1716 1729 
1697 1722 1704 1707 
1684 1695 1684 1694 
1683 1706 1689 1697 
1705 1711 1707 1710 
1785 1748 1572 1753 
1742 1722 1704 1709 
1711 1721 1693 1728 
1692 1700 1701 1706 
1692 1711 1703 1707 
1704 1716 1706 1717 
1726 1726 1713 1725 
1725 1713 1705 1729 
1718 1714 1706 1721 
1703 1708 1701 1716 
1693 1714 1706 1703 
1703 1713 1704 1715 
1659 1645 1711 1769 
1739 1734 1759 1749 
1728 1709 1673 1712 
1707 1708 1705 1712 
1697 1710 1704 1705 
1701 1717 1710 1708 
1716 1719 1706 1726 
1724 1721 1706 1731 
1724 1716 1706 1723 
1705 1710 1703 1711 
1697 1705 1707 1705 
1706 1708 1711 1709 
1718 1713 1712 1650 
1750 1757 1656 1730 
1723 1696 1723 1713 
1702 1703 1705 1714 
1703 1703 1701 1703 
1708 1706 1709 1708 
1715 1714 1713 1718 
1721 1716 1709 1727 
1726 1718 1708 1727 
1708 1715 1704 1715 
1707 1712 1707 1708 
1709 1710 1704 1712 
1719 1716 1707 1721 
1764 1817 1704 1741 
1692 1731 1707 1721 
1713 1708 1708 1707 
1703 1711 1711 1713 
1708 1710 1709 1710 
1712 1707 1702 1719 
1706 1716 1705 1725 
1718 1720 1703 1726 
1707 1715 1704 1715 
1704 1710 1707 1711 
1708 1709 1709 1713 
1716 1710 1711 1717 
1847 1705 1704 1777 
1735 1716 1713 1705 
1709 1715 1711 1721 
1704 1718 1702 1707 
1708 1708 1711 1712 
1717 1704 1712 1722 
1726 1710 1710 1724 
1721 1713 1699 1725 
1711 1716 1702 1715 
1705 1715 1705 1703 
1708 1710 1705 1702 
1714 1708 1714 1711 
1705 1708 1708 1814 
1721 1715 1757 1735 
1719 1709 1678 1707 
1708 1709 1710 1707 
1709 1711 1707 1702 
1714 1709 1707 1713 
1721 1709 1714 1727 
1720 1712 1708 1723 
1710 1709 1701 1717 
1706 1716 1705 1713 
1708 1714 1709 1707 
1712 1708 1713 1710 
1715 1705 1707 1700 
1728 1764 1797 1732 
1713 1690 1717 1728 
1697 1718 1691 1713 
1705 1710 1703 1703 
1710 1715 1710 1714 
1713 1713 1711 1718 
1714 1712 1701 1724 
1717 1714 1700 1723 
1713 1716 1701 1715 
1707 1713 1702 1709 
1708 1712 1708 1716 
1714 1713 1709 1722 
1763 1783 1672 1735 
1689 1727 1707 1718 
1713 1703 1710 1712 
1707 1713 1706 1712 
1711 1712 1709 1713 
1716 1711 1714 1719 
1716 1706 1712 1722 
1712 1702 1702 1719 
1709 1711 1701 1718 
1706 1709 1704 1716 
1708 1710 1706 1708 
1713 1709 1707 1720 
1720 1674 1713 1750 
1702 1723 1718 1729 
1707 1708 1693 1710 
1703 1716 1704 1714 
1711 1719 1709 1713 
1709 1713 1714 1716 
1711 1710 1707 1719 
1711 1710 1704 1721 
1712 1713 1706 1719 
1704 1710 1702 1711 
1705 1709 1704 1713 
1714 1711 1709 1722 
1775 1661 1712 1726 
1719 1712 1718 1722 
1701 1704 1700 1721 
1709 1716 1699 1717 
1703 1714 1706 1712 
1728 1727 1714 1712 
1707 1706 1706 1715 
1721 1718 1712 1732 
1695 1697 1678 1711 
1698 1706 1695 1707 
1699 1706 1692 1690 
1715 1720 1720 1715 
1693 1720 1715 1678 
1707 1718 1718 1766 
1691 1692 1677 1705 
1697 1695 1690 1705 
1709 1700 1695 1650 
1717 1707 1713 1707 
1722 1716 1714 1719 
1712 1714 1708 1827 
1691 1706 1708 1710 
1688 1696 1689 1701 
1702 1698 1696 1646 
1729 1718 1712 1718 
1730 1721 1719 1662 
1722 1736 1727 1739 
1686 1684 1693 1719 
1695 1699 1691 1708 
1701 1697 1691 1708 
1718 1707 1712 1711 
1724 1712 1713 1713 
1721 1722 1709 1722 
1711 1721 1702 1728 
1698 1714 1700 1722 
1703 1706 1700 1715 
1715 1704 1709 1709 
1724 1709 1715 1713 
1738 1720 1692 1731 
1702 1717 1751 1713 
1703 1714 1696 1729 
1699 1713 1708 1713 
1724 1709 1663 1720 
1722 1708 1723 1711 
1729 1717 1713 1717 
1692 1704 1739 1709 
1693 1713 1683 1725 
1692 1710 1694 1716 
1717 1715 1711 1723 
1716 1707 1728 1706 
1732 1702 1716 1719 
1707 1734 1712 1718 
1700 1710 1690 1724 
1691 1712 1689 1714 
1702 1684 1695 1713 
1727 1714 1718 1708 
1729 1706 1717 1711 
1723 1783 1706 1716 
1700 1705 1687 1724 
1692 1720 1691 1721 
1693 1681 1702 1725 
1712 1714 1724 1706 
1730 1707 1716 1719 
1715 1791 1718 1700 
1702 1700 1682 1722 
1695 1717 1691 1719 
1712 1692 1696 1731 
1714 1720 1717 1710 
1726 1710 1714 1712 
1717 1706 1711 1692 
1705 1705 1693 1714 
1695 1717 1695 1717 
1689 1717 1695 1722 
1715 1724 1712 1713 
1723 1706 1710 1717 
1786 1707 1716 1718 
1706 1699 1710 1713 
1701 1710 1703 1715 
1656 1714 1696 1715 
1717 1727 1709 1719 
1726 1711 1709 1713 
1802 1705 1712 1714 
1704 1692 1702 1718 
1702 1707 1704 1722 
1677 1715 1698 1723 
1714 1733 1710 1711 
1722 1719 1698 1709 
1761 1713 1708 1699 
1712 1693 1687 1716 
1706 1706 1706 1722 
1696 1710 1700 1735 
1705 1724 1710 1717 
1714 1712 1693 1717 
1719 1712 1704 1741 
1713 1705 1700 1707 
1704 1704 1701 1718 
1694 1704 1704 1698 
1712 1725 1701 1723 
1709 1714 1696 1711 
1724 1719 1703 1764 
1713 1707 1712 1709 
1710 1711 1709 1723 
1703 1708 1711 1696 
1711 1717 1703 1723 
1708 1711 1705 1707 
1724 1716 1696 1737 
1708 1704 1706 1706 
1718 1705 1708 1728 
1702 1710 1714 1744 
1715 1718 1713 1729 
1708 1711 1710 1716 
1718 1721 1704 1703 
1709 1698 1693 1706 
1714 1710 1700 1722 
1702 1706 1707 1726 
1707 1710 1704 1730 
1708 1711 1707 1712 
1722 1716 1699 1713 
1720 1721 1725 1701 
1720 1715 1699 1727 
1700 1710 1716 1719 
1709 1704 1650 1736 
1703 1710 1716 1716 
1718 1716 1709 1710 
1706 1711 1726 1701 
1724 1714 1699 1723 
1704 1708 1710 1720 
1721 1721 1694 1741 
1706 1714 1718 1719 
1718 1714 1701 1711 
1707 1712 1702 1698 
1721 1718 1697 1723 
1698 1709 1717 1708 
1709 1705 1704 1727 
1708 1709 1718 1718 
1726 1720 1705 1716 
1717 1735 1692 1706 
1713 1715 1694 1715 
1706 1713 1713 1717 
1702 1702 1715 1718 
1714 1706 1715 1724 
1722 1716 1702 1726 
1724 1730 1697 1723 
1716 1716 1692 1722 
1700 1717 1715 1706 
1694 1631 1720 1711 
1717 1713 1728 1717 
1721 1710 1704 1733 
1723 1811 1692 1715 
1702 1707 1670 1710 
1686 1701 1695 1696 
1694 1666 1722 1709 
1705 1701 1739 1711 
1720 1706 1716 1728 
1743 1726 1685 1715 
1711 1719 1663 1730 
1682 1711 1689 1694 
1649 1696 1714 1691 
1700 1690 1736 1700 
1731 1708 1728 1728 
1826 1719 1685 1752 
1717 1724 1666 1738 
1692 1716 1679 1701 
1676 1700 1717 1668 
1693 1683 1735 1685 
1723 1693 1734 1715 
