1969 1586 1928 1699 
1820 933 1169 1623 
1559 955 845 1609 
1410 1720 1361 1730 
1536 2541 2262 1850 
1844 2654 2715 1847 
2056 1884 2229 1706 
1957 895 1187 1555 
1625 589 550 1556 
1358 1319 988 1732 
1399 2452 2167 1900 
1739 2961 2998 1888 
2073 2331 2641 1710 
2086 1095 1347 1536 
1743 368 313 1529 
1367 851 561 1692 
1297 2137 1932 1895 
1614 3070 3150 1940 
2018 2784 3046 1775 
2147 1513 1655 1539 
1880 402 258 1460 
1465 457 275 1630 
1275 1642 1569 1890 
1481 2894 3124 1994 
1899 3087 3431 1825 
2131 2031 2106 1547 
1982 698 363 1432 
1594 278 144 1579 
1333 1153 1173 1855 
1423 2509 2972 2001 
1772 3132 3555 1892 
2042 2464 2597 1619 
1999 1154 626 1427 
1704 375 107 1501 
1449 813 793 1787 
1432 2024 2659 2012 
1677 2907 3560 1949 
1926 2705 3101 1670 
1952 1626 1035 1433 
1763 686 83 1464 
1557 701 471 1727 
1514 1609 2276 1977 
1655 2541 3552 1979 
1827 2696 3515 1743 
1862 1966 1495 1484 
1760 1085 72 1435 
1633 816 259 1650 
1613 1359 1857 1931 
1685 2142 3515 2004 
1774 2485 3549 1800 
1771 2112 1977 1526 
1707 1438 67 1433 
1660 1080 149 1604 
1690 1314 1447 1879 
1743 1855 3352 1991 
1770 2202 3544 1841 
1709 2074 2425 1589 
1635 1653 275 1453 
1643 1363 103 1563 
1733 1424 1064 1822 
1817 1729 3029 1981 
1797 1939 3542 1881 
1682 1916 2838 1629 
1572 1708 635 1463 
1583 1569 77 1545 
1742 1603 731 1773 
1870 1733 2677 1961 
1852 1784 3540 1887 
1688 1728 3201 1674 
1535 1646 1031 1493 
1549 1701 69 1527 
1720 1760 458 1728 
1901 1824 2265 1920 
1900 1758 3535 1912 
1707 1582 3469 1709 
1517 1532 1452 1513 
1507 1746 61 1511 
1691 1852 260 1690 
1904 1946 1853 1894 
1942 1773 3473 1910 
1755 1548 3526 1746 
1510 1423 1870 1554 
1446 1617 60 1515 
1645 1865 140 1645 
1901 2034 1451 1855 
1977 1879 3241 1908 
1794 1571 3537 1786 
1523 1358 2275 1587 
1450 1486 329 1517 
1603 1814 102 1617 
1883 2067 1072 1827 
1961 1965 2894 1903 
1842 1625 3519 1788 
1547 1347 2634 1619 
1506 1427 697 1532 
1550 1745 85 1626 
1854 2055 736 1788 
1960 2017 2498 1888 
1887 1706 3499 1818 
1574 1374 2920 1653 
1478 1381 1105 1545 
1508 1667 61 1591 
1820 2016 472 1763 
1977 2047 2086 1877 
1918 1769 3411 1840 
1622 1432 3139 1674 
1457 1368 1499 1551 
1470 1612 59 1601 
1766 1953 283 1744 
2003 2051 1684 1859 
1953 1819 3167 1820 
1680 1493 3255 1698 
1423 1362 1876 1577 
1451 1571 323 1638 
1716 1901 172 1719 
1982 2047 1312 1842 
1974 1855 2833 1774 
1727 1546 3284 1712 
1459 1385 2213 1587 
1420 1535 666 1688 
1664 1847 119 1698 
1946 2016 984 1825 
2000 1908 2514 1796 
1770 1603 3224 1733 
1492 1416 2481 1603 
1424 1519 1007 1590 
1636 1802 172 1692 
1905 1988 747 1831 
2004 1923 2159 1851 
1804 1648 3090 1759 
1530 1456 2682 1616 
1423 1501 1366 1579 
1593 1751 329 1672 
1866 1943 579 1810 
1989 1920 1835 1855 
1846 1693 2901 1760 
1577 1504 2812 1637 
1434 1516 1744 1582 
1566 1702 537 1649 
1825 1900 498 1793 
1986 1905 1484 1852 
1868 1731 2678 1798 
1625 1548 2857 1647 
1441 1517 1975 1580 
1542 1681 783 1623 
1782 1861 490 1772 
1963 1894 1276 1851 
1884 1749 2420 1800 
1661 1583 2833 1662 
1475 1555 2176 1596 
1523 1662 1052 1626 
1746 1825 540 1753 
1923 1845 1083 1842 
1900 1762 2157 1811 
1696 1610 2750 1684 
1512 1642 2343 1598 
1512 1657 1314 1609 
1706 1797 650 1731 
1889 1787 935 1827 
1913 1770 1903 1821 
1727 1639 2621 1716 
1528 1674 2459 1608 
1513 1651 1560 1595 
1681 1771 803 1711 
1877 1804 851 1810 
1906 1770 1668 1835 
1750 1661 2456 1735 
1554 1628 2521 1634 
1526 1660 1780 1593 
1668 1757 984 1691 
1843 1800 829 1793 
1890 1763 1457 1826 
1760 1681 2269 1749 
1611 1642 2522 1651 
1525 1662 1983 1614 
1655 1732 1176 1677 
1797 1772 842 1768 
1898 1763 1286 1804 
1771 1696 2070 1764 
1699 1673 2480 1681 
1521 1675 2129 1639 
1647 1721 1374 1655 
1780 1735 908 1739 
1904 1734 1173 1798 
1774 1701 1888 1784 
1636 1691 2401 1702 
1517 1694 2226 1636 
1637 1723 1569 1656 
1825 1712 1006 1715 
1905 1709 1089 1783 
1796 1692 1696 1773 
1601 1722 2292 1731 
1508 1738 2292 1684 
1617 1741 1748 1665 
1811 1704 1140 1696 
1912 1668 1036 1735 
1804 1662 1529 1757 
1622 1717 2155 1701 
1510 1768 2329 1680 
1603 1775 1912 1695 
1796 1706 1291 1682 
1931 1653 1039 1744 
1839 1635 1386 1734 
1636 1700 1998 1791 
1485 1763 2297 1686 
1570 1791 2021 1695 
1775 1727 1444 1678 
1934 1652 1098 1728 
1859 1611 1281 1725 
1658 1672 1834 1734 
1495 1762 2237 1708 
1551 1817 2117 1710 
1753 1756 1600 1703 
1924 1648 1160 1707 
1880 1591 1218 1709 
1699 1654 1691 1731 
1510 1751 2152 1731 
1541 1832 2174 1731 
1719 1782 1743 1705 
1913 1667 1230 1702 
1901 1597 1192 1700 
1716 1633 1565 1719 
1512 1735 2121 1723 
1509 1813 2171 1733 
1679 1796 1862 1708 
1893 1706 1383 1695 
1908 1604 1193 1682 
1757 1622 1455 1724 
1540 1711 1933 1741 
1507 1812 2167 1757 
1647 1802 1965 1717 
1875 1726 1513 1701 
1921 1632 1237 1679 
1787 1623 1375 1707 
1566 1717 1801 1738 
1493 1781 2112 1753 
1618 1800 2027 1730 
1843 1737 1630 1691 
1927 1640 1288 1669 
1821 1624 1328 1692 
1604 1776 1688 1733 
1487 1755 2038 1755 
1590 1793 2064 1736 
1793 1665 1732 1696 
1925 1663 1370 1675 
1840 1633 1313 1684 
1638 1783 1591 1713 
1491 1738 1947 1755 
1562 1778 2064 1747 
1766 1707 1820 1722 
1907 1674 1462 1674 
1856 1643 1310 1677 
1671 1716 1511 1694 
1513 1740 1858 1755 
1542 1774 2053 1757 
1705 1747 1897 1733 
1889 1681 1551 1680 
1870 1648 1341 1673 
1703 1679 1448 1723 
1545 1743 1788 1767 
1540 1773 2026 1764 
1701 1747 1948 1728 
1858 1678 1638 1679 
1881 1651 1383 1668 
1738 1672 1411 1707 
1579 1745 1705 1758 
1547 1781 1975 1780 
1674 1756 1984 1741 
1838 1693 1718 1688 
1877 1653 1441 1664 
1766 1672 1397 1699 
1604 1726 1628 1750 
1555 1771 1920 1782 
1653 1760 1990 1753 
1799 1701 1782 1695 
1858 1653 1495 1669 
1773 1660 1399 1686 
1632 1710 1577 1737 
1570 1766 1856 1767 
1642 1775 1977 1754 
1778 1731 1829 1713 
1843 1672 1549 1688 
1781 1649 1409 1682 
1658 1682 1543 1718 
1592 1744 1815 1739 
1648 1780 1966 1743 
1762 1762 1853 1735 
1824 1709 1584 1717 
1774 1655 1420 1703 
1670 1651 1522 1697 
1610 1702 1790 1698 
1652 1766 1961 1711 
1752 1788 1867 1747 
1810 1745 1607 1770 
1771 1669 1425 1751 
1673 1624 1502 1692 
1619 1651 1768 1645 
1665 1729 1963 1658 
1755 1797 1894 1736 
1807 1799 1624 1823 
1765 1728 1416 1819 
1676 1642 1470 1716 
1620 1610 1745 1598 
1659 1669 1974 1580 
1749 1768 1933 1697 
1801 1824 1656 1843 
1766 1788 1405 1888 
1678 1683 1425 1773 
1621 1604 1707 1588 
1652 1611 1977 1511 
1742 1709 1989 1624 
1804 1816 1717 1833 
1775 1838 1417 1952 
1689 1759 1376 1856 
1625 1627 1638 1621 
1642 1575 1957 1459 
1728 1639 2033 1542 
1796 1771 1795 1783 
1783 1854 1459 1977 
1704 1814 1341 1934 
1632 1687 1552 1691 
1640 1580 1898 1466 
1713 1581 2056 1463 
1781 1697 1882 1701 
1783 1825 1540 1960 
1719 1860 1340 1991 
1648 1765 1470 1777 
1644 1632 1807 1508 
1701 1565 2038 1432 
1759 1624 1951 1615 
1771 1760 1634 1897 
1725 1858 1380 2009 
1668 1833 1413 1856 
1653 1709 1693 1583 
1688 1592 1968 1441 
1733 1578 1988 1550 
1746 1672 1741 1806 
1723 1798 1460 1979 
1691 1852 1399 1914 
1680 1794 1598 1677 
1699 1662 1873 1488 
1724 1575 1985 1507 
1723 1598 1840 1709 
1715 1713 1574 1911 
1703 1831 1433 1935 
1706 1850 1523 1770 
1711 1751 1764 1567 
1713 1615 1932 1510 
1703 1561 1895 1627 
1695 1629 1690 1819 
1705 1767 1495 1915 
1724 1861 1486 1843 
1737 1831 1653 1672 
1719 1699 1854 1546 
1686 1575 1915 1576 
1674 1566 1793 1723 
1695 1683 1595 1867 
1738 1822 1492 1882 
1760 1868 1570 1764 
1730 1776 1760 1614 
1676 1621 1897 1555 
1654 1544 1862 1636 
1685 1605 1694 1789 
1746 1758 1536 1878 
1776 1868 1516 1802 
1762 1854 1658 1704 
1681 1700 1836 1570 
1642 1571 1888 1619 
1653 1548 1778 1692 
1739 1682 1592 1845 
1786 1827 1507 1845 
1776 1876 1587 1778 
1690 1767 1766 1615 
1635 1621 1886 1548 
1636 1528 1829 1615 
1718 1618 1657 1786 
1780 1759 1520 1890 
1782 1869 1531 1831 
1709 1818 1694 1677 
1641 1682 1850 1554 
1628 1557 1897 1566 
1700 1589 1724 1713 
1773 1702 1554 1866 
1783 1824 1467 1871 
1720 1830 1634 1736 
1644 1731 1806 1580 
1632 1628 1971 1541 
1693 1594 1772 1661 
1765 1663 1598 1829 
1789 1768 1443 1894 
1735 1817 1595 1791 
1654 1752 1761 1617 
1613 1657 1928 1522 
1686 1603 1806 1620 
1752 1645 1648 1785 
1783 1733 1530 1885 
1739 1791 1570 1823 
1666 1769 1721 1665 
1644 1699 1855 1555 
1688 1647 1839 1599 
1758 1661 1700 1748 
1778 1715 1558 1866 
1731 1764 1549 1846 
1668 1762 1684 1711 
1645 1716 1832 1579 
1684 1668 1850 1584 
1749 1668 1735 1708 
1778 1696 1582 1853 
1739 1757 1561 1848 
1678 1748 1642 1753 
1643 1721 1809 1605 
1685 1680 1847 1585 
1738 1672 1764 1669 
1801 1702 1607 1828 
1751 1745 1560 1854 
1687 1746 1625 1776 
1644 1714 1774 1620 
1665 1677 1832 1579 
1732 1680 1782 1642 
1762 1700 1634 1779 
1763 1740 1560 1852 
1695 1739 1604 1798 
1712 1715 1739 1671 
1650 1686 1831 1587 
1722 1685 1798 1627 
1744 1700 1665 1740 
1771 1734 1568 1831 
1703 1734 1584 1807 
1748 1723 1713 1705 
1640 1681 1812 1602 
1711 1689 1810 1615 
1730 1697 1690 1727 
1780 1728 1584 1813 
1715 1723 1570 1817 
1688 1721 1689 1716 
1644 1695 1789 1629 
1694 1697 1826 1611 
1762 1705 1727 1694 
1765 1709 1604 1783 
1734 1716 1567 1818 
1673 1714 1654 1795 
1651 1706 1778 1657 
1691 1703 1828 1622 
1745 1706 1750 1647 
1780 1717 1631 1768 
1742 1708 1577 1806 
1685 1704 1633 1846 
1646 1699 1764 1678 
1680 1710 1822 1633 
1737 1721 1777 1638 
1782 1734 1657 1737 
1737 1702 1576 1789 
1704 1710 1616 1798 
1643 1688 1723 1710 
1678 1721 1819 1659 
1710 1717 1792 1640 
1771 1743 1702 1715 
1748 1710 1599 1777 
1710 1698 1609 1783 
1662 1684 1700 1725 
1682 1711 1793 1673 
1705 1722 1802 1645 
1755 1728 1685 1701 
1749 1721 1622 1752 
1717 1699 1602 1782 
1668 1685 1717 1738 
1671 1694 1760 1684 
1704 1718 1792 1657 
1750 1730 1709 1694 
1747 1728 1647 1730 
1730 1709 1601 1780 
1678 1689 1660 1754 
1676 1701 1746 1712 
1690 1712 1788 1659 
1749 1741 1715 1688 
1749 1736 1667 1719 
1726 1721 1614 1765 
1665 1684 1648 1746 
1666 1682 1714 1717 
1686 1698 1771 1673 
1734 1723 1753 1678 
1744 1735 1681 1707 
1736 1724 1628 1755 
1701 1708 1647 1761 
1677 1686 1706 1735 
1684 1699 1767 1680 
1717 1683 1749 1679 
1742 1733 1706 1695 
1735 1725 1643 1742 
1706 1772 1644 1753 
1676 1689 1689 1738 
1685 1694 1748 1694 
1715 1711 1755 1674 
1741 1723 1705 1694 
1739 1732 1655 1723 
1712 1731 1647 1747 
1688 1698 1684 1756 
1687 1705 1751 1707 
1709 1684 1738 1689 
1735 1721 1722 1678 
1745 1721 1661 1718 
1734 1717 1648 1738 
1685 1704 1674 1745 
1682 1703 1728 1710 
1711 1706 1749 1687 
1725 1706 1718 1676 
1745 1719 1673 1713 
1735 1715 1654 1748 
1690 1711 1676 1752 
1682 1715 1728 1728 
1624 1701 1736 1692 
1737 1723 1730 1684 
1734 1707 1681 1702 
1816 1715 1661 1733 
1685 1695 1655 1736 
1681 1699 1701 1725 
1652 1704 1734 1699 
1724 1714 1738 1684 
1737 1715 1694 1690 
1747 1710 1656 1724 
1690 1690 1638 1735 
1681 1706 1697 1726 
1695 1704 1725 1687 
1717 1710 1744 1684 
1737 1711 1704 1687 
1728 1705 1674 1768 
1699 1701 1652 1730 
1684 1710 1689 1728 
1692 1713 1717 1679 
1713 1703 1719 1697 
1724 1707 1711 1685 
1729 1715 1670 1721 
1708 1715 1678 1735 
1702 1723 1689 1753 
1683 1720 1724 1720 
1715 1715 1725 1695 
1721 1701 1706 1684 
1709 1707 1686 1682 
1713 1713 1678 1735 
1699 1725 1693 1749 
1698 1722 1715 1731 
1708 1719 1729 1705 
1718 1707 1711 1691 
1721 1705 1686 1702 
1716 1710 1677 1730 
1704 1720 1692 1741 
1696 1718 1706 1730 
1701 1711 1719 1703 
1715 1702 1710 1688 
1719 1698 1693 1614 
1720 1694 1698 1726 
1709 1722 1692 1737 
1700 1719 1707 1739 
1700 1719 1710 1710 
1712 1706 1715 1691 
1718 1700 1700 1691 
1715 1704 1688 1707 
1712 1711 1683 1734 
1706 1717 1700 1732 
1705 1715 1713 1716 
1711 1705 1710 1696 
1718 1695 1701 1694 
1731 1684 1653 1714 
1713 1719 1691 1741 
1706 1715 1696 1734 
1702 1717 1714 1724 
1708 1710 1712 1693 
1710 1699 1704 1692 
1714 1700 1689 1707 
1710 1710 1685 1726 
1705 1714 1690 1734 
1704 1718 1703 1725 
1707 1707 1710 1704 
1712 1704 1706 1697 
1637 1700 1691 1729 
1723 1721 1702 1731 
1715 1708 1702 1731 
1705 1724 1702 1725 
1709 1710 1718 1706 
1711 1700 1712 1696 
1707 1695 1700 1696 
1708 1704 1689 1718 
1705 1716 1690 1728 
1703 1718 1699 1725 
1704 1708 1707 1710 
1706 1702 1712 1698 
1710 1698 1700 1632 
1721 1683 1592 1720 
1695 1720 1698 1724 
1712 1709 1707 1731 
1705 1720 1707 1713 
1708 1699 1712 1698 
1708 1701 1705 1701 
1704 1704 1693 1711 
1702 1712 1689 1721 
1705 1717 1695 1726 
1705 1718 1704 1718 
1708 1712 1711 1705 
1707 1699 1704 1701 
1722 1669 1687 1720 
1719 1724 1700 1715 
1704 1725 1687 1734 
1713 1715 1706 1717 
1707 1709 1709 1708 
1706 1705 1707 1700 
1709 1701 1695 1707 
1710 1709 1691 1718 
1709 1715 1696 1724 
1707 1713 1701 1719 
1707 1711 1710 1715 
1707 1704 1710 1704 
1666 1604 1705 1728 
1719 1724 1704 1726 
1714 1722 1688 1775 
1696 1700 1708 1710 
1707 1707 1702 1707 
1708 1708 1710 1697 
1712 1710 1706 1714 
1697 1703 1696 1707 
1713 1717 1689 1723 
1704 1710 1695 1716 
1717 1716 1706 1719 
1699 1697 1706 1707 
1712 1709 1705 1677 
1720 1727 1687 1722 
1714 1713 1705 1722 
1701 1715 1725 1714 
1709 1702 1687 1711 
1702 1702 1704 1705 
1710 1697 1654 1718 
1707 1709 1714 1711 
1716 1712 1698 1716 
1697 1706 1749 1701 
1708 1705 1688 1714 
1706 1705 1705 1717 
1720 1709 1666 1723 
1725 1678 1649 1726 
1720 1715 1714 1701 
1682 1698 1738 1705 
1703 1698 1673 1708 
1696 1700 1702 1713 
1716 1717 1709 1720 
1715 1713 1711 1717 
1711 1709 1695 1713 
1699 1723 1694 1703 
1705 1704 1674 1709 
1699 1701 1689 1716 
1710 1673 1709 1717 
1726 1656 1718 1734 
1722 1719 1713 1719 
1694 1770 1685 1703 
1700 1697 1688 1705 
1692 1703 1687 1708 
1701 1635 1703 1716 
1712 1711 1715 1721 
1716 1715 1714 1710 
1716 1810 1695 1693 
1693 1691 1676 1701 
1689 1695 1688 1711 
1700 1653 1702 1725 
1612 1712 1715 1673 
1725 1720 1718 1720 
1709 1762 1705 1686 
1699 1701 1663 1700 
1694 1693 1690 1708 
1693 1702 1696 1719 
1709 1707 1708 1724 
1711 1711 1708 1710 
1717 1714 1693 1712 
1708 1718 1698 1705 
1703 1709 1692 1717 
1698 1701 1703 1720 
1709 1705 1707 1716 
1718 1704 1808 1727 
1711 1733 1712 1714 
1715 1715 1704 1716 
1703 1725 1698 1717 
1692 1704 1700 1724 
1713 1713 1713 1724 
1712 1699 1703 1720 
1724 1718 1708 1706 
1716 1716 1695 1712 
1705 1722 1707 1713 
1701 1707 1702 1721 
1710 1709 1713 1721 
1706 1664 1710 1740 
1722 1716 1714 1746 
1702 1714 1690 1705 
1701 1716 1689 1705 
1697 1708 1702 1688 
1705 1707 1705 1730 
1711 1706 1710 1719 
1714 1706 1700 1775 
1702 1706 1698 1697 
1706 1716 1694 1706 
1703 1715 1696 1722 
1700 1705 1705 1718 
1595 1622 1707 1702 
1725 1709 1711 1782 
1702 1682 1680 1692 
1708 1707 1696 1712 
1703 1708 1693 1705 
1716 1721 1720 1729 
1706 1701 1717 1719 
1712 1701 1703 1712 
1708 1696 1698 1700 
1713 1713 1692 1715 
1702 1718 1703 1712 
1708 1708 1684 1728 
1646 1706 1713 1717 
1722 1710 1701 1721 
1707 1699 1782 1700 
1709 1705 1677 1700 
1705 1708 1700 1710 
1715 1716 1673 1726 
1703 1706 1715 1719 
1712 1694 1706 1717 
1709 1704 1714 1702 
1712 1707 1697 1712 
1701 1712 1702 1710 
1715 1722 1672 1733 
1706 1714 1717 1641 
1720 1727 1692 1717 
1699 1685 1716 1700 
1705 1698 1691 1711 
1704 1707 1686 1709 
1713 1720 1697 1727 
1706 1718 1704 1721 
1715 1713 1701 1722 
1707 1705 1703 1711 
1713 1711 1697 1715 
1706 1712 1694 1713 
1706 1713 1693 1722 
1709 1714 1698 1720 
1727 1771 1666 1730 
1712 1770 1713 1709 
1700 1696 1691 1707 
1709 1704 1708 1720 
1710 1714 1704 1714 
1709 1709 1697 1721 
1711 1717 1704 1717 
1711 1726 1701 1703 
1708 1701 1690 1713 
1705 1713 1709 1706 
1711 1705 1693 1725 
1717 1718 1714 1715 
1740 1671 1598 1728 
1726 1715 1719 1699 
1704 1702 1696 1720 
1704 1706 1699 1706 
1705 1710 1707 1716 
1708 1709 1704 1721 
1716 1719 1707 1715 
1728 1712 1697 1714 
1704 1704 1698 1711 
1707 1717 1705 1709 
1666 1698 1694 1708 
1712 1722 1709 1714 
1763 1706 1701 1725 
1765 1727 1713 1716 
1708 1703 1687 1708 
1711 1712 1710 1718 
1699 1710 1699 1714 
1703 1706 1702 1716 
1706 1706 1706 1714 
1717 1714 1704 1717 
1715 1714 1706 1712 
1710 1711 1700 1714 
1705 1705 1701 1712 
1705 1703 1703 1710 
1640 1701 1703 1751 
1724 1718 1705 1725 
1718 1712 1715 1725 
1717 1715 1699 1709 
1708 1709 1701 1718 
1705 1705 1697 1705 
1710 1703 1706 1707 
1711 1705 1703 1706 
1718 1715 1706 1712 
1716 1715 1703 1716 
1702 1708 1696 1710 
1699 1701 1695 1714 
1706 1699 1708 1635 
1722 1722 1684 1763 
1703 1681 1709 1699 
1706 1702 1695 1720 
1707 1709 1690 1711 
1708 1718 1701 1713 
1713 1709 1703 1714 
1709 1701 1712 1710 
1707 1696 1743 1702 
1699 1699 1692 1705 
1703 1706 1689 1713 
1704 1702 1645 1723 
1707 1713 1708 1730 
1718 1709 1798 1722 
1695 1710 1785 1697 
1709 1693 1698 1712 
1704 1713 1696 1722 
1709 1713 1701 1715 
1706 1706 1698 1714 
1713 1704 1708 1703 
1714 1703 1710 1711 
1712 1708 1711 1715 
1707 1711 1699 1716 
1704 1712 1694 1713 
1707 1713 1701 1715 
1722 1697 1637 1716 
1715 1716 1716 1720 
1709 1713 1709 1715 
1713 1713 1708 1724 
1704 1719 1695 1716 
1708 1712 1696 1715 
1710 1708 1699 1711 
1712 1708 1710 1710 
1709 1705 1706 1715 
1704 1710 1705 1717 
1704 1713 1700 1717 
1705 1711 1697 1711 
1722 1769 1733 1708 
1722 1718 1719 1705 
1709 1718 1710 1721 
1716 1709 1710 1717 
1710 1712 1704 1718 
1707 1711 1699 1715 
1707 1708 1699 1711 
1709 1706 1705 1711 
1710 1707 1708 1713 
1706 1708 1709 1714 
1706 1707 1699 1719 
1706 1709 1696 1713 
1725 1633 1693 1715 
1715 1714 1709 1717 
1715 1710 1716 1714 
1706 1713 1707 1720 
1709 1705 1704 1711 
1709 1712 1700 1718 
1713 1706 1700 1716 
1713 1710 1701 1715 
1708 1706 1702 1718 
1708 1706 1707 1715 
1705 1706 1707 1707 
1706 1706 1702 1708 
1669 1696 1697 1708 
1722 1719 1713 1724 
1718 1708 1697 1714 
1705 1707 1712 1723 
1706 1710 1703 1714 
1709 1709 1704 1714 
1709 1709 1697 1714 
1713 1707 1697 1718 
1711 1709 1699 1718 
1706 1708 1707 1714 
1702 1705 1704 1716 
1708 1706 1704 1711 
1642 1709 1697 1735 
1726 1719 1709 1712 
1728 1710 1698 1720 
1700 1711 1703 1717 
1713 1710 1713 1704 
1702 1704 1702 1704 
1713 1713 1706 1707 
1712 1707 1694 1677 
1724 1724 1700 1725 
1705 1706 1705 1719 
1696 1705 1712 1747 
1681 1672 1688 1689 
1728 1701 1695 1768 
1718 1710 1703 1716 
1729 1722 1705 1724 
1706 1711 1711 1721 
1707 1706 1702 1713 
1692 1687 1725 1697 
1705 1698 1696 1704 
1717 1703 1697 1717 
1726 1705 1674 1731 
1709 1710 1703 1715 
1701 1702 1697 1711 
1691 1701 1791 1691 
1700 1695 1691 1660 
1718 1710 1678 1717 
1716 1727 1635 1733 
1715 1717 1712 1722 
1703 1717 1701 1720 
1678 1683 1746 1689 
1695 1691 1685 1699 
1705 1705 1697 1705 
1724 1728 1698 1728 
1708 1719 1705 1722 
1705 1709 1696 1719 
1685 1702 1699 1696 
1693 1690 1688 1625 
1723 1717 1687 1721 
1699 1703 1705 1722 
1716 1720 1701 1719 
1705 1718 1696 1722 
1705 1772 1697 1695 
1694 1688 1684 1699 
1703 1701 1695 1706 
1707 1653 1699 1721 
1720 1725 1711 1719 
1705 1711 1692 1718 
1693 1791 1698 1693 
1698 1688 1679 1619 
1711 1696 1751 1710 
1722 1666 1708 1730 
1722 1720 1722 1729 
1710 1718 1695 1716 
1695 1721 1699 1691 
1698 1697 1683 1700 
1707 1704 1699 1707 
1708 1707 1703 1716 
1715 1718 1712 1715 
1715 1717 1703 1719 
1760 1705 1699 1697 
1693 1688 1687 1709 
1718 1688 1754 1713 
1653 1713 1708 1715 
1719 1709 1713 1725 
1702 1720 1709 1712 
1783 1704 1704 1703 
1691 1694 1693 1692 
1702 1692 1693 1694 
1634 1699 1699 1706 
1719 1712 1710 1722 
1710 1714 1711 1711 
1797 1706 1700 1705 
1687 1678 1677 1599 
1713 1716 1652 1705 
1661 1710 1706 1722 
1728 1721 1724 1725 
1709 1724 1711 1723 
1721 1704 1695 1718 
1692 1687 1668 1693 
1697 1698 1690 1692 
1707 1702 1693 1670 
1716 1711 1698 1725 
1710 1725 1710 1720 
1700 1714 1698 1711 
1693 1703 1693 1697 
1728 1688 1652 1720 
1708 1710 1713 1716 
1725 1714 1708 1728 
1701 1713 1704 1728 
1716 1720 1702 1720 
1701 1709 1701 1704 
1713 1713 1701 1707 
1718 1704 1702 1714 
1723 1714 1711 1718 
1707 1708 1704 1719 
1704 1715 1702 1712 
1703 1708 1697 1714 
1717 1743 1632 1714 
1724 1712 1711 1703 
1711 1705 1713 1727 
1713 1714 1701 1722 
1700 1713 1701 1716 
1695 1714 1715 1700 
1717 1708 1693 1712 
1706 1702 1705 1698 
1728 1704 1658 1728 
1708 1713 1712 1716 
1705 1714 1701 1713 
1685 1700 1755 1694 
1712 1732 1614 1717 
1718 1711 1709 1704 
1715 1710 1716 1713 
1714 1716 1695 1719 
1703 1715 1710 1714 
1686 1702 1722 1697 
1701 1699 1686 1704 
1713 1708 1703 1713 
1718 1712 1707 1716 
1707 1714 1706 1708 
1707 1714 1694 1724 
1695 1715 1705 1712 
1726 1663 1607 1719 
1702 1713 1710 1701 
1716 1674 1712 1724 
1712 1726 1714 1719 
1706 1715 1698 1720 
1696 1786 1694 1704 
1697 1695 1687 1710 
1702 1703 1702 1704 
1718 1701 1705 1718 
1709 1712 1710 1707 
1713 1715 1696 1724 
1695 1711 1702 1709 
1714 1777 1599 1725 
1703 1712 1715 1695 
1720 1703 1715 1723 
1715 1716 1713 1707 
1710 1707 1697 1722 
1701 1715 1706 1706 
1706 1714 1695 1719 
1701 1705 1710 1706 
1703 1705 1701 1711 
1713 1715 1714 1707 
1710 1702 1699 1718 
1704 1713 1710 1712 
1696 1747 1625 1727 
1713 1716 1718 1708 
1653 1710 1697 1709 
1734 1716 1721 1714 
1712 1706 1697 1718 
1784 1704 1702 1705 
1690 1689 1682 1705 
1702 1702 1699 1701 
1717 1702 1695 1714 
1722 1713 1710 1713 
1719 1709 1698 1717 
1703 1707 1695 1712 
1714 1731 1633 1726 
1703 1716 1710 1726 
1710 1719 1706 1708 
1717 1705 1712 1715 
1708 1712 1698 1718 
1707 1714 1702 1718 
1701 1711 1695 1717 
1701 1711 1702 1711 
1712 1707 1704 1718 
1716 1714 1709 1713 
1713 1714 1703 1716 
1706 1713 1703 1724 
1714 1745 1632 1729 
1713 1722 1708 1707 
1707 1707 1710 1704 
1730 1722 1707 1715 
1707 1703 1708 1708 
1714 1714 1697 1720 
1697 1709 1698 1714 
1702 1709 1697 1703 
1700 1704 1696 1710 
1724 1713 1706 1718 
1710 1699 1697 1708 
1715 1714 1698 1717 
1721 1693 1621 1726 
1721 1721 1710 1714 
1699 1708 1700 1721 
1723 1708 1693 1713 
1709 1703 1706 1706 
1722 1720 1706 1717 
1696 1703 1699 1713 
1706 1715 1698 1716 
1702 1705 1700 1713 
1713 1715 1716 1709 
1710 1698 1699 1712 
1714 1710 1707 1712 
1722 1703 1636 1728 
1714 1717 1713 1709 
1698 1710 1700 1730 
1714 1712 1705 1710 
1717 1712 1707 1713 
1716 1708 1708 1712 
1681 1712 1724 1697 
1697 1695 1681 1708 
1698 1702 1693 1706 
1721 1693 1698 1718 
1718 1708 1707 1716 
1708 1711 1708 1707 
1692 1770 1647 1714 
1706 1704 1700 1700 
1689 1705 1685 1712 
1703 1640 1694 1713 
1717 1713 1708 1722 
1710 1704 1710 1710 
1705 1805 1699 1694 
1694 1690 1679 1704 
1695 1699 1688 1709 
1711 1647 1695 1721 
1717 1714 1710 1724 
1715 1716 1708 1681 
1715 1724 1712 1720 
1715 1707 1706 1711 
1695 1708 1692 1713 
1710 1712 1703 1718 
1708 1709 1704 1712 
1714 1710 1704 1710 
1711 1709 1701 1717 
1707 1711 1706 1715 
1706 1702 1699 1713 
1705 1706 1700 1713 
1710 1712 1701 1720 
1712 1710 1704 1610 
1723 1728 1716 1721 
1702 1711 1711 1721 
1716 1713 1700 1715 
1706 1709 1703 1716 
1710 1713 1700 1713 
1714 1709 1701 1714 
1713 1714 1701 1711 
1711 1714 1700 1713 
1709 1710 1699 1710 
1709 1709 1701 1714 
1706 1712 1700 1714 
1710 1713 1706 1664 
1723 1722 1722 1728 
1700 1726 1709 1715 
1711 1708 1701 1714 
1705 1714 1701 1718 
1706 1705 1702 1713 
1708 1710 1699 1720 
1713 1716 1706 1719 
1710 1712 1705 1715 
1704 1706 1702 1711 
1709 1708 1703 1716 
1713 1711 1708 1715 
1734 1707 1704 1663 
1711 1713 1715 1726 
1716 1706 1700 1721 
1710 1714 1709 1719 
1705 1708 1702 1709 
1705 1707 1701 1713 
1712 1711 1706 1717 
1712 1711 1709 1713 
1708 1708 1700 1712 
1706 1705 1700 1713 
1710 1709 1704 1712 
1707 1705 1701 1708 
1639 1707 1700 1705 
1719 1724 1722 1724 
1718 1702 1700 1716 
1706 1717 1704 1719 
1712 1703 1701 1713 
1706 1705 1702 1707 
1714 1709 1703 1716 
1708 1711 1703 1715 
1717 1708 1673 1729 
1703 1707 1707 1711 
1712 1711 1699 1718 
1690 1701 1740 1697 
1658 1702 1690 1692 
1721 1722 1709 1720 
1729 1723 1686 1734 
1713 1724 1712 1714 
1708 1704 1698 1713 
1690 1695 1700 1702 
1704 1695 1693 1707 
1705 1702 1700 1706 
1711 1700 1702 1718 
1709 1715 1712 1712 
1711 1713 1707 1711 
1698 1767 1694 1696 
1758 1700 1683 1707 
1711 1706 1703 1711 
1710 1658 1704 1726 
1724 1714 1710 1721 
1705 1705 1708 1715 
1703 1759 1706 1700 
1696 1690 1688 1703 
1709 1706 1700 1711 
1715 1665 1703 1726 
1715 1724 1718 1717 
1709 1706 1699 1716 
1685 1735 1699 1684 
1728 1625 1683 1708 
1710 1707 1707 1707 
1714 1701 1698 1720 
1721 1715 1722 1723 
1711 1712 1703 1716 
1723 1708 1705 1703 
1697 1691 1692 1702 
1706 1699 1700 1705 
1677 1711 1706 1712 
1721 1720 1713 1719 
1713 1709 1701 1717 
1804 1701 1696 1716 
1697 1649 1591 1714 
1713 1714 1709 1704 
1648 1712 1708 1723 
1724 1721 1711 1726 
1714 1717 1713 1718 
1748 1713 1705 1699 
1691 1687 1681 1691 
1705 1698 1692 1708 
1703 1709 1708 1721 
1719 1721 1717 1715 
1708 1707 1700 1715 
1704 1709 1694 1722 
1712 1718 1614 1708 
1702 1708 1697 1722 
1710 1705 1697 1686 
1717 1714 1706 1730 
1710 1721 1715 1715 
1706 1714 1701 1744 
1690 1698 1689 1703 
1708 1704 1694 1717 
1706 1710 1703 1655 
1719 1714 1699 1725 
1705 1711 1707 1717 
1706 1714 1705 1692 
1695 1703 1729 1703 
1698 1704 1696 1717 
1712 1707 1696 1678 
1726 1722 1720 1729 
1709 1715 1715 1716 
1710 1714 1706 1722 
1686 1685 1681 1697 
1704 1703 1694 1708 
1704 1699 1697 1714 
1714 1710 1703 1720 
1704 1701 1700 1716 
1661 1710 1705 1635 
1704 1709 1725 1712 
1702 1701 1687 1706 
1704 1697 1704 1716 
1720 1709 1660 1732 
1704 1710 1713 1710 
1703 1707 1699 1710 
1687 1702 1777 1697 
1702 1705 1685 1712 
1700 1702 1692 1708 
1714 1706 1690 1724 
1705 1708 1710 1713 
1653 1715 1706 1749 
1707 1720 1716 1719 
1711 1730 1697 1717 
1708 1708 1703 1710 
1722 1723 1706 1728 
1708 1708 1715 1713 
1710 1709 1707 1717 
1695 1718 1704 1706 
1700 1698 1691 1710 
1700 1699 1696 1709 
1712 1700 1702 1722 
1709 1711 1716 1706 
1655 1633 1701 1734 
1715 1714 1718 1707 
1717 1701 1705 1717 
1704 1713 1707 1717 
1713 1655 1705 1725 
1708 1716 1715 1705 
1713 1710 1697 1719 
1692 1778 1702 1694 
1691 1691 1682 1704 
1697 1696 1692 1702 
1716 1712 1698 1722 
1716 1716 1721 1711 
1720 1665 1730 1714 
1700 1720 1714 1706 
1714 1708 1703 1718 
1707 1715 1710 1711 
1701 1699 1698 1707 
1710 1713 1710 1714 
1717 1711 1701 1717 
1772 1706 1704 1710 
1693 1691 1693 1701 
1702 1702 1695 1706 
1698 1704 1702 1714 
1717 1717 1711 1691 
1710 1709 1688 1720 
1722 1711 1722 1710 
1702 1701 1695 1719 
1712 1710 1710 1707 
1682 1700 1696 1718 
1719 1720 1716 1707 
1712 1709 1697 1707 
1719 1708 1702 1710 
1704 1699 1693 1709 
1714 1713 1704 1713 
1708 1707 1701 1713 
1720 1718 1712 1650 
1724 1724 1731 1721 
1719 1704 1707 1750 
1703 1701 1696 1706 
1707 1703 1693 1709 
1702 1700 1693 1709 
1717 1715 1699 1722 
1708 1708 1709 1715 
1711 1711 1708 1710 
1705 1703 1696 1717 
1713 1712 1704 1717 
1709 1709 1702 1714 
1646 1705 1705 1746 
1717 1717 1714 1723 
1709 1721 1703 1730 
1696 1701 1709 1703 
1711 1715 1700 1718 
1699 1703 1702 1711 
1722 1720 1708 1720 
1705 1704 1705 1704 
1713 1711 1701 1709 
1707 1704 1701 1710 
1713 1715 1706 1712 
1705 1704 1702 1709 
1714 1657 1701 1717 
1711 1715 1714 1722 
1710 1712 1699 1716 
1708 1711 1703 1720 
1707 1712 1698 1712 
1707 1707 1697 1714 
1708 1713 1704 1715 
1702 1707 1701 1714 
1705 1708 1699 1709 
1710 1711 1699 1717 
1709 1715 1704 1716 
1709 1713 1701 1708 
1708 1708 1677 1717 
1716 1712 1711 1714 
1708 1714 1705 1720 
1711 1709 1703 1712 
1708 1708 1698 1713 
1708 1711 1705 1716 
1705 1710 1706 1716 
1703 1701 1701 1712 
1704 1706 1699 1718 
1707 1712 1707 1717 
1705 1710 1705 1706 
1623 1708 1699 1665 
1721 1722 1694 1723 
1714 1708 1709 1722 
1710 1715 1702 1718 
1712 1706 1708 1717 
1712 1710 1701 1716 
1710 1712 1706 1713 
1705 1705 1700 1709 
1705 1703 1698 1713 
1710 1706 1703 1717 
1713 1705 1704 1712 
1706 1705 1700 1711 
1664 1685 1699 1715 
1714 1721 1711 1718 
1713 1714 1698 1717 
1709 1713 1709 1723 
1738 1710 1700 1699 
1702 1700 1691 1711 
1708 1704 1702 1708 
1663 1704 1701 1711 
1718 1713 1706 1719 
1711 1709 1706 1714 
1795 1704 1706 1699 
1690 1686 1688 1691 
1703 1739 1713 1701 
1628 1712 1700 1712 
1720 1723 1715 1723 
1705 1718 1707 1711 
1784 1710 1699 1710 
1693 1691 1680 1703 
1694 1697 1690 1694 
1692 1700 1693 1720 
1715 1719 1715 1722 
1713 1720 1713 1713 
1704 1699 1696 1713 
1703 1705 1696 1618 
1708 1722 1661 1718 
1703 1712 1708 1719 
1715 1715 1706 1720 
1707 1713 1709 1720 
1715 1712 1702 1719 
1708 1711 1701 1711 
1707 1708 1702 1713 
1709 1706 1702 1716 
1714 1711 1706 1718 
1713 1708 1705 1718 
1711 1711 1701 1718 
1633 1708 1697 1703 
1714 1722 1716 1719 
1719 1710 1706 1722 
1712 1716 1706 1721 
1711 1705 1704 1721 
1712 1710 1705 1719 
1708 1711 1700 1716 
1706 1702 1701 1711 
1709 1708 1701 1716 
1714 1710 1709 1717 
1713 1712 1705 1716 
1710 1707 1697 1717 
1743 1648 1702 1729 
1720 1717 1712 1723 
1711 1717 1705 1719 
1715 1706 1711 1720 
1714 1712 1705 1719 
1717 1710 1710 1717 
1709 1705 1706 1708 
1708 1708 1704 1711 
1714 1711 1709 1714 
1718 1709 1700 1718 
1704 1704 1706 1707 
1714 1710 1699 1719 
1719 1667 1639 1711 
1715 1714 1706 1725 
1709 1711 1712 1712 
1727 1723 1703 1728 
1709 1713 1721 1712 
1717 1715 1707 1715 
1698 1712 1702 1701 
1709 1703 1693 1712 
1712 1709 1701 1719 
1708 1683 1708 1720 
1715 1716 1714 1716 
1715 1711 1705 1658 
1721 1794 1739 1710 
1710 1700 1697 1708 
1709 1713 1704 1709 
1708 1641 1704 1721 
1723 1724 1721 1721 
1713 1708 1710 1714 
1698 1755 1706 1698 
1702 1697 1691 1709 
1711 1708 1704 1713 
1721 1689 1709 1722 
1713 1714 1714 1712 
1688 1704 1706 1714 
1717 1731 1701 1687 
1701 1690 1688 1706 
1706 1707 1699 1709 
1708 1707 1701 1721 
1719 1714 1708 1723 
1712 1712 1712 1715 
1757 1715 1706 1713 
1702 1700 1695 1709 
1708 1708 1695 1711 
1660 1710 1699 1714 
1722 1727 1713 1725 
1694 1686 1631 1719 
1806 1712 1705 1718 
1696 1690 1690 1706 
1706 1709 1697 1708 
1676 1707 1696 1722 
1728 1723 1718 1728 
1711 1707 1709 1718 
1746 1711 1706 1694 
1696 1691 1679 1706 
1703 1707 1700 1705 
1707 1707 1697 1719 
1722 1719 1713 1738 
1714 1725 1695 1723 
1707 1715 1716 1743 
1703 1698 1692 1705 
1708 1707 1696 1711 
1711 1709 1697 1685 
1716 1714 1705 1720 
1715 1720 1712 1717 
1716 1714 1707 1782 
1698 1703 1706 1699 
1704 1702 1695 1707 
1715 1704 1699 1676 
1711 1726 1707 1719 
1717 1715 1691 1724 
1703 1703 1713 1787 
1691 1689 1697 1698 
1710 1706 1695 1714 
1709 1708 1698 1722 
1718 1724 1717 1725 
1717 1724 1716 1720 
1710 1712 1707 1709 
1699 1691 1697 1700 
1705 1703 1691 1713 
1712 1707 1702 1716 
1805 1696 1698 1717 
1718 1718 1711 1725 
1716 1713 1707 1713 
1705 1707 1781 1698 
1704 1698 1693 1709 
1708 1706 1704 1712 
1713 1707 1671 1722 
1717 1718 1712 1716 
1709 1708 1705 1714 
1700 1710 1752 1701 
1705 1703 1693 1714 
1715 1713 1711 1723 
1725 1678 1563 1737 
1719 1732 1728 1715 
1713 1716 1703 1725 
1686 1712 1781 1694 
1706 1702 1691 1707 
1704 1701 1695 1711 
1726 1714 1701 1731 
1714 1717 1715 1730 
1708 1716 1713 1711 
1678 1726 1699 1695 
1701 1699 1688 1705 
1705 1702 1693 1713 
1724 1684 1643 1724 
1718 1716 1711 1736 
1711 1715 1718 1716 
1708 1796 1707 1706 
1701 1701 1695 1703 
1701 1702 1698 1711 
1709 1712 1706 1713 
1714 1716 1701 1725 
1706 1716 1710 1712 
1716 1722 1703 1719 
1710 1713 1708 1710 
1720 1716 1707 1652 
1716 1711 1762 1724 
1721 1716 1716 1725 
1712 1710 1707 1725 
1719 1713 1714 1719 
1717 1712 1709 1716 
1715 1713 1709 1715 
1715 1709 1709 1725 
1713 1712 1712 1721 
1709 1710 1706 1715 
1710 1716 1704 1712 
1713 1714 1704 1715 
1627 1716 1708 1634 
1717 1711 1703 1721 
1712 1707 1711 1724 
1716 1716 1709 1721 
1712 1717 1709 1712 
1715 1717 1709 1714 
1716 1716 1708 1719 
1713 1717 1708 1721 
1707 1714 1704 1723 
1707 1714 1706 1719 
1710 1712 1701 1714 
1709 1715 1705 1713 
1669 1675 1706 1697 
1720 1720 1721 1726 
1713 1716 1715 1724 
1711 1714 1704 1723 
1709 1715 1707 1719 
1712 1714 1703 1715 
1711 1715 1704 1715 
1715 1715 1707 1722 
1710 1714 1708 1725 
1708 1714 1703 1718 
1710 1711 1701 1714 
1716 1714 1701 1712 
1741 1658 1702 1720 
1714 1717 1711 1718 
1715 1716 1706 1723 
1711 1713 1712 1722 
1707 1716 1704 1713 
1711 1715 1705 1713 
1717 1713 1706 1718 
1719 1717 1711 1719 
1713 1712 1706 1723 
1710 1711 1708 1715 
1711 1708 1705 1716 
1706 1712 1706 1714 
1718 1665 1642 1710 
1720 1714 1709 1721 
1718 1715 1712 1723 
1714 1710 1707 1718 
1709 1708 1704 1717 
1710 1706 1700 1713 
1715 1712 1706 1709 
1720 1712 1708 1718 
1716 1712 1713 1717 
1709 1710 1711 1712 
1712 1707 1703 1716 
1710 1712 1707 1726 
1714 1724 1728 1716 
1717 1719 1713 1716 
1720 1718 1714 1726 
1711 1713 1715 1721 
1706 1709 1708 1716 
1705 1712 1699 1715 
1711 1715 1704 1714 
1718 1717 1708 1716 
1713 1713 1710 1713 
1711 1710 1711 1720 
1713 1709 1711 1718 
1708 1708 1705 1644 
1712 1701 1737 1712 
1721 1714 1710 1718 
1724 1715 1716 1715 
1712 1707 1712 1720 
1706 1708 1707 1719 
1707 1708 1706 1717 
1708 1710 1704 1710 
1718 1712 1706 1714 
1716 1712 1708 1716 
1717 1714 1714 1716 
1710 1707 1710 1719 
1645 1706 1705 1679 
1716 1713 1687 1713 
1717 1714 1707 1713 
1716 1716 1709 1719 
1714 1713 1712 1720 
1710 1709 1710 1718 
1709 1706 1707 1715 
1715 1705 1703 1713 
1717 1711 1704 1716 
1715 1710 1708 1716 
1716 1715 1709 1720 
1706 1714 1711 1720 
1648 1710 1705 1669 
1711 1707 1705 1719 
1717 1716 1704 1719 
1719 1719 1704 1716 
1712 1712 1704 1714 
1710 1712 1707 1724 
1707 1713 1705 1722 
1708 1712 1706 1712 
1713 1710 1697 1709 
1716 1713 1701 1715 
1718 1717 1711 1718 
1710 1709 1711 1715 
1673 1703 1706 1734 
1710 1711 1707 1721 
1714 1714 1707 1714 
1714 1715 1700 1717 
1717 1714 1706 1717 
1714 1712 1709 1720 
1708 1709 1706 1798 
1695 1700 1700 1704 
1702 1703 1689 1711 
1706 1709 1699 1635 
1719 1716 1700 1720 
1716 1720 1711 1724 
1658 1651 1709 1814 
1688 1690 1705 1702 
1698 1699 1694 1704 
1708 1703 1693 1664 
1722 1725 1703 1716 
1718 1718 1716 1720 
1707 1704 1709 1754 
1683 1671 1702 1697 
1697 1695 1689 1702 
1708 1703 1690 1711 
1716 1723 1695 1713 
1718 1722 1711 1720 
1711 1752 1686 1717 
1711 1713 1706 1720 
1708 1704 1696 1715 
1708 1711 1698 1710 
1716 1709 1698 1720 
1720 1721 1711 1720 
1716 1719 1707 1727 
1710 1716 1709 1721 
1711 1707 1704 1717 
1709 1704 1710 1701 
1716 1704 1705 1707 
1716 1711 1712 1716 
1733 1695 1656 1735 
1712 1714 1705 1728 
1708 1714 1701 1718 
1708 1709 1704 1710 
1712 1708 1710 1701 
1717 1710 1707 1714 
1720 1719 1709 1729 
1720 1721 1704 1736 
1709 1711 1698 1721 
1703 1702 1707 1700 
1706 1696 1713 1690 
1715 1701 1717 1703 
1736 1715 1679 1736 
1726 1752 1703 1738 
1709 1712 1691 1740 
1696 1705 1714 1698 
1702 1641 1713 1698 
1717 1702 1741 1697 
1728 1711 1711 1728 
1724 1729 1694 1748 
1713 1732 1683 1748 
1686 1715 1699 1702 
1695 1679 1713 1694 
1712 1696 1740 1654 
1738 1704 1692 1725 
1741 1728 1692 1735 
1705 1727 1669 1749 
1686 1722 1686 1716 
1659 1692 1712 1678 
1707 1683 1729 1684 
1731 1691 1730 1709 
1768 1725 1705 1745 
1713 1729 1667 1756 
1693 1738 1684 1727 
1612 1700 1703 1684 
1701 1695 1737 1652 
1727 1686 1744 1702 
1824 1707 1713 1735 
1724 1720 1664 1752 
1695 1738 1669 1731 
1655 1716 1689 1706 
1694 1702 1738 1674 
1719 1673 1734 1695 
1761 1694 1723 1716 
1731 1707 1665 1747 
1706 1739 1673 1731 
1674 1727 1680 1700 
1684 1702 1724 1629 
1713 1692 1761 1685 
1740 1678 1729 1776 
1738 1709 1697 1742 
1715 1735 1671 1741 
1679 1735 1678 1658 
1682 1714 1703 1695 
1697 1692 1743 1689 
1736 1687 1739 1759 
1730 1687 1704 1732 
1728 1729 1680 1747 
1693 1740 1683 1701 
1688 1733 1704 1648 
1702 1715 1735 1689 
1726 1685 1740 1767 
1729 1668 1704 1726 
1725 1709 1678 1736 
1695 1729 1676 1720 
1689 1744 1705 1703 
1693 1719 1725 1690 
1725 1691 1725 1712 
1728 1674 1724 1722 
1727 1703 1692 1735 
1701 1718 1682 1721 
1692 1728 1682 1660 
1701 1742 1727 1702 
1716 1703 1724 1707 
1732 1694 1803 1719 
1727 1687 1689 1731 
1705 1711 1687 1714 
1696 1725 1643 1719 
1694 1732 1720 1697 
1711 1712 1720 1707 
1708 1687 1778 1704 
1725 1688 1692 1732 
1703 1706 1695 1719 
1704 1735 1690 1661 
1706 1758 1732 1704 
1704 1720 1724 1711 
1706 1699 1715 1716 
1717 1688 1692 1726 
1707 1700 1694 1719 
1699 1712 1696 1712 
1696 1734 1715 1700 
1704 1715 1709 1708 
1731 1747 1715 1725 
1724 1693 1702 1731 
1709 1702 1698 1724 
1689 1698 1700 1654 
1714 1759 1728 1705 
1701 1723 1705 1714 
1723 1728 1715 1717 
1727 1699 1698 1740 
1712 1706 1709 1715 
1709 1662 1694 1726 
1700 1727 1725 1709 
1710 1719 1708 1716 
1714 1751 1711 1690 
1712 1690 1683 1719 
1708 1700 1698 1713 
1700 1675 1693 1657 
1720 1755 1737 1708 
1699 1722 1714 1706 
1735 1722 1708 1691 
1715 1696 1687 1717 
1707 1694 1692 1714 
1662 1700 1698 1719 
1702 1712 1706 1708 
1710 1721 1710 1713 
1802 1717 1709 1716 
1713 1702 1700 1715 
1704 1691 1692 1710 
1630 1700 1697 1634 
1728 1760 1726 1713 
1701 1720 1717 1711 
1773 1714 1702 1702 
1707 1697 1684 1720 
1711 1701 1698 1711 
1707 1704 1697 1710 
1706 1707 1705 1709 
1710 1711 1711 1713 
1720 1719 1709 1718 
1722 1717 1706 1726 
1724 1716 1713 1725 
1712 1711 1710 1597 
1716 1744 1827 1704 
1700 1704 1713 1721 
1718 1720 1707 1717 
1716 1717 1716 1728 
1715 1716 1700 1722 
1710 1709 1705 1716 
1710 1709 1708 1712 
1709 1707 1705 1711 
1714 1712 1707 1720 
1726 1719 1709 1726 
1719 1718 1712 1723 
1709 1715 1708 1762 
1719 1723 1591 1707 
1707 1705 1719 1717 
1718 1715 1702 1716 
1720 1714 1710 1725 
1719 1715 1704 1723 
1711 1712 1706 1715 
1707 1713 1709 1710 
1709 1708 1710 1710 
1716 1712 1708 1715 
1722 1717 1704 1728 
1719 1717 1707 1725 
1712 1712 1704 1699 
1723 1722 1676 1715 
1717 1700 1721 1709 
1708 1713 1708 1721 
1718 1701 1708 1719 
1716 1712 1704 1725 
1716 1717 1708 1720 
1705 1714 1707 1712 
1708 1708 1706 1710 
1715 1711 1709 1716 
1722 1713 1709 1727 
1716 1709 1703 1722 
1712 1710 1702 1717 
1748 1725 1645 1730 
1718 1703 1720 1695 
1702 1712 1708 1721 
1724 1701 1708 1721 
1721 1715 1703 1725 
1711 1711 1704 1717 
1704 1715 1706 1706 
1707 1713 1711 1706 
1713 1712 1715 1714 
1720 1706 1709 1722 
1719 1707 1707 1725 
1712 1714 1707 1722 
1762 1837 1643 1722 
1699 1726 1701 1714 
1706 1714 1697 1707 
1718 1703 1716 1721 
1721 1711 1700 1727 
1716 1714 1706 1724 
1710 1718 1702 1714 
1705 1714 1702 1713 
1710 1714 1711 1718 
1716 1714 1709 1721 
1713 1711 1705 1721 
1716 1714 1702 1721 
1720 1544 1535 1742 
1709 1728 1708 1714 
1696 1722 1687 1704 
1711 1704 1715 1722 
1719 1711 1708 1725 
1710 1711 1706 1720 
1707 1714 1699 1718 
1707 1717 1704 1712 
1708 1719 1713 1709 
1709 1714 1709 1716 
1712 1714 1707 1723 
1716 1713 1707 1722 
1750 1772 1651 1731 
1694 1721 1702 1708 
1715 1703 1714 1706 
1713 1715 1713 1715 
1716 1710 1709 1721 
1716 1711 1706 1724 
1714 1711 1705 1720 
1713 1709 1705 1713 
1711 1710 1714 1714 
1715 1709 1714 1716 
1716 1713 1711 1716 
1718 1714 1703 1719 
1651 1707 1703 1756 
1711 1710 1733 1718 
1708 1716 1687 1698 
1715 1704 1720 1712 
1714 1711 1712 1721 
1709 1710 1705 1721 
1707 1713 1699 1723 
1704 1709 1705 1717 
1710 1709 1707 1710 
1713 1706 1707 1712 
1715 1714 1710 1725 
1712 1715 1709 1726 
1707 1649 1703 1747 
1717 1704 1715 1708 
1705 1699 1719 1717 
1716 1706 1710 1701 
1715 1705 1717 1717 
1717 1714 1709 1727 
1706 1709 1709 1732 
1701 1708 1703 1721 
1704 1704 1712 1713 
1713 1706 1721 1714 
1718 1712 1723 1717 
1716 1711 1709 1729 
1699 1717 1705 1676 
1691 1741 1848 1710 
1704 1671 1697 1706 
1702 1697 1702 1701 
1733 1703 1665 1719 
1726 1719 1718 1728 
1708 1720 1705 1728 
1669 1710 1760 1700 
1683 1699 1679 1700 
1697 1693 1693 1699 
1734 1710 1718 1717 
1732 1714 1713 1730 
1632 1720 1703 1804 
1673 1752 1731 1723 
1687 1698 1670 1697 
1695 1688 1696 1699 
1719 1671 1706 1704 
1735 1713 1717 1728 
1718 1720 1714 1727 
1704 1721 1696 1723 
1696 1715 1690 1716 
1700 1702 1698 1708 
1719 1705 1716 1707 
1724 1703 1709 1718 
1726 1713 1712 1671 
1726 1758 1722 1735 
1672 1726 1699 1725 
1702 1699 1699 1711 
1709 1705 1712 1710 
1726 1705 1717 1716 
1720 1709 1710 1726 
1711 1720 1702 1731 
1699 1724 1699 1722 
1700 1716 1704 1711 
1712 1706 1710 1709 
1726 1709 1720 1717 
1728 1712 1718 1750 
1738 1732 1640 1727 
1694 1704 1708 1733 
1693 1721 1692 1712 
1708 1708 1706 1708 
1720 1706 1711 1711 
1725 1708 1713 1722 
1714 1713 1705 1728 
1703 1718 1699 1729 
1689 1718 1695 1717 
1711 1714 1702 1709 
1712 1698 1698 1710 
1732 1717 1722 1720 
1744 1767 1628 1758 
1719 1720 1722 1709 
1686 1711 1705 1726 
1702 1710 1703 1702 
1703 1701 1700 1699 
1727 1710 1702 1713 
1720 1707 1715 1710 
1718 1715 1707 1737 
1694 1709 1709 1719 
1696 1709 1703 1780 
1696 1706 1706 1694 
1718 1709 1701 1706 
1728 1638 1586 1755 
1741 1726 1733 1711 
1687 1714 1704 1722 
1702 1709 1692 1759 
1692 1695 1693 1697 
1721 1712 1702 1714 
1730 1717 1712 1720 
1726 1723 1720 1740 
1698 1699 1707 1721 
1699 1708 1700 1711 
1692 1690 1689 1692 
1712 1711 1692 1702 
1866 1796 1704 1769 
1733 1717 1725 1750 
1715 1692 1699 1714 
1692 1712 1705 1712 
1696 1703 1748 1687 
1710 1705 1686 1702 
1715 1711 1699 1719 
1719 1708 1653 1736 
1705 1716 1722 1722 
1700 1708 1708 1713 
1687 1703 1796 1686 
1712 1700 1684 1700 
1549 1705 1697 1872 
1721 1735 1720 1748 
1717 1696 1713 1720 
1692 1707 1709 1712 
1681 1685 1752 1686 
1710 1702 1691 1702 
1718 1710 1701 1706 
1720 1713 1707 1728 
1706 1717 1719 1728 
1701 1707 1710 1721 
1696 1725 1695 1705 
1711 1701 1691 1707 
1721 1712 1705 1709 
1739 1733 1664 1731 
1684 1722 1725 1732 
1707 1700 1710 1715 
1707 1802 1705 1707 
1707 1694 1687 1706 
1715 1713 1697 1709 
1720 1685 1702 1727 
1714 1721 1723 1721 
1697 1702 1712 1714 
1696 1745 1704 1702 
1712 1699 1682 1717 
1725 1722 1692 1727 
1779 1689 1590 1753 
1690 1734 1724 1714 
1685 1698 1707 1702 
1704 1703 1729 1709 
1722 1703 1692 1734 
1729 1729 1698 1735 
1706 1721 1683 1732 
1709 1727 1716 1714 
1696 1701 1724 1700 
1713 1692 1724 1699 
1716 1693 1700 1730 
1741 1729 1702 1743 
1717 1703 1682 1774 
1724 1737 1721 1692 
1683 1703 1725 1693 
1754 1691 1732 1678 
1709 1676 1711 1713 
1740 1717 1683 1754 
1699 1737 1682 1757 
1716 1739 1706 1714 
1681 1697 1720 1675 
1715 1680 1736 1665 
1708 1675 1705 1705 
