1969 1513 1892 1691 
1820 917 1146 1618 
1551 981 852 1613 
1399 1759 1393 1733 
1539 2550 2279 1836 
1854 2634 2707 1845 
2054 1847 2186 1697 
1942 867 1137 1544 
1612 609 549 1567 
1376 1365 1027 1742 
1405 2481 2201 1906 
1762 2969 3006 1886 
2033 2283 2587 1699 
2088 1062 1287 1525 
1731 369 295 1534 
1406 895 605 1711 
1292 2174 1979 1899 
1628 3079 3173 1927 
2032 2747 3011 1761 
2147 1456 1587 1531 
1870 383 224 1463 
1456 494 295 1643 
1270 1699 1640 1901 
1503 2938 3172 1990 
1908 3057 3399 1813 
2147 1981 2050 1544 
1969 657 315 1441 
1580 290 151 1589 
1317 1187 1215 1875 
1425 2543 3023 1992 
1779 3121 3555 1867 
2044 2415 2525 1559 
2002 1108 558 1422 
1689 365 112 1514 
1422 843 852 1874 
1425 2061 2722 2001 
1687 2916 3563 1926 
1934 2667 3007 1577 
1955 1587 951 1433 
1748 661 80 1478 
1528 700 522 1835 
1506 1639 2341 1962 
1658 2558 3558 1961 
1838 2689 3488 1739 
1862 1936 1400 1486 
1752 1057 67 1446 
1630 836 295 1672 
1610 1393 1939 1940 
1687 2176 3530 2003 
1781 2487 3550 1788 
1773 2086 1889 1522 
1703 1410 55 1438 
1652 1082 153 1625 
1697 1331 1525 1890 
1752 1868 3402 1995 
1774 2203 3553 1827 
1703 2057 2331 1586 
1637 1637 208 1457 
1645 1360 103 1565 
1737 1439 1142 1826 
1816 1744 3097 1983 
1793 1945 3547 1874 
1683 1906 2745 1614 
1578 1700 557 1462 
1606 1575 80 1553 
1747 1610 802 1797 
1875 1745 2749 1958 
1844 1792 3538 1881 
1681 1726 3110 1658 
1525 1648 947 1493 
1550 1664 58 1536 
1732 1781 517 1751 
1903 1835 2344 1921 
1891 1745 3537 1910 
1701 1594 3439 1704 
1514 1521 1357 1513 
1509 1661 51 1518 
1704 1881 302 1710 
1919 1947 1944 1907 
1931 1784 3494 1909 
1735 1520 3516 1730 
1506 1426 1781 1541 
1468 1598 45 1532 
1659 1890 162 1673 
1912 2038 1535 1876 
1971 1877 3297 1916 
1787 1540 3522 1770 
1525 1354 2191 1578 
1442 1500 265 1512 
1626 1841 107 1646 
1902 2078 1149 1853 
1989 1959 2959 1921 
1817 1601 3519 1788 
1534 1347 2554 1613 
1429 1439 630 1527 
1589 1789 77 1635 
1871 2065 795 1804 
2009 2013 2572 1895 
1867 1680 3501 1813 
1567 1372 2857 1639 
1410 1391 1023 1540 
1542 1708 65 1608 
1841 2035 524 1783 
2010 2048 2162 1888 
1902 1749 3415 1825 
1611 1420 3085 1656 
1413 1371 1428 1554 
1498 1650 66 1607 
1790 1976 319 1760 
2006 2053 1757 1872 
1942 1801 3186 1830 
1657 1476 3214 1689 
1426 1374 1809 1574 
1465 1599 301 1592 
1741 1926 193 1733 
1984 2051 1385 1857 
1964 1847 2888 1839 
1711 1527 3257 1695 
1456 1386 2152 1576 
1452 1559 620 1589 
1691 1862 131 1721 
1955 2024 1051 1840 
1987 1884 2556 1839 
1754 1584 3215 1720 
1487 1414 2429 1593 
1441 1529 951 1586 
1648 1815 174 1700 
1916 1990 793 1824 
1991 1906 2214 1848 
1799 1635 3096 1736 
1530 1448 2641 1605 
1438 1511 1291 1581 
1607 1767 322 1686 
1874 1952 622 1819 
1979 1913 1899 1841 
1838 1687 2921 1745 
1563 1494 2779 1630 
1452 1512 1548 1578 
1578 1726 539 1681 
1833 1910 532 1801 
1947 1891 1645 1851 
1851 1708 2688 1752 
1612 1535 2834 1635 
1475 1539 1891 1583 
1546 1692 769 1665 
1794 1863 498 1775 
1935 1870 1345 1850 
1874 1731 2440 1769 
1649 1575 2826 1654 
1491 1551 2134 1589 
1536 1683 1033 1643 
1756 1831 543 1756 
1912 1906 1114 1834 
1882 1729 2176 1789 
1682 1594 2748 1671 
1506 1514 2303 1584 
1537 1675 1288 1623 
1716 1801 656 1752 
1895 1901 969 1828 
1885 1734 1916 1801 
1712 1628 2633 1689 
1531 1513 2434 1605 
1535 1686 1555 1627 
1692 1779 792 1726 
1862 1910 878 1820 
1875 1731 1670 1788 
1728 1646 2468 1712 
1562 1569 2496 1616 
1533 1674 1773 1629 
1674 1760 970 1700 
1855 1832 837 1793 
1875 1733 1465 1781 
1744 1664 2284 1730 
1553 1633 2509 1636 
1541 1673 1963 1628 
1663 1739 1158 1692 
1904 1768 845 1768 
1873 1732 1303 1796 
1749 1678 2091 1747 
1523 1666 2480 1661 
1545 1697 2117 1625 
1655 1736 1359 1679 
1830 1738 901 1746 
1882 1721 1180 1794 
1776 1703 1905 1762 
1594 1696 2406 1700 
1540 1718 2228 1649 
1645 1728 1544 1670 
1826 1721 1002 1727 
1893 1692 1087 1768 
1784 1696 1727 1766 
1602 1720 2296 1718 
1531 1758 2297 1672 
1623 1742 1718 1677 
1815 1702 1121 1710 
1891 1658 1046 1787 
1799 1663 1546 1739 
1615 1719 2169 1703 
1514 1775 2329 1679 
1611 1770 1881 1703 
1803 1711 1269 1797 
1895 1634 1045 1726 
1825 1636 1404 1723 
1633 1704 2012 1697 
1529 1801 2308 1711 
1587 1792 2016 1701 
1787 1730 1424 1731 
1900 1618 1073 1707 
1853 1613 1297 1722 
1653 1679 1860 1732 
1521 1785 2251 1729 
1552 1809 2107 1708 
1767 1765 1582 1705 
1903 1645 1156 1697 
1885 1607 1231 1719 
1676 1649 1715 1727 
1517 1758 2123 1750 
1534 1828 2169 1730 
1728 1784 1726 1703 
1892 1674 1322 1672 
1893 1590 1178 1695 
1710 1630 1580 1734 
1548 1740 2039 1757 
1515 1813 2187 1739 
1693 1801 1839 1713 
1874 1683 1409 1664 
1901 1603 1175 1685 
1735 1623 1465 1729 
1565 1730 1941 1767 
1496 1807 2176 1742 
1660 1808 1942 1726 
1851 1711 1492 1668 
1921 1629 1214 1673 
1779 1620 1394 1710 
1568 1689 1829 1752 
1502 1798 2132 1759 
1630 1807 2017 1724 
1836 1806 1594 1680 
1912 1632 1267 1668 
1806 1621 1330 1693 
1594 1647 1710 1748 
1500 1781 2067 1763 
1597 1804 2051 1742 
1799 1829 1709 1679 
1910 1638 1323 1664 
1830 1635 1307 1682 
1648 1671 1610 1755 
1514 1780 1991 1774 
1574 1790 2061 1750 
1767 1749 1810 1683 
1900 1655 1422 1661 
1847 1633 1297 1680 
1673 1678 1524 1731 
1520 1755 1889 1772 
1569 1781 2057 1760 
1777 1734 1879 1706 
1882 1667 1523 1663 
1862 1638 1328 1664 
1691 1683 1454 1709 
1551 1755 1809 1758 
1553 1772 2022 1778 
1709 1748 1940 1719 
1860 1676 1613 1676 
1868 1651 1373 1652 
1721 1678 1419 1704 
1583 1757 1729 1755 
1549 1766 1979 1774 
1686 1764 1974 1721 
1832 1679 1694 1678 
1877 1648 1441 1655 
1760 1669 1395 1698 
1605 1744 1652 1747 
1556 1767 1918 1770 
1660 1761 1981 1745 
1794 1700 1754 1683 
1853 1661 1480 1668 
1772 1659 1390 1670 
1649 1719 1590 1744 
1577 1761 1863 1766 
1644 1768 1969 1814 
1771 1718 1813 1693 
1833 1665 1531 1670 
1776 1643 1404 1677 
1662 1692 1557 1718 
1585 1735 1823 1738 
1653 1780 1974 1739 
1762 1749 1837 1730 
1827 1704 1577 1711 
1771 1648 1417 1708 
1664 1658 1535 1696 
1608 1701 1793 1703 
1654 1768 1966 1711 
1749 1779 1859 1739 
1816 1749 1596 1773 
1761 1669 1424 1747 
1676 1636 1503 1702 
1613 1654 1786 1648 
1656 1728 1971 1651 
1746 1792 1902 1727 
1811 1794 1606 1827 
1757 1724 1414 1809 
1682 1641 1473 1723 
1613 1607 1763 1592 
1669 1675 1982 1590 
1745 1759 1932 1698 
1812 1823 1650 1845 
1763 1775 1401 1883 
1683 1686 1439 1770 
1621 1597 1716 1586 
1656 1612 1986 1507 
1744 1709 1978 1627 
1804 1821 1706 1834 
1771 1833 1405 1948 
1684 1747 1384 1844 
1624 1624 1647 1615 
1646 1575 1965 1466 
1733 1641 2025 1546 
1797 1770 1783 1786 
1783 1853 1450 1976 
1699 1813 1344 1925 
1636 1686 1564 1679 
1642 1578 1905 1461 
1716 1589 2053 1471 
1780 1696 1865 1710 
1781 1824 1529 1957 
1717 1853 1340 1990 
1647 1760 1483 1762 
1646 1622 1818 1498 
1704 1561 2037 1431 
1765 1625 1945 1621 
1778 1759 1622 1901 
1728 1853 1378 2009 
1672 1826 1424 1853 
1659 1705 1710 1576 
1694 1590 1973 1437 
1739 1578 1979 1552 
1750 1678 1729 1810 
1725 1803 1454 1981 
1691 1856 1401 1906 
1681 1789 1605 1668 
1696 1657 1882 1482 
1725 1573 1979 1509 
1728 1601 1826 1718 
1715 1719 1567 1912 
1707 1833 1427 1927 
1709 1845 1527 1759 
1717 1746 1773 1560 
1714 1610 1933 1505 
1705 1559 1886 1633 
1697 1632 1674 1822 
1702 1771 1488 1912 
1726 1863 1486 1837 
1735 1828 1660 1663 
1716 1693 1857 1536 
1686 1571 1901 1573 
1678 1572 1780 1730 
1702 1690 1586 1865 
1744 1829 1493 1874 
1758 1869 1572 1777 
1720 1765 1757 1598 
1681 1618 1889 1547 
1655 1544 1851 1600 
1697 1615 1676 1799 
1742 1761 1528 1876 
1771 1871 1512 1862 
1728 1828 1663 1674 
1683 1701 1829 1567 
1635 1565 1885 1529 
1685 1579 1767 1723 
1730 1691 1591 1850 
1781 1832 1504 1907 
1736 1834 1565 1746 
1685 1756 1756 1604 
1637 1615 1877 1544 
1667 1577 1845 1647 
1724 1630 1664 1800 
1778 1773 1527 1882 
1756 1837 1548 1807 
1692 1799 1681 1656 
1639 1673 1845 1549 
1655 1584 1840 1592 
1700 1499 1742 1736 
1782 1715 1564 1868 
1765 1810 1611 1847 
1705 1807 1623 1712 
1642 1718 1802 1569 
1652 1621 1817 1561 
1717 1607 1786 1688 
1764 1670 1603 1834 
1751 1759 1562 1858 
1709 1796 1575 1766 
1646 1749 1756 1607 
1653 1679 1869 1561 
1693 1621 1821 1561 
1767 1662 1702 1800 
1744 1736 1539 1853 
1719 1765 1557 1804 
1652 1760 1715 1649 
1643 1674 1849 1554 
1696 1655 1841 1604 
1755 1655 1688 1756 
1769 1758 1553 1853 
1713 1744 1529 1829 
1658 1752 1676 1698 
1636 1647 1825 1585 
1684 1677 1854 1582 
1682 1669 1720 1683 
1772 1805 1595 1828 
1722 1741 1524 1839 
1664 1738 1645 1724 
1651 1664 1795 1617 
1689 1689 1858 1581 
1739 1669 1748 1679 
1753 1726 1603 1784 
1725 1719 1529 1839 
1672 1734 1624 1754 
1643 1718 1772 1641 
1681 1693 1856 1582 
1742 1682 1779 1655 
1805 1651 1623 1786 
1743 1721 1552 1834 
1679 1730 1613 1783 
1590 1716 1741 1657 
1678 1701 1841 1602 
1720 1684 1804 1631 
1837 1698 1659 1735 
1733 1698 1541 1807 
1689 1721 1576 1791 
1590 1714 1710 1700 
1670 1717 1839 1613 
1711 1690 1811 1625 
1812 1695 1692 1608 
1756 1681 1464 1794 
1697 1719 1569 1795 
1628 1706 1690 1731 
1658 1727 1821 1644 
1699 1705 1843 1615 
1753 1703 1714 1692 
1746 1692 1561 1766 
1709 1705 1553 1792 
1664 1709 1643 1717 
1656 1716 1796 1667 
1692 1717 1836 1627 
1733 1707 1743 1735 
1699 1697 1605 1724 
1728 1706 1576 1795 
1679 1712 1623 1687 
1665 1706 1755 1695 
1686 1728 1833 1640 
1727 1717 1772 1743 
1732 1692 1643 1709 
1726 1694 1557 1771 
1693 1691 1602 1772 
1666 1703 1729 1710 
1673 1714 1813 1650 
1721 1726 1787 1651 
1753 1720 1679 1702 
1758 1633 1534 1772 
1713 1703 1608 1785 
1668 1701 1699 1734 
1679 1707 1801 1670 
1709 1735 1788 1646 
1744 1730 1703 1690 
1744 1720 1607 1754 
1710 1694 1598 1779 
1675 1689 1679 1749 
1671 1698 1771 1689 
1697 1723 1796 1651 
1731 1737 1737 1667 
1742 1728 1631 1699 
1733 1723 1600 1773 
1708 1680 1621 1776 
1672 1706 1759 1707 
1705 1715 1790 1664 
1709 1726 1752 1654 
1745 1729 1641 1720 
1724 1716 1618 1759 
1699 1697 1648 1771 
1672 1685 1738 1720 
1688 1700 1778 1673 
1717 1735 1746 1660 
1739 1724 1665 1696 
1683 1643 1626 1767 
1710 1708 1667 1766 
1679 1692 1731 1728 
1685 1703 1757 1682 
1718 1764 1751 1656 
1734 1720 1672 1692 
1733 1723 1635 1739 
1708 1716 1648 1761 
1684 1691 1704 1744 
1685 1696 1759 1688 
1702 1752 1745 1651 
1730 1710 1685 1681 
1734 1726 1650 1662 
1725 1713 1711 1768 
1676 1710 1705 1750 
1695 1703 1752 1714 
1696 1702 1745 1660 
1722 1694 1689 1675 
1730 1719 1653 1714 
1710 1720 1648 1750 
1691 1723 1696 1749 
1682 1702 1731 1720 
1707 1705 1746 1686 
1718 1701 1707 1682 
1737 1722 1672 1709 
1624 1715 1645 1716 
1717 1744 1711 1762 
1691 1718 1727 1736 
1744 1702 1753 1687 
1710 1690 1704 1676 
1736 1706 1680 1697 
1717 1715 1660 1735 
1714 1728 1687 1746 
1683 1703 1710 1723 
1699 1712 1741 1692 
1711 1691 1715 1679 
1731 1705 1691 1685 
1724 1702 1649 1722 
1714 1704 1616 1757 
1701 1727 1710 1729 
1688 1720 1731 1733 
1707 1693 1719 1676 
1721 1704 1687 1691 
1732 1713 1673 1726 
1706 1715 1671 1745 
1699 1722 1703 1744 
1692 1715 1728 1754 
1694 1699 1726 1680 
1727 1706 1694 1694 
1721 1705 1675 1692 
1768 1729 1674 1737 
1709 1727 1712 1755 
1690 1711 1725 1768 
1694 1701 1709 1681 
1723 1699 1703 1683 
1730 1707 1678 1707 
1714 1714 1678 1732 
1707 1725 1690 1745 
1696 1724 1715 1723 
1698 1708 1725 1691 
1725 1708 1705 1697 
1713 1693 1687 1693 
1724 1707 1664 1738 
1692 1678 1666 1760 
1703 1728 1724 1717 
1695 1718 1781 1700 
1714 1696 1704 1682 
1723 1696 1693 1698 
1718 1708 1686 1718 
1708 1710 1683 1746 
1700 1721 1711 1729 
1702 1712 1717 1711 
1709 1704 1719 1689 
1720 1700 1697 1700 
1714 1706 1689 1717 
1645 1712 1683 1699 
1708 1728 1728 1745 
1707 1714 1714 1729 
1708 1721 1716 1693 
1718 1705 1704 1694 
1713 1709 1684 1712 
1713 1715 1687 1729 
1704 1717 1690 1736 
1707 1718 1713 1715 
1711 1707 1716 1696 
1710 1700 1709 1689 
1712 1631 1689 1707 
1721 1720 1699 1728 
1688 1672 1696 1747 
1709 1814 1721 1712 
1697 1698 1711 1696 
1705 1693 1697 1688 
1710 1620 1694 1708 
1714 1714 1694 1731 
1709 1715 1698 1732 
1705 1787 1701 1696 
1696 1692 1686 1694 
1700 1693 1695 1687 
1709 1705 1693 1716 
1712 1708 1694 1727 
1709 1721 1698 1679 
1737 1736 1741 1705 
1708 1700 1698 1701 
1700 1699 1696 1691 
1712 1700 1699 1700 
1714 1710 1688 1723 
1705 1715 1691 1725 
1712 1722 1696 1732 
1707 1716 1711 1711 
1712 1708 1709 1704 
1708 1698 1703 1704 
1714 1709 1697 1719 
1713 1710 1694 1725 
1672 1650 1696 1746 
1718 1719 1713 1718 
1716 1713 1726 1708 
1706 1706 1706 1704 
1714 1706 1702 1713 
1708 1714 1686 1725 
1715 1719 1698 1721 
1711 1714 1699 1716 
1710 1710 1710 1708 
1712 1707 1709 1707 
1708 1704 1699 1711 
1713 1713 1695 1721 
1713 1718 1698 1645 
1722 1725 1722 1726 
1723 1712 1718 1717 
1710 1708 1715 1715 
1716 1706 1702 1709 
1704 1710 1693 1720 
1710 1718 1690 1720 
1709 1717 1701 1720 
1707 1714 1707 1707 
1710 1706 1709 1706 
1709 1707 1706 1709 
1713 1710 1697 1716 
1708 1712 1687 1722 
1743 1633 1694 1730 
1717 1723 1723 1727 
1703 1709 1703 1707 
1708 1702 1713 1712 
1710 1711 1696 1711 
1714 1709 1696 1717 
1711 1713 1691 1720 
1710 1708 1702 1716 
1711 1705 1712 1712 
1707 1702 1710 1703 
1712 1703 1702 1709 
1713 1709 1694 1714 
1716 1713 1694 1632 
1722 1724 1692 1725 
1698 1717 1714 1716 
1715 1701 1714 1711 
1707 1704 1706 1713 
1715 1707 1696 1711 
1714 1711 1691 1717 
1712 1712 1697 1712 
1704 1708 1704 1714 
1705 1706 1711 1715 
1708 1706 1706 1711 
1710 1707 1697 1711 
1709 1713 1696 1714 
1697 1673 1696 1722 
1707 1722 1714 1727 
1702 1700 1700 1724 
1706 1714 1722 1714 
1720 1709 1693 1722 
1709 1713 1699 1703 
1715 1712 1689 1719 
1700 1710 1708 1713 
1703 1670 1707 1726 
1705 1714 1724 1712 
1714 1710 1705 1710 
1706 1784 1697 1684 
1604 1689 1671 1776 
1704 1701 1688 1721 
1721 1685 1705 1737 
1712 1713 1728 1717 
1720 1714 1697 1714 
1713 1715 1696 1697 
1703 1705 1681 1710 
1701 1711 1700 1716 
1683 1700 1696 1725 
1716 1721 1713 1724 
1716 1714 1702 1716 
1747 1714 1697 1700 
1697 1700 1686 1702 
1711 1749 1731 1714 
1638 1712 1711 1711 
1727 1716 1722 1726 
1712 1714 1707 1716 
1785 1711 1704 1696 
1696 1692 1678 1697 
1698 1704 1698 1707 
1660 1705 1703 1725 
1716 1719 1720 1722 
1720 1704 1705 1719 
1760 1707 1704 1688 
1697 1690 1669 1695 
1593 1708 1689 1688 
1701 1708 1717 1731 
1717 1695 1721 1726 
1712 1708 1715 1723 
1721 1707 1698 1732 
1698 1701 1682 1691 
1694 1703 1688 1701 
1696 1703 1697 1684 
1716 1708 1709 1731 
1708 1698 1711 1720 
1712 1705 1705 1789 
1697 1698 1694 1698 
1701 1713 1693 1701 
1715 1702 1627 1691 
1721 1727 1716 1727 
1712 1704 1722 1731 
1713 1711 1705 1772 
1696 1685 1687 1695 
1705 1711 1681 1705 
1697 1711 1693 1713 
1706 1720 1715 1727 
1704 1713 1717 1718 
1707 1706 1703 1747 
1690 1676 1694 1690 
1699 1705 1679 1703 
1618 1708 1693 1680 
1719 1743 1712 1729 
1715 1702 1718 1730 
1707 1713 1710 1713 
1700 1683 1749 1692 
1695 1700 1680 1693 
1702 1703 1686 1709 
1704 1713 1640 1724 
1711 1715 1713 1723 
1708 1704 1713 1713 
1699 1703 1801 1690 
1698 1694 1681 1691 
1699 1700 1680 1705 
1723 1702 1597 1738 
1727 1723 1726 1725 
1701 1709 1711 1718 
1714 1703 1704 1704 
1707 1708 1699 1705 
1707 1706 1693 1710 
1708 1710 1697 1717 
1710 1711 1703 1726 
1713 1715 1710 1719 
1711 1707 1706 1711 
1709 1704 1701 1704 
1710 1704 1698 1712 
1627 1634 1704 1699 
1724 1719 1710 1723 
1717 1714 1711 1727 
1719 1710 1706 1710 
1709 1707 1704 1705 
1709 1710 1703 1710 
1710 1707 1700 1717 
1712 1715 1704 1718 
1714 1716 1707 1718 
1712 1713 1714 1711 
1711 1709 1707 1707 
1705 1704 1704 1711 
1708 1707 1702 1656 
1725 1730 1668 1729 
1704 1716 1716 1724 
1725 1715 1702 1705 
1702 1702 1699 1718 
1710 1715 1704 1705 
1676 1698 1690 1712 
1715 1719 1710 1720 
1720 1713 1703 1723 
1755 1704 1699 1714 
1705 1699 1691 1712 
1711 1714 1705 1713 
1700 1700 1702 1710 
1715 1770 1647 1717 
1710 1715 1710 1726 
1726 1719 1712 1717 
1705 1710 1698 1721 
1706 1715 1700 1707 
1704 1704 1694 1720 
1713 1720 1713 1710 
1709 1708 1700 1710 
1713 1713 1706 1716 
1710 1711 1693 1711 
1713 1720 1698 1718 
1698 1705 1694 1702 
1627 1712 1699 1776 
1715 1717 1714 1720 
1725 1705 1705 1772 
1703 1717 1708 1709 
1711 1709 1691 1706 
1701 1708 1690 1719 
1704 1711 1706 1712 
1707 1698 1704 1715 
1710 1710 1715 1705 
1715 1712 1704 1720 
1708 1718 1708 1715 
1706 1710 1696 1717 
1699 1703 1696 1711 
1716 1683 1659 1723 
1723 1710 1719 1724 
1696 1704 1702 1711 
1726 1716 1700 1726 
1705 1714 1700 1715 
1712 1713 1698 1721 
1701 1700 1698 1709 
1712 1707 1706 1715 
1714 1713 1714 1715 
1712 1713 1700 1720 
1705 1712 1696 1720 
1706 1713 1693 1717 
1677 1600 1700 1726 
1720 1712 1717 1707 
1714 1714 1702 1720 
1722 1712 1711 1720 
1708 1712 1691 1721 
1703 1711 1695 1714 
1704 1705 1694 1714 
1712 1702 1708 1706 
1714 1704 1710 1711 
1713 1707 1707 1716 
1708 1709 1703 1720 
1701 1714 1693 1718 
1705 1711 1701 1672 
1720 1721 1683 1719 
1707 1716 1711 1705 
1716 1701 1712 1716 
1707 1717 1700 1719 
1707 1713 1695 1718 
1707 1713 1692 1717 
1711 1713 1701 1712 
1713 1710 1705 1712 
1708 1706 1707 1712 
1709 1709 1702 1719 
1706 1713 1698 1718 
1702 1711 1697 1712 
1695 1751 1625 1722 
1719 1717 1715 1714 
1706 1716 1708 1718 
1711 1704 1708 1717 
1707 1711 1700 1718 
1707 1710 1701 1715 
1710 1709 1699 1710 
1709 1706 1700 1712 
1709 1709 1709 1713 
1708 1709 1709 1714 
1703 1704 1701 1709 
1702 1707 1697 1710 
1666 1673 1697 1701 
1716 1724 1721 1719 
1716 1705 1698 1713 
1707 1708 1717 1723 
1709 1709 1700 1714 
1709 1710 1695 1718 
1710 1708 1695 1715 
1735 1709 1696 1718 
1701 1695 1701 1712 
1713 1716 1715 1712 
1636 1697 1701 1712 
1722 1719 1710 1715 
1671 1707 1695 1669 
1802 1725 1733 1718 
1700 1680 1687 1708 
1691 1704 1697 1700 
1680 1698 1702 1715 
1714 1715 1716 1711 
1716 1716 1701 1708 
1709 1708 1690 1729 
1697 1692 1668 1705 
1694 1699 1696 1702 
1698 1700 1695 1668 
1708 1711 1707 1711 
1716 1720 1707 1713 
1730 1694 1654 1801 
1687 1710 1705 1716 
1699 1694 1697 1708 
1703 1702 1703 1717 
1708 1705 1709 1709 
1714 1706 1703 1713 
1718 1714 1698 1716 
1713 1713 1698 1717 
1704 1711 1704 1716 
1701 1705 1706 1713 
1707 1706 1709 1710 
1715 1708 1706 1711 
1690 1635 1697 1732 
1718 1724 1710 1728 
1704 1712 1686 1717 
1709 1708 1709 1716 
1704 1704 1708 1710 
1712 1706 1708 1709 
1715 1707 1700 1714 
1712 1711 1699 1719 
1704 1711 1698 1719 
1697 1703 1701 1711 
1705 1705 1710 1711 
1710 1704 1712 1709 
1657 1709 1704 1696 
1725 1723 1723 1728 
1718 1703 1704 1725 
1704 1716 1701 1723 
1704 1697 1704 1707 
1707 1704 1705 1707 
1714 1708 1708 1712 
1714 1710 1704 1713 
1706 1707 1693 1715 
1706 1708 1695 1716 
1705 1706 1705 1713 
1705 1701 1706 1710 
1710 1701 1706 1612 
1715 1712 1744 1729 
1705 1722 1712 1718 
1709 1708 1704 1723 
1704 1712 1699 1716 
1709 1708 1711 1711 
1709 1705 1706 1708 
1709 1708 1705 1711 
1711 1710 1700 1719 
1707 1712 1696 1711 
1704 1697 1700 1721 
1703 1708 1714 1703 
1710 1696 1695 1718 
1696 1745 1707 1717 
1724 1719 1707 1720 
1700 1720 1703 1716 
1724 1694 1703 1721 
1714 1719 1715 1710 
1716 1706 1707 1713 
1716 1704 1708 1694 
1696 1694 1685 1706 
1704 1706 1696 1716 
1682 1710 1702 1711 
1713 1714 1705 1709 
1713 1705 1706 1716 
1710 1672 1710 1698 
1702 1700 1700 1701 
1701 1705 1696 1713 
1642 1706 1692 1709 
1721 1715 1713 1723 
1713 1708 1712 1705 
1759 1707 1707 1704 
1697 1690 1688 1711 
1704 1709 1700 1710 
1680 1712 1697 1719 
1717 1716 1716 1715 
1718 1707 1709 1714 
1645 1704 1706 1784 
1703 1693 1680 1716 
1704 1715 1694 1713 
1706 1704 1699 1707 
1713 1715 1705 1719 
1715 1711 1715 1708 
1715 1714 1702 1740 
1699 1697 1694 1704 
1704 1709 1691 1713 
1707 1713 1699 1665 
1718 1713 1694 1720 
1715 1706 1705 1713 
1712 1703 1707 1844 
1699 1709 1610 1701 
1704 1699 1704 1720 
1700 1710 1701 1658 
1717 1715 1710 1720 
1708 1708 1710 1710 
1715 1703 1702 1735 
1696 1689 1695 1701 
1704 1704 1697 1711 
1705 1709 1697 1716 
1715 1716 1711 1725 
1709 1706 1716 1709 
1709 1704 1709 1702 
1711 1656 1649 1712 
1702 1711 1696 1714 
1707 1711 1702 1718 
1703 1714 1669 1723 
1706 1716 1713 1710 
1720 1713 1708 1711 
1698 1700 1771 1693 
1704 1702 1689 1710 
1706 1706 1695 1717 
1722 1711 1655 1728 
1709 1705 1712 1705 
1715 1706 1708 1707 
1697 1615 1778 1679 
1714 1706 1691 1719 
1709 1704 1697 1711 
1710 1727 1695 1727 
1713 1714 1710 1715 
1713 1707 1708 1715 
1701 1697 1710 1696 
1707 1698 1688 1707 
1707 1707 1699 1725 
1717 1698 1711 1727 
1712 1713 1713 1714 
1716 1699 1701 1712 
1625 1742 1707 1697 
1711 1701 1713 1710 
1699 1710 1689 1714 
1708 1654 1697 1719 
1706 1716 1704 1720 
1711 1707 1711 1705 
1708 1799 1701 1694 
1701 1689 1686 1697 
1699 1698 1690 1712 
1705 1637 1699 1727 
1709 1714 1713 1722 
1704 1708 1713 1703 
1710 1775 1711 1638 
1714 1711 1682 1708 
1711 1692 1705 1707 
1705 1718 1697 1727 
1716 1713 1707 1723 
1703 1710 1715 1706 
1710 1699 1703 1710 
1713 1701 1711 1710 
1718 1708 1704 1723 
1704 1704 1705 1713 
1705 1711 1699 1721 
1707 1708 1708 1714 
1719 1711 1709 1656 
1735 1691 1659 1718 
1703 1720 1716 1712 
1717 1713 1708 1724 
1702 1717 1703 1719 
1707 1708 1705 1712 
1708 1710 1707 1711 
1716 1712 1706 1712 
1710 1707 1705 1714 
1701 1708 1700 1720 
1699 1711 1702 1722 
1698 1711 1703 1712 
1704 1708 1705 1707 
1717 1775 1686 1720 
1708 1720 1708 1714 
1719 1715 1705 1723 
1701 1715 1701 1716 
1701 1710 1703 1715 
1706 1706 1707 1710 
1714 1708 1708 1711 
1714 1711 1704 1714 
1703 1712 1703 1714 
1702 1713 1699 1719 
1700 1711 1700 1711 
1707 1707 1705 1703 
1727 1631 1702 1718 
1722 1715 1720 1713 
1713 1722 1697 1722 
1708 1708 1707 1714 
1701 1711 1695 1719 
1709 1712 1705 1717 
1713 1710 1709 1709 
1713 1703 1702 1712 
1716 1709 1702 1720 
1710 1714 1702 1721 
1699 1709 1701 1713 
1700 1708 1699 1710 
1669 1706 1704 1689 
1728 1724 1727 1717 
1718 1720 1702 1715 
1713 1706 1707 1718 
1703 1713 1699 1724 
1707 1710 1706 1714 
1707 1711 1709 1709 
1709 1708 1705 1711 
1710 1708 1708 1713 
1708 1707 1700 1719 
1701 1704 1699 1718 
1704 1705 1699 1714 
1604 1705 1703 1630 
1726 1707 1718 1721 
1714 1705 1717 1725 
1717 1708 1698 1713 
1709 1710 1702 1722 
1705 1712 1706 1715 
1707 1709 1703 1710 
1708 1707 1700 1708 
1716 1711 1706 1713 
1709 1711 1705 1714 
1698 1703 1698 1710 
1697 1705 1692 1716 
1703 1712 1701 1669 
1725 1728 1695 1722 
1725 1703 1710 1716 
1707 1712 1702 1721 
1704 1709 1705 1718 
1702 1705 1701 1708 
1703 1703 1697 1709 
1709 1709 1702 1713 
1716 1712 1708 1711 
1714 1705 1700 1711 
1709 1705 1699 1717 
1706 1704 1700 1719 
1704 1704 1702 1610 
1714 1711 1700 1724 
1708 1712 1717 1708 
1708 1700 1712 1720 
1709 1711 1703 1715 
1703 1703 1703 1711 
1705 1707 1701 1714 
1708 1710 1701 1715 
1711 1709 1703 1714 
1712 1708 1704 1713 
1711 1707 1705 1712 
1707 1709 1701 1717 
1704 1709 1702 1712 
1721 1695 1661 1723 
1721 1710 1713 1709 
1712 1710 1704 1723 
1712 1707 1702 1711 
1705 1701 1700 1710 
1706 1705 1696 1715 
1709 1708 1701 1716 
1709 1708 1701 1713 
1710 1705 1698 1710 
1712 1709 1703 1715 
1711 1710 1704 1715 
1700 1703 1702 1707 
1725 1676 1598 1717 
1709 1714 1711 1712 
1718 1714 1714 1718 
1707 1711 1699 1711 
1707 1704 1700 1712 
1711 1705 1705 1713 
1709 1707 1706 1704 
1708 1704 1701 1710 
1708 1705 1700 1717 
1714 1709 1706 1714 
1704 1706 1701 1713 
1702 1700 1700 1754 
1725 1623 1684 1711 
1714 1706 1703 1710 
1714 1705 1713 1711 
1714 1726 1718 1726 
1704 1709 1711 1711 
1711 1711 1701 1714 
1693 1684 1710 1699 
1696 1689 1686 1703 
1707 1700 1694 1705 
1712 1710 1675 1724 
1709 1713 1713 1711 
1703 1706 1699 1701 
1599 1624 1758 1699 
1707 1701 1694 1715 
1713 1704 1700 1706 
1712 1709 1632 1733 
1708 1717 1714 1716 
1709 1716 1703 1714 
1699 1706 1696 1702 
1707 1698 1692 1713 
1710 1706 1705 1715 
1711 1711 1707 1714 
1704 1705 1701 1709 
1705 1708 1699 1713 
1636 1672 1703 1695 
1716 1715 1709 1715 
1708 1708 1710 1721 
1713 1709 1700 1718 
1710 1709 1706 1718 
1706 1707 1701 1715 
1705 1703 1699 1712 
1710 1706 1703 1713 
1710 1706 1710 1714 
1711 1707 1707 1711 
1710 1706 1707 1709 
1708 1710 1704 1710 
1651 1711 1701 1717 
1716 1717 1705 1718 
1710 1701 1716 1716 
1707 1702 1697 1730 
1711 1720 1715 1717 
1703 1708 1690 1720 
1698 1716 1706 1705 
1710 1708 1695 1718 
1709 1711 1708 1708 
1716 1707 1702 1717 
1712 1714 1710 1710 
1718 1716 1702 1716 
1672 1702 1701 1646 
1700 1695 1706 1702 
1699 1699 1705 1708 
1670 1707 1701 1716 
1722 1715 1711 1722 
1703 1705 1701 1713 
1771 1708 1699 1709 
1697 1690 1689 1707 
1703 1704 1698 1703 
1676 1710 1702 1716 
1719 1726 1719 1716 
1710 1711 1702 1710 
1663 1706 1699 1568 
1698 1689 1690 1706 
1706 1701 1706 1711 
1721 1705 1699 1728 
1725 1721 1724 1722 
1710 1708 1708 1713 
1714 1712 1709 1707 
1695 1694 1684 1698 
1707 1700 1695 1704 
1715 1708 1700 1699 
1722 1719 1701 1723 
1713 1711 1707 1717 
1684 1706 1702 1742 
1707 1716 1685 1703 
1712 1699 1694 1713 
1710 1710 1700 1649 
1718 1716 1703 1721 
1711 1717 1709 1714 
1713 1712 1700 1760 
1694 1697 1695 1695 
1701 1698 1687 1705 
1711 1707 1698 1698 
1727 1725 1714 1726 
1706 1710 1711 1707 
1689 1711 1701 1693 
1695 1702 1689 1702 
1712 1708 1697 1711 
1709 1710 1703 1713 
1714 1719 1709 1723 
1714 1716 1716 1715 
1712 1714 1708 1711 
1696 1697 1715 1694 
1706 1701 1690 1708 
1718 1709 1705 1715 
1714 1704 1661 1724 
1709 1714 1717 1713 
1709 1711 1703 1665 
1703 1715 1824 1697 
1713 1703 1691 1716 
1711 1703 1703 1716 
1728 1718 1664 1731 
1719 1720 1720 1715 
1713 1714 1705 1715 
1689 1697 1726 1696 
1708 1704 1691 1709 
1717 1710 1707 1717 
1726 1723 1706 1727 
1712 1719 1716 1711 
1709 1710 1704 1649 
1693 1726 1676 1706 
1715 1709 1697 1718 
1706 1704 1702 1715 
1718 1689 1702 1721 
1723 1726 1716 1723 
1718 1718 1706 1720 
1709 1764 1701 1704 
1709 1698 1687 1713 
1716 1706 1706 1717 
1716 1659 1710 1725 
1713 1714 1716 1711 
1717 1713 1705 1675 
1709 1809 1672 1695 
1707 1688 1687 1713 
1709 1704 1705 1715 
1729 1667 1702 1731 
1728 1722 1718 1721 
1716 1710 1707 1716 
1701 1711 1705 1697 
1701 1704 1688 1709 
1708 1708 1698 1715 
1722 1717 1706 1721 
1712 1708 1703 1718 
1642 1718 1706 1681 
1781 1712 1729 1712 
1707 1700 1703 1712 
1710 1712 1702 1708 
1662 1707 1701 1723 
1722 1713 1711 1723 
1720 1718 1716 1716 
1799 1706 1701 1717 
1696 1698 1695 1704 
1702 1698 1696 1703 
1629 1705 1701 1710 
1721 1721 1709 1724 
1731 1722 1713 1680 
1806 1716 1720 1719 
1695 1687 1685 1706 
1701 1703 1698 1708 
1695 1706 1702 1719 
1719 1721 1725 1718 
1717 1718 1711 1718 
1712 1711 1703 1743 
1701 1698 1683 1700 
1697 1693 1693 1700 
1711 1703 1694 1715 
1719 1713 1703 1728 
1621 1714 1712 1612 
1718 1714 1707 1728 
1709 1706 1718 1719 
1718 1716 1708 1722 
1714 1713 1707 1721 
1722 1717 1710 1723 
1716 1716 1709 1719 
1715 1716 1707 1720 
1710 1713 1705 1716 
1713 1713 1707 1712 
1716 1712 1705 1721 
1720 1712 1706 1722 
1633 1711 1704 1766 
1724 1713 1702 1720 
1717 1710 1709 1716 
1715 1716 1710 1718 
1718 1714 1711 1721 
1716 1711 1709 1715 
1719 1710 1707 1715 
1716 1713 1709 1719 
1713 1717 1705 1712 
1710 1711 1703 1717 
1717 1716 1711 1721 
1716 1714 1710 1719 
1644 1710 1703 1710 
1718 1711 1711 1718 
1720 1720 1712 1719 
1716 1716 1710 1718 
1714 1711 1705 1717 
1714 1709 1707 1716 
1717 1708 1711 1718 
1718 1708 1707 1717 
1714 1709 1706 1718 
1717 1714 1707 1717 
1713 1713 1710 1715 
1710 1711 1706 1717 
1635 1708 1699 1724 
1714 1720 1703 1717 
1716 1718 1705 1716 
1717 1719 1705 1719 
1714 1715 1706 1720 
1708 1709 1705 1713 
1714 1712 1704 1719 
1718 1711 1708 1718 
1716 1713 1707 1714 
1714 1712 1703 1717 
1716 1714 1710 1719 
1710 1708 1706 1715 
1662 1699 1704 1692 
1713 1713 1720 1720 
1719 1714 1710 1721 
1715 1718 1709 1718 
1712 1713 1705 1720 
1710 1713 1706 1719 
1713 1712 1707 1720 
1716 1708 1709 1714 
1711 1711 1706 1714 
1715 1715 1706 1720 
1715 1719 1704 1714 
1707 1715 1697 1711 
1651 1641 1705 1701 
1715 1713 1710 1717 
1713 1711 1708 1716 
1714 1716 1707 1721 
1712 1717 1704 1718 
1709 1715 1702 1715 
1713 1712 1708 1716 
1715 1710 1710 1716 
1720 1708 1711 1715 
1718 1709 1703 1714 
1710 1714 1706 1714 
1710 1711 1704 1718 
1685 1648 1705 1720 
1715 1709 1707 1714 
1718 1714 1713 1719 
1716 1714 1709 1717 
1709 1709 1700 1717 
1714 1710 1701 1717 
1711 1714 1708 1716 
1710 1709 1708 1711 
1715 1708 1706 1713 
1716 1714 1707 1718 
1711 1712 1708 1715 
1711 1709 1703 1717 
1695 1669 1674 1724 
1717 1715 1710 1717 
1715 1711 1709 1717 
1713 1712 1707 1716 
1712 1712 1703 1717 
1707 1716 1702 1714 
1709 1711 1702 1719 
1712 1708 1704 1715 
1715 1710 1705 1717 
1712 1709 1709 1712 
1714 1708 1702 1715 
1713 1712 1706 1717 
1718 1661 1643 1709 
1714 1709 1708 1717 
1711 1709 1712 1714 
1715 1709 1711 1714 
1712 1707 1708 1716 
1712 1713 1706 1717 
1705 1711 1707 1714 
1704 1707 1704 1712 
1715 1710 1706 1715 
1717 1709 1708 1716 
1717 1707 1704 1715 
1710 1707 1702 1666 
1711 1738 1669 1720 
1711 1712 1711 1718 
1716 1711 1712 1713 
1715 1708 1700 1716 
1715 1709 1706 1723 
1715 1713 1708 1717 
1724 1722 1712 1724 
1711 1720 1713 1715 
1719 1715 1705 1720 
1685 1715 1709 1693 
1704 1697 1698 1704 
1708 1706 1701 1629 
1722 1677 1735 1718 
1711 1715 1708 1723 
1710 1712 1715 1710 
1702 1774 1704 1706 
1702 1697 1693 1702 
1703 1698 1690 1712 
1698 1629 1699 1719 
1714 1718 1709 1724 
1704 1707 1709 1712 
1714 1802 1706 1702 
1701 1690 1688 1703 
1702 1697 1696 1650 
1711 1703 1720 1720 
1717 1714 1710 1727 
1707 1712 1713 1712 
1721 1714 1704 1720 
1714 1711 1708 1711 
1718 1716 1704 1717 
1710 1708 1702 1715 
1715 1719 1703 1721 
1707 1714 1702 1722 
1711 1721 1705 1713 
1712 1713 1704 1717 
1702 1717 1710 1752 
1712 1716 1697 1721 
1707 1714 1705 1721 
1708 1711 1706 1719 
1709 1715 1711 1715 
1710 1715 1706 1715 
1713 1713 1704 1716 
1717 1717 1705 1723 
1714 1717 1705 1719 
1707 1714 1700 1721 
1706 1715 1704 1718 
1716 1717 1704 1720 
1665 1715 1706 1691 
1703 1715 1709 1722 
1714 1711 1704 1720 
1714 1713 1706 1715 
1711 1710 1704 1721 
1707 1706 1705 1711 
1722 1721 1710 1718 
1707 1704 1703 1685 
1719 1720 1705 1727 
1708 1711 1705 1722 
1708 1716 1706 1757 
1695 1700 1703 1710 
1723 1647 1703 1719 
1716 1718 1713 1660 
1723 1716 1700 1729 
1711 1707 1709 1719 
1707 1708 1708 1782 
1687 1684 1697 1694 
1711 1705 1691 1714 
1717 1707 1701 1724 
1723 1723 1720 1724 
1709 1710 1711 1715 
1710 1714 1705 1712 
1700 1693 1700 1707 
1719 1653 1656 1707 
1712 1705 1699 1719 
1724 1716 1698 1730 
1710 1715 1710 1719 
1707 1716 1703 1711 
1705 1709 1759 1703 
1711 1705 1697 1714 
1711 1703 1706 1718 
1721 1705 1674 1727 
1711 1711 1714 1718 
1704 1709 1711 1711 
1698 1707 1790 1649 
1705 1685 1762 1708 
1715 1709 1707 1716 
1727 1719 1671 1737 
1710 1717 1722 1718 
1710 1713 1708 1714 
1691 1704 1721 1695 
1718 1711 1694 1718 
1719 1716 1711 1718 
1726 1714 1705 1729 
1712 1713 1714 1717 
1714 1711 1704 1713 
1703 1724 1703 1651 
1711 1710 1688 1709 
1717 1711 1710 1720 
1706 1672 1714 1721 
1714 1723 1720 1717 
1708 1711 1700 1713 
1708 1799 1703 1699 
1704 1696 1687 1709 
1706 1707 1698 1711 
1715 1686 1702 1732 
1715 1725 1718 1719 
1704 1710 1703 1711 
1642 1758 1701 1701 
1707 1700 1691 1710 
1717 1708 1705 1714 
1734 1698 1708 1734 
1716 1719 1725 1714 
1712 1708 1708 1718 
1711 1705 1707 1693 
1702 1697 1687 1708 
1710 1704 1702 1712 
1706 1715 1704 1721 
1718 1719 1715 1715 
1709 1706 1705 1719 
1717 1680 1705 1709 
1697 1694 1691 1711 
1720 1712 1700 1718 
1683 1718 1709 1716 
1725 1723 1714 1724 
1707 1708 1705 1713 
1770 1708 1706 1708 
1694 1691 1694 1701 
1708 1706 1701 1708 
1693 1714 1701 1730 
1726 1729 1726 1724 
1714 1709 1709 1718 
1718 1663 1703 1710 
1696 1695 1686 1707 
1708 1706 1698 1711 
1709 1703 1701 1717 
1723 1714 1712 1731 
1711 1710 1714 1721 
1707 1708 1708 1750 
1698 1701 1699 1704 
1708 1705 1700 1709 
1721 1711 1704 1725 
1712 1710 1711 1714 
1715 1710 1707 1721 
1730 1730 1661 1801 
1694 1696 1706 1696 
1712 1702 1693 1708 
1716 1701 1698 1705 
1736 1730 1709 1729 
1697 1704 1704 1714 
1719 1717 1710 1713 
1704 1702 1700 1712 
1716 1717 1706 1714 
1708 1705 1697 1717 
1723 1722 1710 1730 
1715 1708 1705 1731 
1715 1715 1676 1711 
1702 1698 1718 1703 
1709 1703 1698 1712 
1710 1706 1701 1720 
1724 1710 1695 1733 
1713 1710 1710 1722 
1707 1710 1706 1712 
1702 1711 1739 1702 
1711 1705 1699 1719 
1710 1713 1710 1715 
1717 1706 1663 1729 
1709 1716 1719 1673 
1721 1750 1738 1716 
1684 1696 1777 1689 
1704 1703 1682 1704 
1708 1710 1700 1711 
1721 1717 1705 1726 
1708 1710 1714 1713 
1712 1710 1703 1719 
1706 1710 1707 1712 
1713 1711 1707 1714 
1707 1705 1704 1713 
1712 1709 1708 1719 
1652 1708 1707 1750 
1712 1720 1734 1719 
1710 1739 1703 1709 
1708 1705 1696 1717 
1712 1713 1709 1714 
1710 1690 1702 1727 
1708 1718 1718 1715 
1709 1708 1700 1720 
1708 1714 1705 1711 
1711 1710 1701 1717 
1709 1711 1706 1713 
1714 1701 1702 1726 
1653 1740 1716 1726 
1714 1706 1708 1727 
1711 1718 1714 1710 
1716 1709 1697 1721 
1710 1709 1716 1709 
1715 1711 1706 1722 
1707 1712 1712 1707 
1714 1708 1697 1722 
1711 1713 1713 1711 
1717 1711 1705 1716 
1708 1706 1708 1710 
1716 1709 1704 1720 
1711 1674 1709 1730 
1713 1717 1715 1718 
1763 1708 1700 1714 
1704 1701 1699 1709 
1716 1712 1705 1714 
1713 1713 1701 1718 
1711 1710 1704 1724 
1718 1715 1709 1720 
1711 1710 1704 1717 
1713 1713 1705 1715 
1713 1711 1704 1718 
1708 1714 1707 1717 
1750 1744 1634 1739 
1710 1714 1710 1714 
1707 1716 1710 1721 
1711 1715 1698 1711 
1708 1716 1706 1716 
1707 1712 1704 1718 
1709 1711 1711 1716 
1708 1710 1706 1717 
1710 1709 1708 1719 
1713 1715 1704 1714 
1714 1714 1701 1717 
1715 1712 1708 1683 
1724 1739 1735 1720 
1700 1705 1711 1728 
1713 1712 1698 1713 
1709 1708 1709 1713 
1712 1713 1701 1708 
1712 1712 1702 1710 
1711 1714 1709 1719 
1708 1709 1710 1721 
1705 1706 1708 1712 
1710 1712 1701 1713 
1712 1716 1704 1709 
1713 1711 1706 1626 
1732 1750 1745 1718 
1692 1713 1714 1729 
1715 1700 1708 1716 
1704 1709 1700 1712 
1713 1710 1702 1714 
1722 1717 1707 1714 
1715 1715 1711 1714 
1711 1705 1704 1719 
1709 1706 1704 1725 
1710 1714 1702 1723 
1711 1711 1699 1711 
1666 1713 1702 1729 
1717 1727 1721 1723 
1722 1706 1700 1711 
1707 1706 1704 1732 
1706 1713 1692 1725 
1710 1714 1698 1715 
1708 1712 1706 1703 
1710 1706 1715 1703 
1715 1709 1714 1714 
1715 1713 1709 1727 
1711 1718 1692 1730 
1708 1709 1685 1723 
1670 1711 1702 1684 
1705 1703 1757 1707 
1729 1686 1732 1702 
1716 1718 1702 1725 
1715 1803 1686 1730 
1696 1703 1669 1721 
1693 1706 1700 1695 
1705 1668 1720 1691 
1720 1700 1741 1699 
1729 1704 1721 1727 
1715 1771 1693 1724 
1697 1709 1663 1730 
1679 1712 1684 1671 
1727 1731 1748 1683 
1715 1692 1757 1689 
1734 1701 1709 1716 
1730 1717 1693 1731 
1701 1720 1659 1739 
1677 1716 1677 1705 
1648 1696 1708 1693 
1704 1692 1743 1687 
1732 1699 1744 1710 
1801 1713 1701 1734 
1711 1725 1664 1740 
1695 1660 1664 1733 
1606 1698 1707 1668 
1691 1703 1720 1683 
1725 1688 1751 1699 
1844 1708 1710 1737 
1713 1712 1660 1743 
1683 1727 1661 1722 
1612 1717 1685 1688 
1690 1706 1734 1679 
1718 1691 1750 1695 
1790 1697 1718 1726 
1722 1707 1659 1741 
1781 1632 1656 1767 
1673 1732 1689 1707 
1686 1710 1703 1672 
1705 1678 1753 1689 
1744 1690 1730 1729 
1742 1713 1705 1748 
1720 1739 1674 1746 
1687 1737 1677 1701 
1691 1727 1707 1695 
1693 1685 1736 1684 
1740 1691 1737 1724 
1741 1695 1713 1748 
1770 1816 1600 1759 
1677 1737 1668 1653 
1702 1735 1706 1694 
1688 1701 1731 1694 
1726 1687 1738 1748 
1719 1671 1697 1722 
1721 1711 1682 1735 
1702 1734 1681 1701 
1691 1741 1709 1699 
1694 1708 1718 1691 
1718 1693 1734 1703 
1722 1673 1725 1718 
1776 1740 1590 1757 
1699 1723 1677 1697 
1681 1731 1692 1709 
1702 1731 1716 1700 
1715 1698 1729 1717 
1721 1685 1764 1718 
1720 1688 1688 1729 
1709 1717 1689 1723 
1702 1726 1662 1721 
1694 1723 1721 1696 
1714 1706 1721 1707 
1709 1683 1808 1704 
1769 1637 1680 1753 
1707 1707 1693 1688 
1708 1736 1672 1721 
1706 1735 1711 1704 
1712 1715 1718 1715 
1710 1692 1712 1717 
1722 1691 1699 1727 
1712 1705 1700 1722 
1697 1703 1697 1711 
1699 1730 1712 1703 
1712 1725 1714 1713 
1718 1763 1710 1713 
1754 1633 1692 1748 
1713 1696 1697 1695 
1688 1645 1704 1714 
1707 1726 1706 1705 
1713 1714 1708 1717 
1720 1760 1715 1710 
1721 1697 1693 1722 
1712 1702 1699 1723 
1699 1656 1700 1724 
1702 1731 1721 1709 
1712 1725 1706 1713 
1700 1772 1710 1702 
1754 1699 1639 1746 
1712 1702 1701 1692 
1696 1702 1705 1727 
1712 1723 1706 1712 
1710 1719 1708 1716 
1725 1718 1706 1718 
1711 1700 1694 1725 
1712 1710 1701 1721 
1674 1704 1704 1706 
1713 1722 1709 1713 
1710 1717 1707 1717 
1802 1716 1706 1720 
1748 1798 1577 1729 
1721 1699 1702 1697 
1658 1702 1705 1723 
1717 1716 1712 1714 
1710 1711 1710 1719 
1760 1717 1714 1706 
1705 1696 1686 1716 
1707 1704 1703 1714 
1714 1711 1706 1718 
1701 1705 1708 1705 
1713 1713 1707 1718 
1712 1714 1704 1718 
1754 1782 1586 1734 
1722 1704 1705 1695 
1697 1705 1703 1714 
1718 1712 1707 1716 
1716 1713 1707 1722 
1712 1712 1703 1786 
1700 1711 1706 1711 
1708 1710 1694 1717 
1703 1704 1704 1680 
1718 1711 1707 1718 
1708 1705 1710 1713 
1717 1716 1701 1783 
1746 1702 1654 1727 
1723 1705 1704 1708 
1702 1715 1706 1686 
1722 1712 1712 1718 
1709 1706 1709 1716 
1724 1712 1702 1742 
1712 1706 1697 1715 
1720 1718 1694 1724 
1703 1712 1710 1710 
1714 1717 1707 1714 
1704 1707 1716 1713 
1720 1715 1708 1719 
1751 1658 1640 1740 
1689 1731 1695 1720 
1704 1715 1690 1709 
1708 1710 1705 1719 
1706 1708 1710 1712 
1722 1711 1703 1727 
1711 1710 1708 1720 
1725 1725 1698 1732 
1698 1716 1707 1707 
1713 1717 1650 1721 
1713 1717 1728 1713 
1721 1713 1710 1722 
1755 1730 1702 1723 
1690 1714 1676 1714 
1698 1707 1684 1699 
1713 1709 1634 1713 
1713 1710 1715 1718 
1712 1706 1715 1715 
1687 1712 1746 1705 
1703 1700 1681 1710 
1694 1700 1684 1709 
1711 1689 1701 1714 
1712 1717 1718 1715 
1708 1714 1722 1718 
1757 1799 1605 1733 
1716 1710 1685 1694 
1686 1713 1673 1715 
1705 1697 1708 1711 
1706 1718 1718 1710 
1711 1709 1716 1718 
1720 1710 1714 1722 
1716 1706 1703 1725 
1714 1712 1703 1714 
1709 1712 1700 1713 
1709 1712 1710 1714 
1716 1711 1715 1719 
1743 1654 1658 1770 
1737 1718 1721 1703 
1706 1724 1693 1725 
1711 1712 1703 1707 
1705 1713 1710 1713 
1714 1717 1716 1719 
1720 1713 1714 1721 
1717 1712 1702 1720 
1715 1712 1700 1720 
1713 1715 1704 1720 
1708 1710 1705 1710 
1712 1711 1709 1712 
1802 1594 1711 1763 
1718 1719 1723 1731 
1709 1720 1681 1714 
1707 1707 1708 1718 
1708 1716 1702 1713 
1709 1713 1711 1714 
1717 1713 1712 1719 
1718 1714 1709 1723 
1716 1715 1705 1722 
1711 1712 1699 1719 
1707 1707 1704 1709 
1711 1708 1712 1712 
1710 1664 1710 1763 
1724 1716 1736 1730 
1712 1728 1686 1720 
1707 1706 1709 1716 
1708 1714 1702 1715 
1713 1712 1713 1711 
1716 1713 1715 1707 
1719 1714 1708 1717 
1718 1719 1707 1728 
1712 1722 1705 1721 
1704 1712 1704 1712 
1709 1710 1706 1708 
1624 1722 1718 1736 
1732 1715 1733 1705 
1706 1723 1693 1732 
1708 1712 1695 1721 
1707 1715 1704 1719 
1705 1711 1711 1706 
1711 1709 1716 1709 
1719 1711 1714 1715 
1720 1722 1709 1724 
1710 1720 1699 1726 
1703 1714 1701 1718 
1706 1707 1705 1710 
1734 1684 1715 1711 
1736 1720 1734 1706 
1717 1712 1711 1721 
1709 1719 1699 1723 
1706 1715 1698 1727 
1705 1715 1708 1713 
1715 1705 1714 1705 
1721 1704 1713 1707 
1728 1713 1711 1722 
1716 1722 1706 1727 
1701 1719 1701 1718 
1698 1709 1699 1712 
1649 1706 1713 1734 
1723 1721 1757 1715 
1725 1708 1708 1718 
1717 1716 1700 1726 
1709 1725 1702 1733 
1702 1716 1703 1719 
1704 1704 1708 1710 
1718 1700 1723 1708 
1731 1711 1720 1714 
1721 1718 1706 1723 
1705 1720 1697 1728 
1698 1719 1697 1721 
1639 1711 1706 1700 
1716 1712 1726 1708 
1725 1703 1717 1714 
1726 1717 1706 1722 
1709 1721 1696 1727 
1698 1724 1696 1723 
1699 1716 1704 1715 
1712 1706 1712 1707 
1726 1707 1719 1714 
1728 1711 1715 1724 
1710 1721 1702 1724 
1704 1721 1694 1726 
1703 1719 1702 1687 
1718 1734 1723 1708 
1719 1701 1721 1712 
1727 1710 1718 1720 
1716 1712 1705 1728 
1701 1719 1699 1724 
1699 1719 1695 1716 
1709 1714 1706 1709 
1725 1707 1717 1709 
1724 1704 1716 1714 
1717 1704 1712 1727 
1708 1713 1707 1729 
1700 1719 1704 1714 
1709 1717 1697 1715 
1722 1714 1718 1712 
1726 1707 1721 1720 
1717 1703 1714 1728 
1707 1706 1709 1729 
1699 1710 1706 1721 
1703 1715 1708 1711 
1716 1716 1713 1715 
1725 1708 1719 1718 
1726 1705 1721 1728 
1707 1703 1712 1731 
1698 1710 1708 1724 
1706 1714 1706 1776 
1696 1706 1699 1695 
1712 1707 1704 1710 
1715 1706 1707 1667 
1711 1709 1713 1727 
1704 1712 1704 1729 
1693 1710 1699 1812 
1691 1705 1700 1691 
1703 1704 1688 1697 
1716 1709 1701 1653 
1720 1714 1707 1738 
1706 1711 1713 1724 
1701 1709 1698 1787 
1686 1685 1697 1690 
1708 1707 1689 1699 
1716 1707 1697 1725 
1721 1727 1712 1731 
1709 1711 1713 1731 
1696 1702 1699 1710 
1705 1706 1704 1701 
1719 1719 1702 1703 
1727 1714 1704 1720 
1712 1713 1711 1726 
1704 1706 1707 1732 
1705 1711 1711 1727 
1706 1709 1704 1713 
1713 1716 1702 1710 
1724 1718 1707 1719 
1716 1715 1715 1720 
1709 1711 1711 1731 
1704 1704 1713 1722 
1708 1711 1712 1705 
1723 1711 1699 1712 
1721 1721 1713 1707 
1731 1727 1701 1732 
1706 1714 1724 1721 
1714 1712 1711 1722 
1689 1706 1705 1702 
1713 1705 1689 1706 
1716 1712 1695 1705 
1717 1706 1703 1727 
1706 1715 1719 1722 
1697 1705 1709 1719 
1709 1781 1702 1717 
1711 1702 1688 1712 
1715 1718 1694 1707 
1711 1678 1696 1721 
1705 1724 1725 1717 
1701 1708 1714 1717 
1699 1796 1706 1698 
1707 1696 1676 1717 
1717 1718 1690 1721 
1726 1702 1697 1727 
1707 1723 1720 1711 
1696 1700 1717 1709 
1695 1721 1714 1696 
1714 1701 1685 1724 
1722 1723 1684 1729 
1716 1731 1690 1728 
1696 1723 1722 1700 
1691 1698 1719 1695 
1750 1696 1721 1702 
1717 1701 1699 1728 
1730 1723 1679 1743 
1677 1735 1678 1735 
1705 1733 1709 1712 
1689 1698 1726 1688 
1777 1683 1730 1698 
1713 1684 1701 1724 
1739 1725 1682 1748 
1710 1738 1668 1752 
1707 1747 1708 1708 
1673 1703 1724 1676 
1706 1693 1744 1671 
1711 1680 1706 1718 
