3229 2272
3016 2501
2538 2599
1918 2539
1310 2337
864 2044
760 1734
871 1475
1287 1354
1852 1377
2491 1557
2987 1834
3222 2122
3136 2400
2774 2564
2213 2567
1582 2411
1055 2162
771 1868
803 1596
1072 1419
1560 1382
2224 1505
2766 1721
3122 2004
3196 2284
2951 2483
2538 2544
1844 2427
1280 2266
885 1986
777 1710
934 1468
1360 1425
1944 1461
2517 1641
2958 1902
3162 2170
3046 2386
2709 2515
2112 2453
1529 2322
1071 2084
828 1817
873 1587
1181 1456
1698 1469
2274 1582
2758 1797
3054 2061
3070 2305
2829 2450
2345 2464
1779 2372
1286 2178
951 1920
879 1677
1081 1513
1506 1477
2025 1548
2522 1722
2904 1965
3035 2199
2887 2379
2506 2480
2014 2389
1520 2242
1126 2015
943 1780
1028 1589
1353 1485
1814 1526
2310 1659
2713 1868
2932 2100
2905 2299
2627 2456
2212 2399
1738 2303
1324 2108
1074 1878
1054 1675
1261 1521
1644 1543
2083 1610
2512 1775
2781 2009
2858 2224
2682 2416
2382 2368
1944 2329
1531 2186
1230 1981
1117 1775
1237 1599
1507 1573
1899 1596
2308 1718
2625 1915
2764 2111
2669 2343
2471 2345
2107 2333
1723 2238
1403 2061
1233 1874
1261 1692
1438 1606
1760 1620
2112 1691
2439 1833
2620 2033
2635 2224
2519 2278
2241 2300
1892 2263
1577 2132
1368 1963
1315 1804
1414 1693
1651 1656
1966 1682
2271 1793
2494 1941
2580 2102
2497 2211
2305 2264
2027 2253
1742 2165
1515 2029
1398 1884
1452 1767
1597 1720
1861 1711
2126 1769
2346 1888
2500 2021
2459 2112
2332 2201
2114 2226
1870 2170
1654 2070
1494 1954
1514 1846
1602 1766
1789 1736
2022 1773
2228 1857
2426 1966
2379 2044
2319 2145
2165 2172
1960 2155
1764 2085
1603 1991
1586 1909
1632 1822
1754 1772
1950 1796
2127 1849
2349 1925
2317 1971
2287 2083
2176 2135
2011 2137
1843 2081
1664 2013
1659 1963
1672 1866
1765 1822
1909 1820
2054 1848
2255 1911
2236 1950
2241 2050
2173 2096
2043 2104
1908 2079
1747 2026
1720 1984
1716 1907
1770 1859
1896 1850
2004 1869
2163 1908
2175 1936
2207 2004
2162 2054
2052 2083
1943 2077
1839 2036
1772 1990
1750 1939
1791 1887
1874 1874
1974 1874
2073 1908
2122 1985
2156 1984
2134 2042
2064 2058
1975 2055
1883 2033
1815 1989
1792 1951
1809 1918
1868 1893
1971 1888
2036 1915
2104 1947
2127 1973
2127 2001
2067 2035
1987 2050
1915 2028
1856 1994
1826 1968
1834 1933
1872 1910
1938 1903
2007 1915
2064 1937
2097 1967
2099 1997
2066 2023
2005 2028
1940 2019
1886 2000
1853 1976
1850 1950
1877 1929
1930 1921
2007 1917
2032 1941
2071 1953
2076 1977
2061 1989
2006 2012
1955 2024
1917 2010
1881 1988
1877 1966
1887 1948
1923 1934
1967 1930
2010 1936
2042 1951
2053 1968
2047 1984
2020 1998
1979 2005
1937 2002
1905 1995
1886 1982
1892 1965
1916 1951
1938 1944
1996 1935
2018 1951
2041 1951
2038 1958
2010 1983
1981 2001
1958 2001
1929 1994
1909 1989
1911 1981
1922 1966
1944 1955
1972 1945
2001 1945
2019 1949
2027 1953
2019 1965
2001 1975
1973 1984
1953 1991
1933 1995
1921 1993
1925 1985
1939 1973
1944 1961
1982 1962
2001 1944
2004 1939
2007 1943
1991 1968
1988 1982
1972 1985
1950 1993
1935 2005
1934 1997
1941 1987
1949 1976
1964 1964
1975 1950
1989 1944
1997 1945
2001 1952
1991 1962
1980 1978
1968 1994
1953 2003
1947 2007
1944 2003
1949 1991
1953 1973
1970 1973
1971 1940
1969 1937
1981 1938
1994 1952
1998 1957
1981 1979
1969 2002
1964 2009
1956 2010
1951 1996
1950 1987
1955 1970
1962 1948
1970 1936
1981 1930
1986 1934
1989 1949
1986 1968
1982 1988
1976 2003
1969 2014
1961 2017
1952 1998
1948 1992
1958 1963
1952 1939
1952 1931
1970 1933
1986 1940
1991 1947
1986 1981
1981 2004
1981 2012
1969 2014
1959 2012
1944 1997
1944 1970
1944 1945
1953 1928
1965 1920
1974 1922
1984 1938
1990 1955
1992 1986
1988 2008
1982 2022
1975 2021
1963 2006
1962 1989
1939 1961
1938 1931
1940 1907
1962 1900
1972 1910
1982 1944
2003 1973
2013 1996
2008 2022
1993 2041
1972 2041
1953 2016
1931 1989
1917 1952
1914 1913
1922 1893
1942 1891
1973 1905
2000 1935
2023 1976
2038 2020
2030 2052
2009 2070
1960 2065
1950 2027
1900 1997
1886 1935
1881 1881
1905 1846
1931 1853
1982 1885
2040 1924
2072 1981
2077 2046
2061 2095
2023 2108
1967 2096
1908 2051
1860 1984
1838 1909
1848 1846
1886 1807
1949 1805
2020 1846
2083 1917
2120 2004
2123 2085
2083 2146
2019 2169
1944 2166
1856 2076
1807 1972
1789 1865
1812 1795
1889 1758
1983 1753
2068 1814
2129 1922
2163 2042
2152 2141
2088 2208
1995 2219
1890 2172
1805 2074
1758 1949
1759 1827
1815 1734
1908 1697
2017 1727
2120 1813
2188 1941
2201 2082
2156 2196
2060 2262
1956 2279
1817 2184
1746 2083
1723 1911
1743 1786
1843 1677
1955 1655
2100 1713
2152 1804
2209 1965
2208 2125
2135 2246
2024 2294
1893 2263
1796 2172
1727 2027
1715 1856
1774 1727
1876 1649
2005 1650
2107 1739
2199 1860
2225 2030
2183 2173
2100 2260
1966 2302
1846 2221
1747 2127
1719 1953
1732 1805
1805 1694
1935 1644
2040 1716
2161 1755
2215 1933
2207 2091
2139 2216
2025 2283
1898 2274
1793 2190
1731 2056
1723 1899
1775 1758
1878 1675
2007 1666
2115 1727
2190 1847
2210 2000
2144 2144
2084 2263
1958 2269
1850 2217
1764 2107
1718 1974
1753 1841
1843 1729
1955 1683
2058 1713
2153 1808
2199 1936
2180 2073
2112 2182
2011 2236
1896 2226
1797 2146
1745 2027
1752 1898
1808 1788
1903 1725
2015 1728
2114 1790
2169 1893
2179 2016
2127 2140
2056 2207
1936 2200
1834 2153
1777 2059
1767 1934
1793 1829
1862 1766
1969 1748
2073 1780
2142 1864
2167 1979
2148 2086
2080 2159
1984 2184
1884 2157
1810 2079
1770 1975
1783 1870
1845 1790
1933 1760
2031 1783
2111 1852
2157 1948
2148 2051
2118 2125
2013 2172
1924 2153
1836 2084
1800 1990
1783 1903
1823 1831
1905 1781
1992 1780
2074 1839
2129 1928
2146 2023
2114 2105
2049 2151
1959 2147
1882 2103
1817 2023
1792 1931
1816 1847
1874 1797
1956 1792
2038 1831
2105 1907
2135 1997
2117 2077
2071 2125
1997 2145
1912 2113
1836 2040
1796 1962
1782 1868
1860 1834
1927 1804
2000 1830
2079 1887
2121 1972
2125 2051
2092 2109
2029 2129
1955 2111
1881 2059
1823 1973
1812 1898
1834 1846
1898 1823
1959 1827
2041 1881
2096 1958
2113 2026
2127 2111
2057 2109
1990 2108
1905 2065
1855 1998
1827 1914
1822 1849
1861 1847
1924 1841
1998 1873
2068 1944
2104 2013
2097 2095
2077 2085
2024 2102
1953 2067
1886 2002
1847 1938
1830 1878
1850 1842
1900 1841
1969 1879
2031 1934
2079 1992
2061 2114
2117 2067
2048 2102
1992 2060
1926 1996
1870 1948
1857 1863
1848 1873
1880 1848
1926 1874
1992 1936
2047 1993
2045 2116
2093 2071
2064 2086
2022 2069
1958 2014
1903 1952
1870 1885
1850 1867
1864 1860
1903 1874
1967 1925
2027 1988
2065 2044
2082 2073
2083 2106
2041 2066
1977 2019
1922 1957
1906 1911
1877 1857
1866 1854
1887 1869
1945 1917
2001 1975
2040 2030
2061 2071
2072 2083
2055 2074
2004 2032
1953 1971
1901 1915
1887 1873
1863 1861
1880 1858
1926 1905
1974 1963
2030 2019
2046 2062
2092 2081
2055 2093
2017 2044
1970 1974
1897 1921
1896 1896
1872 1866
1887 1853
1914 1885
1952 1946
2010 2003
2037 2047
2061 2078
2061 2088
2031 2060
1983 2001
1907 1944
1918 1915
1883 1866
1873 1856
1901 1880
1938 1928
1981 1981
2021 2034
2047 2071
2069 2100
2037 2060
2012 2012
1944 1954
1920 1936
1889 1880
1881 1855
1896 1864
1920 1913
2000 1963
1998 1984
2026 2055
2055 2074
2045 2068
2018 2033
1978 1987
1944 1947
1908 1898
1880 1862
1888 1870
1911 1904
1941 1951
1979 1998
2016 2041
2059 2071
2037 2079
2015 2039
1993 2007
1967 1955
1945 1908
1897 1875
1887 1876
1905 1894
1933 1927
1946 1995
1996 2007
2028 2057
2043 2062
2037 2049
2014 2010
1994 1943
1947 1932
1919 1886
1905 1879
1903 1887
1922 1917
1925 2018
1983 1987
2006 2043
2039 2073
2035 2048
2008 2025
2007 1939
1965 1953
1942 1896
1909 1888
1898 1893
1917 1916
1901 2020
1966 1978
1991 2030
2021 2050
2029 2052
2021 2032
2004 1999
1981 1962
1944 1923
1919 1895
1911 1893
1916 1911
1932 1939
1957 1975
1991 2014
2033 2037
2020 2050
2028 2029
2018 1997
1987 1972
1951 1940
1937 1911
1929 1891
1917 1907
1924 1933
1952 1967
1979 1999
2001 2024
2014 2036
2025 2033
2014 2016
1995 1984
1972 1952
1946 1922
1928 1913
1917 1912
1924 1928
1939 1957
1964 1988
1989 2014
2019 2050
2018 2028
2014 2008
2002 1984
1968 1969
1953 1948
1938 1918
1925 1912
1921 1930
1934 1950
1957 1974
1981 2003
2000 2020
2012 2023
2014 2016
2006 1998
1984 1972
1963 1945
1946 1926
1930 1920
1932 1924
1938 1941
1955 1965
1971 1989
2010 2006
2005 2025
2001 2019
2003 2005
2003 1976
1981 1944
1947 1933
1933 1930
1927 1925
1931 1942
1947 1962
1965 1982
1987 2005
2004 2011
2010 2016
2005 2002
1994 1985
1972 1963
1953 1946
1935 1935
1924 1929
1929 1941
1940 1958
1959 1978
1981 1994
2007 2024
2003 2004
2013 1989
2001 1975
1974 1977
1960 1960
1948 1936
1934 1935
1928 1942
1937 1953
1953 1968
1972 1985
1992 1996
2005 2002
2007 1999
2000 1986
1988 1970
1969 1956
1947 1946
1937 1940
1930 1943
1931 1951
1944 1966
1966 1983
1989 1987
1999 2005
1993 1995
2009 1986
2001 1962
1971 1960
1951 1952
1941 1947
1933 1941
1932 1950
1942 1971
1959 1985
1972 1991
1991 1998
2000 1995
2002 1987
1995 1977
1982 1965
1962 1954
1943 1944
1935 1948
1935 1955
1937 1970
1952 1980
1988 1972
1980 1999
1996 1993
1993 1986
1996 1986
1993 1962
1975 1946
1954 1945
1941 1944
1938 1947
1940 1960
1949 1976
1963 1986
1981 1995
1992 1998
1996 1992
1998 1980
1992 1965
1979 1954
1965 1942
1953 1941
1943 1945
1941 1956
1943 1971
1960 1982
1979 2018
1982 1999
2000 1992
1996 1985
1976 1981
1981 1964
1974 1944
1953 1935
1941 1942
1939 1947
1941 1960
1948 1976
1962 1991
1977 2003
1990 2007
1998 2002
1996 1990
1986 1972
1973 1951
1960 1939
1946 1933
1941 1934
1939 1946
1943 1966
1965 1994
1972 2002
1979 2003
2002 2006
2011 1985
1995 1976
1981 1966
1971 1947
1952 1930
1939 1931
1936 1939
1941 1952
1952 1972
1969 1991
1985 2004
2001 2007
2006 2003
2004 1990
1992 1965
1975 1950
1957 1935
1939 1926
1931 1930
1933 1942
1960 1971
1960 1993
1978 2002
1984 2007
1999 2019
2011 1997
2002 1973
1977 1972
1960 1946
1941 1933
1928 1931
1926 1938
1934 1953
1950 1976
1971 1995
1990 2008
2006 2015
2009 2007
2002 1993
1988 1969
1967 1949
1946 1932
1929 1927
1922 1932
1923 1945
1946 1977
1959 1981
1987 1992
2007 2000
2005 2014
2012 2006
2005 1979
1953 1987
1945 1916
1936 1924
1925 1925
1919 1934
1932 1949
1964 1942
1973 2005
1995 2007
2010 2013
2013 2007
2004 1983
1960 2025
1963 1924
1945 1929
1927 1921
1928 1928
1925 1935
1963 1919
1949 1994
1989 2001
2005 2000
2003 2008
2008 1996
1964 2056
1983 1933
1957 1935
1938 1929
1928 1926
1926 1944
1955 1923
1947 1985
1969 1999
1990 2007
1999 2010
2010 1993
2007 1980
1993 1961
1977 1942
1957 1933
1945 1936
1949 1941
1920 1969
1928 1976
1939 1997
1970 2009
1990 1996
2001 1990
2000 1980
2004 1965
1994 1945
1980 1942
1964 1944
1946 1952
1934 1965
1931 1978
1938 1995
1949 2003
1963 2000
1981 1989
1994 1974
1998 1960
2001 1947
1993 1943
1982 1944
1988 1937
1951 1974
1940 1989
1927 1996
1931 2009
1947 1996
1964 1980
2002 1968
1972 1941
2002 1935
2004 1930
2000 1940
1988 1950
1947 1970
1968 2001
1947 2012
1935 2014
1935 2004
1941 1987
2008 1967
1957 1915
1986 1926
2003 1921
2007 1927
2022 1956
1988 1972
1984 2001
1963 2005
1934 2017
1931 2022
1945 2006
1964 1974
1944 1927
1964 1926
1988 1915
1997 1917
2008 1930
1994 1960
1992 1996
1986 2013
1954 2023
1945 2025
1933 2014
1953 1990
1932 1942
1938 1917
1972 1911
1988 1907
1985 1920
2015 1953
2000 1971
1999 2004
1974 2015
1939 2032
1937 2032
1937 2006
1924 1981
1929 1929
1955 1926
1971 1909
1982 1912
2000 1932
2007 1943
2004 2001
1981 2010
1966 2027
1949 2030
1934 2012
1907 2034
1930 1934
1946 1935
1962 1915
1968 1913
1994 1945
2014 1925
1996 1982
1999 2003
1979 2010
1951 2030
1941 2022
1903 2061
1932 1952
1938 1941
1958 1925
1970 1916
1989 1922
2015 1921
2006 1971
1996 1993
1984 2007
1971 2024
1956 2018
1907 2061
1932 1968
1937 1944
1954 1935
1953 1921
1985 1921
2004 1924
1997 1964
1998 1990
2001 1992
1979 2013
1957 2022
1921 2033
1933 1983
1940 1950
1950 1943
1960 1926
1980 1921
2000 1939
2011 1952
2001 1982
1996 1993
1982 2014
1963 2013
1955 2010
1925 1986
1941 1959
1944 1952
1953 1934
1991 1930
1981 1936
2011 1953
1998 1969
2007 1975
1983 2002
1971 2020
1957 2009
1942 1986
1938 1970
1942 1961
1947 1940
1962 1926
1955 1933
2011 1955
2001 1968
1999 1980
1996 2000
1977 2011
2016 2002
1922 1968
1934 1975
1933 1958
1939 1946
1988 1928
1975 1943
2001 1953
1995 1960
2005 1967
1998 1982
1982 2009
1960 2010
1948 1989
1943 1974
1935 1969
1937 1948
1950 1933
1940 1936
1993 1961
2003 1960
2000 1970
2004 1987
1987 1999
2004 1996
1949 1962
1927 1977
1933 1968
1933 1956
1939 1955
1976 1965
1982 1951
1990 1970
2001 1966
2007 1980
2000 1993
1973 2008
1955 1996
1940 1984
1933 1975
1931 1959
1936 1947
1959 1944
1974 1944
1995 1966
1998 1964
2007 1983
1996 1994
1988 2000
1961 2006
1943 1974
1936 1976
1932 1965
1926 1934
1955 1968
1972 1926
1983 1971
1999 1965
2014 1972
2007 1990
1989 2001
1953 2061
1955 1965
1939 1976
1932 1963
1928 1949
1943 1943
1981 1902
1977 1968
2003 1969
2004 1983
2006 1991
2003 1996
1946 2065
1962 1967
1945 1976
1938 1965
1923 1949
1947 1957
1977 1887
1971 1955
1992 1958
1997 1982
2007 1996
2009 1987
1952 2066
1973 1973
1953 1976
1940 1967
1930 1951
1936 1945
1967 1902
1966 1951
1985 1961
2002 1974
2006 1989
2006 1993
1977 2035
1966 1983
1959 1973
1941 1971
1932 1953
1945 1961
1940 1939
1963 1935
1981 1949
1985 1977
2000 1988
2011 1990
2003 1998
1988 1997
1969 1988
1949 1973
1940 1962
1932 1950
1937 1940
1956 1942
1973 1953
1986 1962
2001 1974
2008 1988
2003 1996
1989 1996
1974 1989
1957 1981
1934 1967
1935 1964
1935 1941
1938 1943
1952 1944
1984 1962
2007 1967
2007 1983
2002 1993
1994 1993
1978 1993
1957 1983
1941 1969
1936 1957
1938 1948
1944 1941
1960 1945
1977 1955
1992 1968
2002 1979
2004 1990
1994 1991
1979 1992
1964 1985
1945 1974
1942 1978
1938 1952
1929 1950
1943 1948
1972 1956
1992 1957
1999 1975
2001 1989
2000 1996
1988 1997
1967 1996
1951 1979
1939 1966
1936 1958
1940 1951
1951 1954
1966 1955
1981 1963
1993 1974
2000 1984
1999 1992
1990 1992
1973 1989
1951 1984
1945 1990
1935 1958
1935 1950
1955 1942
1960 1953
1974 1966
1988 1973
1996 1980
1998 1988
1990 1994
1978 1993
1962 1986
1948 1974
1939 1966
1936 1956
1943 1953
1957 1953
1972 1959
1987 1970
1997 1977
1995 1989
1992 1990
1979 1992
1948 1987
1955 1997
1942 1967
1937 1960
1949 1945
1951 1950
1966 1961
1985 1968
1998 1972
1997 1982
1991 1995
1983 1991
1971 1984
1960 1980
1949 1973
1941 1963
1942 1958
1949 1954
1965 1955
1977 1959
1989 1969
1996 1977
1996 1982
1988 1988
1969 1989
1967 2000
1947 1969
1940 1962
1945 1950
1945 1950
1955 1958
1974 1963
1986 1962
1990 1972
1994 1983
1989 1985
1979 1985
1966 1982
1956 1976
1944 1966
1944 1957
1948 1955
1958 1952
1968 1958
1982 1962
1986 1977
1989 1975
1990 1982
1979 1993
1978 1982
1955 1974
1955 1962
1939 1961
1943 1959
1954 1957
1965 1951
1974 1960
1985 1966
1991 1975
1987 1982
1981 1982
1971 1982
1962 1976
1951 1971
1949 1963
1950 1960
1952 1952
1962 1953
1977 1957
1985 1963
1989 1972
1994 1977
2003 1985
1975 1991
1962 1977
1954 1968
1939 1969
1950 1960
1958 1951
1962 1951
1971 1958
1981 1959
1989 1967
1989 1973
1989 1981
1981 1981
1968 1984
1961 1975
1952 1968
1950 1963
1952 1957
1960 1954
1965 1953
1974 1959
1984 1962
1990 1969
2000 1981
1979 1991
1969 1983
1956 1981
1955 1979
1956 1961
1948 1957
1948 1959
1962 1955
1974 1955
1982 1960
1985 1968
1988 1973
1985 1979
1977 1983
1972 1984
1964 1978
1954 1976
1948 1967
1948 1959
1954 1955
1963 1956
1974 1957
1971 1965
1989 1967
1984 1981
1978 1978
1978 1986
1972 1976
1955 1973
1948 1975
1952 1964
1953 1958
1956 1959
1965 1958
1974 1962
1979 1965
1985 1971
1984 1979
1981 1980
1972 1980
1964 1981
1958 1977
1950 1971
1950 1965
1956 1962
1958 1960
1969 1961
1977 1980
1981 1966
1981 1973
1988 1972
1974 1980
1963 1984
1963 1976
1952 1973
1949 1969
1951 1965
1954 1961
1960 1963
1965 1965
1972 1967
1978 1970
1980 1975
1974 1979
1968 1972
1966 1973
1964 1980
1950 1972
1946 1959
1955 1960
1970 1960
1971 1980
1968 1955
1968 1967
1974 1972
1995 1973
1963 1964
1971 1969
1967 1976
1958 1970
1954 1964
1934 1962
1973 1966
1957 1964
1967 1958
1977 1967
1978 1971
1999 1970
1963 1963
1974 1972
1967 1978
1959 1975
1954 1968
1922 1964
1989 1974
1967 1969
1960 1958
1967 1957
1977 1962
2057 1961
1950 1937
1969 1970
1969 1971
1967 1973
1958 1967
1931 1965
1962 1978
1959 1955
1962 1960
1962 1955
1969 1961
2026 1965
1966 1933
1965 1974
1972 1970
1964 1975
1960 1969
1940 1965
1978 1976
1959 1969
1952 1954
1957 1954
1964 1964
1999 1958
1967 1935
1963 1965
1978 1971
1973 1975
1967 1968
1968 1966
1963 1971
1968 1965
1961 1961
1961 1953
1966 1956
1959 1957
1964 1963
1963 1956
1975 1971
1970 1972
1969 1972
1977 1973
1956 1968
1965 1968
1950 1954
1963 1950
1967 1957
1964 1962
1954 1984
1960 1944
1971 1972
1971 1970
1971 1971
1975 1973
1971 1950
1970 1981
1958 1957
1963 1958
1964 1958
1964 1964
1933 2028
1965 1944
1960 1968
1967 1966
1964 1973
1963 1970
2002 1938
1967 1974
1970 1963
1959 1958
1963 1963
1959 1963
1929 2001
1961 1944
1958 1964
1962 1975
1962 1970
1967 1971
1979 1955
1970 1978
1961 1971
1965 1962
1966 1967
1963 1965
1928 1996
1957 1957
1957 1959
1963 1973
1962 1972
1978 1963
1977 1981
1973 1974
1965 1980
1965 1966
1972 1970
1963 1964
1947 1973
1944 1964
1962 1952
1959 1972
1962 1970
1966 1972
1968 1974
1975 1974
1967 1976
1966 1967
1966 1965
1968 1964
1982 1967
1949 1958
1962 1961
1959 1965
1960 1971
1968 1968
1951 1985
1984 1970
1967 1973
1964 1964
1965 1965
1970 1970
2003 1967
1945 1950
1962 1966
1964 1970
1961 1970
1966 1972
1951 1975
1980 1977
1969 1973
1970 1963
1974 1963
1974 1970
1964 1968
1958 1959
1961 1965
1962 1974
1950 1969
1966 1982
1932 1964
1978 1993
1976 1964
1971 1967
1977 1960
1971 1968
1995 1968
1956 1945
1959 1963
1963 1970
1958 1971
1961 1968
1951 1970
1971 1979
1974 1971
1969 1966
1977 1966
1975 1964
1999 1967
1966 1946
1955 1961
1963 1964
1949 1955
1960 1965
1963 1966
1964 1970
1977 1971
1970 1959
1971 1960
1971 1969
1972 1965
1969 1970
1959 1954
1970 1970
1955 1966
1958 1964
1963 1967
1960 1966
1963 1964
1971 1962
1978 1969
1972 1967
1972 1965
1961 1993
1964 1952
1963 1970
1981 1969
1954 1977
1958 1963
1964 1942
1966 1975
1962 1968
1972 1963
1977 1964
1977 1969
1962 1991
1964 1957
1965 1967
1964 1975
1956 1970
1956 1964
1977 1934
1968 1974
1966 1965
1969 1964
1973 1967
1969 1964
1945 2016
1974 1962
1959 1965
1962 1985
1958 1965
1959 1969
1982 1932
1958 1975
1975 1975
1966 1956
1976 1967
1973 1969
1937 2018
1963 1959
1966 1964
1963 1975
1957 1970
1953 1969
1974 1955
1966 1972
1964 1970
1972 1966
1967 1968
1972 1962
1973 1963
1956 1956
1980 1966
1961 1972
1954 1972
1951 1970
1948 1968
1970 1966
1959 1977
1976 1969
1967 1966
1975 1965
2004 1969
1950 1952
1967 1960
1962 1969
1963 1972
1960 1972
1957 1968
1960 1968
1964 1970
1968 1969
1969 1965
1976 1968
1975 1967
1973 1967
1982 1965
1963 1974
1959 1970
1954 1959
1961 1963
1957 1973
1967 1970
1963 1962
1970 1965
1972 1966
1971 1966
1971 1966
1973 1967
1969 1966
1962 1966
1960 1967
1958 1966
1959 1967
1963 1965
1967 1965
1970 1968
1971 1966
1973 1965
1975 1966
1973 1979
1968 1965
1960 1969
1955 1968
1958 1971
1961 1964
1962 1968
1966 1967
1969 1966
1966 1963
1973 1964
1972 1966
1972 1968
1967 1968
1964 1968
1964 1967
1959 1970
1960 1969
1962 1965
1967 1965
1970 1965
1974 1964
1977 1965
1985 1968
1976 1968
1966 1966
1959 1969
1964 1972
1961 1966
1960 1970
1962 1970
1961 1969
1966 1965
1967 1968
1974 1968
1973 1967
1974 1971
1972 1972
1964 1968
1959 1970
1957 1970
1958 1971
1958 1970
1961 1969
1965 1970
1965 1968
1967 1970
1990 1968
1964 1976
1969 1967
1965 1964
1964 1967
1959 1971
1958 1967
1957 1967
1957 1967
1961 1967
1966 1969
1970 1969
1970 1970
1970 1970
1968 1970
1962 1968
1964 1969
1963 1969
1963 1967
1960 1966
1963 1964
1964 1966
1963 1965
1967 1969
1968 1986
1970 1968
1963 1968
1966 1965
1964 1966
1963 1965
1960 1966
1958 1962
1960 1963
1959 1961
1964 1963
1970 1966
1972 1970
1969 1969
1967 1969
1963 1967
1964 1964
1962 1966
1962 1966
1963 1965
1959 1964
1966 1965
1966 1965
1980 1967
1975 1966
1967 1966
1965 1973
1967 1971
1965 1971
1960 1969
1959 1965
1958 1964
1959 1964
1965 1963
1968 1965
1970 1969
1968 1964
1965 1965
1966 1967
1966 1971
1963 1972
1956 1973
1960 1970
1959 1968
1957 1965
1960 1964
1959 1962
1980 1966
1965 1973
1970 1969
1966 1967
1966 1970
1964 1972
1960 1971
1957 1970
1960 1970
1961 1971
1962 1965
1966 1959
1965 1966
1967 1966
1966 1967
1966 1967
1966 1971
1961 1968
1966 1975
1963 1970
1961 1971
1958 1967
1963 1966
1969 1965
1967 1957
1966 1970
1971 1963
1968 1969
1968 1968
1966 1968
1965 1969
1964 1967
1961 1968
1966 1967
1966 1969
1967 1967
1967 1964
1965 1962
1967 1963
1968 1965
1969 1968
1965 1968
1969 1972
1966 1970
1964 1969
1963 1964
1964 1965
1965 1964
1968 1982
1972 1964
1969 1966
1964 1958
1968 1961
1968 1968
1961 1965
1963 1961
1974 1950
1969 1980
1959 1964
1964 1961
1966 1960
1966 1960
1944 2001
1969 1949
1971 1964
1969 1966
1966 1968
1962 1969
1970 1952
1962 1976
1959 1972
1958 1963
1973 1983
1966 1961
1935 1999
1962 1954
1963 1955
1969 1965
1958 1966
1966 1965
1980 1965
1964 1971
1961 1976
1956 1961
1962 1969
1958 1964
1938 1999
1957 1952
1964 1954
1965 1968
1964 1963
1963 1966
1973 1949
1965 1971
1958 1974
1980 1971
1969 1973
1960 1968
1954 1991
1949 1949
1963 1952
1961 1965
1962 1964
1965 1967
1954 1973
1973 1974
1962 1973
1965 1966
1964 1970
1964 1963
2000 1967
1946 1944
1968 1956
1959 1965
1962 1962
1963 1965
1925 1966
1979 1984
1966 1970
1995 1956
1961 1976
1967 1964
2037 1959
1949 1929
1964 1965
1964 1964
1966 1966
1964 1968
1963 1968
1964 1967
1969 1970
1967 1967
1970 1966
1972 1968
1970 1968
1967 1966
1970 1964
1970 1968
1964 1966
1963 1967
1965 1965
1966 1968
1965 1969
1982 1950
1960 1986
1971 1964
1978 1960
1961 1951
1958 1965
1972 1967
1966 1971
1965 1968
1968 1970
1963 1973
1967 1976
1958 1967
1963 1966
1966 1970
1966 1972
1962 1968
1963 1966
1966 1971
1964 1969
1961 1967
1963 1965
1962 1959
1970 1982
1970 2003
1959 1981
1961 1968
1957 1964
1941 2014
1957 1942
1964 1971
1965 1969
1960 1966
1962 1966
1971 1948
1968 1973
1968 1970
1962 1969
1962 1968
1961 1967
1940 2023
1961 1946
1962 1966
1965 1966
1961 1967
1965 1966
1980 1936
1935 1980
1969 1998
1963 1956
1959 1971
1967 1958
1922 2034
1964 1950
1958 1960
1967 1969
1961 1965
1964 1964
1979 1946
1966 1970
1965 1972
1960 1962
1966 1964
1967 1964
1948 1985
1962 1959
1963 1959
1965 1966
1965 1965
1965 1966
1965 1971
1918 1965
1969 2011
1956 1954
1962 1966
1973 1964
1961 1968
1964 1961
1968 1966
1969 1967
1961 1962
1964 1961
1963 1969
1975 1965
1960 1975
1965 1962
1965 1971
1958 1967
1990 1962
1945 1960
1972 1955
1964 1969
1964 1965
1963 1967
1952 1966
1911 1967
1964 2046
1960 1958
1957 1965
1975 1967
1961 1969
1957 1961
1963 1961
1969 1968
1964 1964
1963 1963
1934 1966
1981 1975
1961 1971
1959 1963
1964 1964
1963 1970
2021 1963
1945 1935
1966 1972
1965 1966
1962 1967
1961 1963
1960 1968
1931 1974
1960 2049
1960 1963
1957 1961
1973 1964
1961 1967
1952 1965
1961 1974
1969 1972
1958 1966
1958 1963
1938 1966
1968 1982
1963 1972
1955 1962
1962 1964
1963 1967
1966 1970
1958 1962
1960 1962
1972 1969
1965 1973
1959 1966
1963 1962
1931 1970
1973 2029
1965 1966
1954 1965
1976 1963
1969 1954
1952 1969
1957 1962
1971 1970
1967 1972
1963 1965
1965 1963
1967 1952
1970 1976
1960 1962
1959 1965
1967 1968
1959 1964
1957 1995
1961 1950
1966 1971
1965 1964
1964 1966
1967 1966
1939 1965
1963 2020
1969 1971
1950 1964
1978 1955
1966 1949
1939 2005
1962 1964
1968 1967
1972 1971
1963 1969
1965 1963
1969 1957
1972 1975
1963 1968
1959 1963
1970 1967
1968 1973
1960 1968
1961 1962
1967 1969
1968 1973
1965 1966
1964 1964
1949 1957
1967 2007
1961 1972
1940 1963
1985 1959
1973 1955
1952 1974
1961 1966
1966 1968
1964 1971
1960 1968
1965 1965
1968 1972
1963 1969
1963 1964
1966 1964
1970 1969
1965 1969
1965 1964
1967 1967
1967 1970
1966 1969
1967 1967
1965 1968
1996 1976
1987 1886
1967 1981
1942 1967
1982 1952
1968 1955
1979 1970
1940 1952
1971 1957
1963 1965
1962 1966
1963 1967
1928 1970
1977 1982
1961 1968
1967 1967
1963 1971
1960 1965
2035 1968
1943 1934
1967 1964
1963 1967
1965 1967
1967 1966
1840 1967
1944 2124
1966 1998
1948 1970
1969 1975
1974 1953
2038 1965
1941 1932
1960 1967
1969 1960
1963 1965
1970 1968
1964 1971
1965 1966
1966 1968
1966 1970
1964 1968
1965 1966
1971 1966
1968 1972
1962 1962
1964 1962
1969 1967
1966 1971
1960 1968
1989 1933
1963 2006
1960 1960
1944 1980
1975 1976
1976 1957
1966 1968
1960 1974
1967 1970
1966 1968
1963 1968
1964 1968
1966 1975
1962 1972
1963 1971
1967 1971
1963 1968
1965 1967
1965 1967
1967 1967
1967 1967
1967 1967
1962 1969
1963 1967
2153 1824
1956 1964
1968 1973
1950 1960
1952 1993
1975 1970
1970 1957
1965 1965
1964 1971
1967 1967
1965 1968
1966 1972
1962 1969
1964 1970
1963 1970
1965 1972
1963 1971
1966 1969
1963 1970
1965 1970
1963 1966
1965 1968
1964 1970
1965 1968
1933 1960
1983 2017
1956 1967
1975 1948
1954 1968
1958 1982
1970 1970
1970 1961
1964 1968
1964 1970
1965 1967
1968 1964
1963 1965
1963 1971
1966 1971
1967 1968
1964 1969
1965 1966
1966 1969
1966 1969
1964 1968
1964 1969
1966 1970
1961 1968
1863 1973
1997 2065
1959 1954
1966 1972
1985 1943
1955 1969
1960 1977
1967 1968
1965 1966
1964 1966
1963 1966
1966 1967
1964 1969
1961 1966
1961 1965
1963 1967
1967 1969
1964 1969
1967 1968
1968 1967
1964 1967
1965 1967
1964 1966
1963 1965
1963 1970
1991 1963
1966 1966
1948 1969
1984 1954
1968 1954
1960 1974
1966 1974
1970 1967
1968 1966
1967 1965
1969 1964
1967 1966
1966 1965
1964 1966
1965 1967
1964 1967
1966 1969
1968 1970
1964 1968
1966 1968
1966 1967
1967 1967
1971 1966
1964 1965
2018 1912
1958 2005
1951 1960
1951 1983
1979 1966
1970 1954
1961 1969
1965 1972
1968 1965
1968 1967
1968 1967
1969 1969
1965 1964
1963 1965
1966 1965
1966 1967
1965 1968
1968 1968
1967 1969
1971 1970
1965 1965
1965 1965
1967 1966
1965 1964
1957 1955
1948 2011
1962 1961
1938 1969
1967 1984
1976 1954
1967 1961
1966 1968
1968 1968
1965 1966
1963 1964
1964 1967
1965 1968
1965 1968
1964 1968
1964 1966
1963 1965
1964 1965
1965 1967
1968 1968
1964 1967
1966 1968
1961 1968
1965 1966
2016 1967
1991 1928
1961 1971
1969 1944
1948 1970
1958 1978
1981 1946
1969 1967
1959 1971
1964 1963
1964 1965
1967 1972
1951 1983
1958 1958
1965 1963
1971 1974
1960 1970
1960 1963
1984 1928
1965 1968
1963 1975
1962 1961
1970 1968
1962 1969
1941 1982
1968 1970
1964 1956
1960 1975
1982 1947
1951 1958
1965 1980
1974 1970
1968 1975
1960 1962
1964 1964
1964 1967
1964 1966
1957 1961
1964 1960
1967 1970
1965 1968
1959 1964
1943 1959
1974 1966
1964 1973
1961 1964
1961 1962
1963 1966
1983 1962
1935 1943
1960 2012
1957 1961
1949 1982
1973 1970
1930 1949
1976 1975
1962 1973
1963 1965
1965 1958
1969 1966
2017 1967
1944 1932
1965 1961
1962 1962
1962 1965
1967 1965
1933 1968
1977 1985
1962 1962
1966 1963
1964 1968
1962 1962
2032 1962
1803 2012
1968 1977
1962 1965
1959 1945
1950 1976
1907 1973
1979 1983
1967 1961
1965 1967
1966 1965
1958 1963
2029 1964
1949 1928
1958 1960
1965 1966
1959 1966
1965 1966
1964 1969
1963 1973
1968 1969
1964 1968
1962 1968
1959 1965
1963 1965
1937 1970
2006 1956
1956 1949
1959 1972
1985 1946
1951 1962
1956 1971
1965 1968
1964 1968
1960 1965
1961 1964
1967 1970
1961 1966
1961 1965
1963 1964
1966 1969
1962 1969
1967 1964
1964 1963
1964 1973
1960 1965
1959 1960
1970 1968
1970 1969
1959 1966
2008 1911
1960 2007
1949 1961
1947 1977
1977 1956
1987 1909
1962 1984
1962 1968
1961 1962
1966 1971
1961 1967
1930 2014
1963 1951
1965 1964
1965 1971
1963 1963
1967 1967
1972 1960
1967 1969
1964 1965
1965 1961
1968 1964
1966 1967
1963 1966
1823 2035
1981 1991
1969 1970
1963 1942
1946 1970
1985 1955
1979 1963
1967 1966
1963 1962
1971 1965
1968 1965
1964 1964
1967 1960
1965 1964
1968 1964
1963 1967
1962 1965
1969 1969
1970 1966
1959 1971
1962 1958
1966 1966
1961 1964
1971 1962
1869 1964
2006 2021
1957 1952
1962 1966
1978 1938
1938 1967
1973 1984
1960 1974
1962 1961
1963 1968
1963 1964
2009 1963
1945 1950
1966 1963
1962 1963
1960 1966
1962 1962
1945 1969
1977 1975
1960 1972
1960 1963
1961 1966
1963 1968
1964 1967
1962 1969
2083 1943
1952 1994
1970 1959
1968 1947
1940 1953
1962 1990
1964 1979
1965 1962
1966 1969
1963 1971
2018 1967
1952 1931
1958 1965
1967 1965
1964 1969
1963 1967
1965 1969
1965 1972
1960 1967
1955 1963
1964 1964
1967 1973
1962 1970
1964 1967
1920 1966
1995 1987
1955 1955
1940 1970
1968 1973
1980 1956
1972 1967
1952 1962
1964 1965
1970 1966
1962 1970
1960 1960
1965 1962
1969 1968
1966 1966
1960 1955
1968 1963
1966 1964
1964 1973
1959 1962
1963 1962
1970 1969
1967 1972
1964 1961
1963 1963
1996 1938
1952 1998
1967 1955
1976 1940
1968 1940
1960 1993
1959 1967
1964 1963
1965 1968
1960 1964
1942 2008
1964 1946
1965 1966
1967 1964
1964 1965
1969 1970
1960 1970
1954 1960
1957 1961
1965 1967
1964 1968
1964 1963
1956 1990
1961 1955
1941 1920
2000 2003
1954 1959
1943 1969
1990 1942
1971 1968
1962 1973
1957 1962
1961 1970
1962 1967
1960 1962
1968 1965
1972 1969
1967 1967
1963 1962
1965 1963
1964 1967
1956 1966
1960 1963
1966 1965
1965 1970
1961 1964
1965 1962
1966 1966
1929 1966
1989 1942
1960 1992
1969 1958
1963 1958
1963 1963
1967 1965
1967 1966
1963 1963
1966 1964
1966 1965
1969 1965
1968 1965
1968 1965
1968 1965
1965 1966
1963 1964
1963 1961
1966 1966
1967 1966
1965 1966
1964 1964
1967 1965
1965 1963
1964 1962
1964 1984
1983 1966
1958 1964
1925 1966
1977 1979
1958 1973
1958 1963
1962 1964
1965 1969
2036 1966
1940 1937
1964 1963
1962 1965
1961 1967
1960 1964
1909 1968
1976 1991
1964 1969
1964 1969
1966 1969
1961 1966
2040 1964
1940 1925
1962 1963
2007 1965
1968 2020
1971 1976
1924 1963
1970 1993
1961 1965
1965 1966
1967 1969
1963 1966
2014 1965
1948 1931
1961 1960
1968 1963
1966 1966
1967 1963
1968 1967
1966 1972
1971 1967
1969 1969
1964 1964
1961 1960
1967 1965
1965 1970
1961 1965
1966 1962
1964 1957
1977 1955
1963 1968
1968 1963
1966 1971
1963 1966
1963 1964
1968 1967
1969 1971
1965 1967
1963 1965
1965 1965
1965 1965
1965 1966
1967 1966
1974 1967
1965 1969
1963 1966
1962 1966
1964 1967
1964 1968
1964 1968
1968 1965
1966 1969
1956 1967
1953 1937
1969 1973
1963 1967
1964 1967
1963 1965
1968 1972
1963 1970
1964 1969
1962 1965
1965 1968
1965 1967
1965 1965
1963 1971
1967 1972
1961 1974
1962 1965
1964 1965
1962 1968
1965 1969
1965 1967
1967 1972
1964 1964
1965 1966
1963 1966
1952 1927
1973 1952
1966 1967
1968 1968
1965 1967
1966 1969
1964 1966
1963 1965
1963 1965
1966 1965
1966 1965
1966 1964
1968 1965
1966 1962
1964 1964
1964 1963
1967 1966
1962 1966
1964 1967
1965 1968
1968 1968
1966 1968
1964 1967
1962 1966
1961 1963
1963 1947
1965 1970
1969 1965
1966 1968
1962 1966
1961 1966
1961 1966
1960 1966
1961 1968
1963 1968
1963 1967
1962 1968
1963 1968
1961 1968
1960 1963
1963 1965
1962 1968
1967 1967
1965 1971
1964 1970
1959 1971
1960 1965
1961 1968
1963 1969
1958 1969
1968 1969
1965 1968
1962 1968
1962 1967
1963 1966
1962 1965
1963 1967
1962 1966
1966 1969
1963 1967
1963 1965
1964 1962
1965 1964
1965 1962
1969 1964
1966 1959
1966 1963
1965 1965
1965 1965
1963 1965
1965 1965
1968 1965
1967 1966
1968 1964
2017 1956
1966 1962
1967 1966
1964 1963
1965 1964
1962 1965
1965 1965
1968 1968
1967 1968
1965 1966
1966 1968
1963 1966
1964 1965
1963 1963
1965 1966
1966 1966
1964 1964
1961 1966
1963 1966
1961 1966
1962 1965
1964 1967
1966 1967
1968 1967
1978 1965
1956 1949
1960 1956
1966 1966
1967 1974
1959 1964
1961 1963
1985 1925
1967 1987
1959 1970
1959 1963
1964 1968
1962 1969
1962 1974
1961 1964
1963 1965
1963 1970
1960 1970
1961 1961
1986 1933
1965 1976
1966 1970
1964 1963
1968 1968
1964 1964
1930 1987
1963 1958
1968 1959
1973 1971
1968 1964
1970 1966
1977 1944
1970 1964
1965 1969
1968 1960
1968 1967
1966 1964
1947 1991
1957 1959
1964 1952
1966 1967
1965 1965
1964 1963
1968 1956
1971 1963
1968 1974
1963 1967
1961 1963
1964 1965
1974 1966
1951 1961
1965 1957
1963 1972
1961 1970
1965 1966
1941 1971
1976 1967
1955 1977
1960 1958
1967 1969
1963 1969
2023 1964
1935 1947
1966 1959
1961 1964
1963 1967
1962 1966
1937 1967
1974 1978
1963 1970
1964 1971
1959 1962
1958 1964
2018 1962
1949 1942
1963 1965
1965 1965
1963 1969
1961 1963
1910 1965
1975 1991
1964 1966
1961 1969
1967 1965
1964 1971
2024 1965
1938 1922
1959 1961
1964 1960
1967 1966
1965 1971
1930 1965
1968 1990
1968 1968
1964 1968
1964 1968
1960 1962
1992 1962
1953 1936
1951 1958
1966 1965
1962 1960
1964 1963
1958 1968
1969 1977
1973 1971
1965 1964
1966 1966
1962 1961
1970 1961
1952 1967
1958 1952
1965 1967
1964 1963
1968 1967
1963 1965
1967 1959
1970 1967
1967 1968
1960 1965
1964 1959
1969 1966
1967 1970
1961 1964
1975 1967
1965 1965
1963 1968
1961 1963
1965 1962
1968 1967
1965 1968
1963 1963
1969 1965
1967 1967
1963 1963
1962 1960
1966 1965
1967 1967
1964 1965
1964 1962
1965 1965
1964 1964
1965 1964
1968 1964
1971 1966
1969 1966
1966 1963
1964 1961
1966 1963
1968 1961
1965 1961
1967 1965
1967 1959
1967 1969
1959 1967
1959 1964
1964 1966
1965 1967
1961 1966
1966 1963
1968 1970
1963 1969
1961 1964
1960 1964
1966 1967
1965 1970
1961 1970
1960 1965
1966 1965
1966 1971
1959 1964
1962 1960
1970 1966
1968 1970
1962 1963
1963 1959
1961 1966
1974 1965
1961 1976
1961 1960
1964 1970
1959 1969
1987 1963
1941 1959
1967 1956
1960 1971
1962 1967
1961 1966
1959 1965
1966 1967
1961 1969
1960 1966
1957 1966
1963 1970
1960 1969
1958 1965
1961 1965
1966 1968
1960 1969
1960 1967
1941 1967
1974 1978
1961 1972
1959 1962
1963 1968
1962 1967
1999 1970
1950 1950
1964 1965
1964 1964
1965 1967
1964 1967
1949 1966
1971 1973
1965 1974
1959 1965
1957 1960
1966 1967
1963 1969
1962 1962
1968 1964
1967 1971
1963 1972
1950 1955
1950 1962
1967 1985
1970 1973
1956 1965
1965 1967
1962 1970
1980 1963
1960 1941
1952 1959
1968 1965
1964 1970
1966 1966
1958 1967
1968 1969
1967 1970
1960 1966
1963 1962
1969 1967
1966 1968
1964 1967
1966 1964
1967 1969
1963 1970
1961 1963
1954 1964
1964 1970
1967 1967
1960 1965
1966 1969
1962 1969
1960 1966
1956 1980
1957 1955
1973 1972
1964 1971
1960 1967
1962 1963
1973 1952
1966 1982
1959 1966
1963 1966
1961 1965
1963 1967
1962 1968
1964 1967
1966 1967
1965 1968
1962 1965
1961 1964
1964 1967
1966 1967
1967 1967
1965 1968
1965 1967
1963 1965
1957 1975
1959 1956
1965 1965
1971 1971
1963 1969
1962 1963
1980 1952
1964 1974
1964 1970
1963 1961
1973 1972
1961 1967
1949 1981
1957 1960
1962 1960
1966 1970
1958 1965
1962 1966
1967 1963
1966 1971
1962 1966
1963 1963
1963 1965
1968 1966
1963 1966
1966 1964
1967 1966
1966 1965
1966 1963
1966 1964
1968 1967
1965 1967
1967 1963
1966 1965
1969 1964
1968 1966
1967 1963
1967 1966
1966 1965
1967 1966
1968 1965
1969 1966
1967 1967
1962 1966
1964 1963
1968 1966
1964 1965
1963 1968
1965 1966
1965 1964
1964 1966
1966 1966
1967 1968
1969 1969
1963 1966
1967 1965
1969 1968
1968 1967
1968 1967
1966 1967
1961 1966
1965 1965
1965 1964
1967 1967
1965 1964
1967 1964
1967 1963
1969 1965
1969 1965
1965 1953
1967 1965
1967 1965
2024 1966
1954 1929
1954 1963
1967 1959
1962 1967
1964 1962
1938 1964
1973 1989
1971 1970
1965 1969
1965 1967
1962 1965
1987 1962
1952 1941
1958 1957
1968 1964
1961 1965
1966 1964
1957 1967
1967 1968
1968 1973
1964 1965
1967 1967
1963 1965
1971 1964
1946 1978
1956 1950
1965 1965
1962 1964
1964 1966
1963 1969
1975 1938
1967 1981
1963 1968
1962 1972
1958 1967
1964 1966
1966 1970
1961 1967
1963 1968
1961 1964
1963 1966
1966 1968
1961 1967
1961 1966
1964 1966
1968 1971
1962 1967
1965 1969
1967 1968
1965 1968
1959 1964
1963 1962
1965 1966
1963 1964
1965 1964
1964 1963
1965 1966
1962 1962
1965 1964
1968 1965
1968 1968
1966 1966
1967 1966
1967 1967
1961 1965
1964 1963
1969 1965
1967 1968
1966 1965
1967 1965
1968 1968
1967 1959
1966 1966
1967 1966
1969 1964
1966 1964
1966 1967
1967 1969
1965 1965
1963 1962
1965 1961
1966 1965
1969 1967
1967 1968
1967 1969
1965 1966
1964 1967
1965 1968
1963 1965
1964 1967
1964 1968
1964 1970
1965 1965
1963 1968
1964 1971
1964 1969
1967 1962
1965 1968
1966 1968
1962 1966
1965 1971
1964 1968
1964 1967
1961 1967
1962 1968
1960 1970
1964 1969
1964 1968
1965 1967
1966 1966
1967 1965
1969 1967
1965 1965
1967 1966
1968 1965
1967 1966
1964 1968
1962 1968
1961 1970
1958 1965
1961 1966
1966 1963
1967 1962
1968 1963
1971 1962
1969 1964
1969 1964
1967 1964
1965 1967
1963 1969
1964 1970
1963 1970
1961 1969
1960 1965
1964 1963
1969 1960
1970 1961
1969 1962
1969 1963
1968 1968
1963 1969
1961 1970
1958 1972
1958 1970
1959 1968
1955 1967
1961 1964
1964 1958
1969 1959
1969 1960
1969 1961
1965 1968
1963 1965
1966 1973
1962 1976
1954 1973
1954 1970
1959 1960
1964 1979
1957 1958
1964 1958
1969 1955
1968 1960
1967 1963
1965 1966
1965 1970
1964 1975
1959 1976
1958 1973
1963 1953
1968 1979
1955 1966
1963 1958
1969 1959
1968 1960
1940 2018
1968 1943
1968 1967
1967 1972
1959 1974
1961 1975
1980 1938
1961 1986
1963 1967
1962 1957
1970 1959
1969 1956
1947 1988
1969 1945
1968 1957
1970 1970
1964 1973
1968 1977
1974 1959
1963 1979
1960 1971
1957 1963
1965 1957
1970 1958
1944 1988
1966 1950
1966 1952
1966 1968
1963 1971
1960 1975
1971 1973
1961 1976
1959 1981
1957 1969
1956 1960
1965 1961
1965 1955
1954 1951
1971 1949
1970 1967
1967 1969
1962 1971
1950 1978
1970 1975
1955 1982
1957 1962
1962 1964
1959 1958
2014 1951
1944 1939
1973 1945
1971 1961
1971 1965
1967 1969
1935 1973
1973 1983
1957 1974
1962 1974
1955 1965
1963 1956
2024 1956
1949 1925
1971 1949
1972 1955
1971 1965
1965 1965
1941 1975
1972 1989
1957 1980
1953 1970
1961 1967
1957 1966
2028 1957
1947 1918
1964 1959
1971 1958
1969 1966
1965 1967
1943 1973
1971 1997
1967 1978
1959 1981
1954 1968
1959 1968
1974 1960
1960 1936
1960 1957
1973 1959
1970 1964
1968 1964
1974 1971
1965 1974
1969 1977
1957 1969
1962 1964
1971 1970
1989 1960
1953 1941
1954 1942
1974 1953
1969 1959
1972 1962
1965 1966
1973 1973
1970 1977
1961 1970
1966 1971
1961 1967
1961 1962
1947 1964
1955 1943
1968 1956
1965 1958
1968 1960
1966 1968
1974 1949
1968 1984
1960 1970
1963 1977
1955 1970
1957 1965
1935 2010
1955 1940
1964 1963
1963 1958
1967 1963
1965 1968
1987 1923
1966 1987
1968 1972
1963 1978
1957 1968
1960 1966
1962 1969
1962 1964
1963 1962
1965 1960
1965 1962
1969 1964
1968 1968
1967 1967
1967 1973
1966 1972
1965 1972
1965 1966
1967 1967
1963 1968
1966 1960
1968 1960
1971 1961
1967 1965
1969 1965
1970 1967
1968 1970
1968 1971
1966 1970
1965 1972
1961 1967
1963 1964
1965 1960
1969 1961
1968 1961
1969 1964
1967 1969
1967 1973
1965 1971
1964 1971
1964 1972
1963 1971
1965 1970
1963 1967
1964 1961
1963 1962
1965 1961
1967 1965
1965 1966
1961 1970
1959 1967
1963 1969
1961 1970
1961 1968
1962 1966
1966 1964
1961 1960
1966 1961
1967 1963
1966 1965
1966 1963
1965 1966
1962 1969
1961 1967
1964 1968
1966 1969
1965 1967
1964 1963
1967 1965
1960 1960
1966 1955
1966 1964
1957 1966
1976 1975
1965 1976
1958 1969
1961 1967
1966 1974
1960 1972
1956 1963
1965 1964
1966 1969
1966 1965
1964 1959
1965 1966
1973 1973
1964 1974
1958 1969
1962 1970
1962 1976
1956 1972
1954 1964
1964 1964
1968 1968
1968 1963
1969 1959
1973 1959
1979 1967
1972 1975
1963 1962
1962 1965
1968 1974
1959 1977
1953 1964
1962 1963
1968 1968
1969 1964
1969 1955
1978 1958
1976 1957
1972 1968
1961 1959
1965 1969
1965 1977
1956 1978
1950 1969
1961 1965
1962 1969
1964 1962
1966 1956
1971 1957
1977 1960
1970 1960
1969 1963
1965 1968
1962 1975
1950 1981
1945 1996
1953 1960
1964 1974
1966 1971
1961 1957
1969 1952
1984 1940
1983 1971
1971 1960
1967 1962
1965 1970
1961 1975
1950 1975
1951 1972
1961 1974
1962 1968
1966 1959
1974 1954
1982 1956
1977 1956
1972 1957
1973 1962
1968 1973
1959 1977
1954 1977
1952 1981
1953 1982
1954 1974
1964 1963
1976 1961
1977 1959
1976 1954
1974 1953
1973 1960
1963 1965
1957 1972
1946 1981
1950 1985
1947 1982
1953 1976
1963 1972
1968 1966
1973 1957
1977 1955
1980 1948
1974 1957
1969 1960
1964 1970
1957 1974
1953 1979
1950 1980
1952 1977
1959 1970
1967 1964
1973 1957
1978 1951
1978 1951
1975 1952
1970 1955
1959 1962
1955 1970
1952 1974
1951 1978
1952 1976
1958 1975
1962 1968
1969 1958
1973 1953
1975 1951
1971 1951
1968 1955
1963 1963
1955 1971
1951 1976
1947 1975
1951 1978
1953 1977
1964 1971
1968 1966
1971 1960
1975 1953
1975 1951
1973 1953
1966 1959
1961 1967
1957 1971
1951 1978
1954 1976
1956 1973
1960 1973
1970 1967
1975 1961
1978 1956
1975 1953
1971 1954
1966 1957
1960 1963
1956 1969
1953 1973
1954 1977
1953 1977
1962 1974
1967 1971
1971 1963
1978 1959
1977 1957
1976 1960
1968 1960
1961 1962
1953 1970
1952 1974
1951 1978
1951 1977
1957 1977
1964 1968
1973 1963
1977 1960
1979 1960
1975 1958
1970 1958
1960 1961
1953 1964
1950 1971
1949 1978
1951 1978
1957 1974
1964 1970
1970 1964
1978 1961
1979 1957
1979 1956
1973 1956
1966 1957
1960 1964
1954 1967
1949 1968
1949 1969
1955 1971
1963 1968
1969 1967
1978 1963
1976 1957
1976 1955
1974 1954
1968 1955
1960 1963
1954 1966
1949 1970
1949 1973
1948 1972
1957 1973
1963 1968
1971 1966
1974 1961
1977 1960
1972 1958
1965 1959
