3237 2241
3046 2492
2592 2583
1983 2551
1364 2366
891 2072
748 1760
867 1465
1221 1377
1794 1366
2419 1523
2938 1795
3206 2105
3152 2396
2823 2532
2275 2566
1648 2437
1092 2191
771 1889
818 1572
1029 1442
1525 1379
2138 1465
2716 1689
3100 1973
3192 2261
2985 2454
2524 2540
1927 2485
1333 2290
903 2010
804 1697
905 1515
1306 1407
1877 1434
2470 1608
2929 1865
3137 2145
3067 2368
2718 2496
2189 2493
1592 2350
1102 2105
852 1832
856 1604
1140 1469
1628 1438
2209 1556
2716 1768
3028 2031
3074 2270
2850 2430
2405 2485
1849 2398
1324 2198
965 1941
879 1697
1037 1526
1436 1450
1967 1517
2492 1697
2879 1935
3016 2177
2917 2368
2568 2456
2073 2415
1558 2262
1125 2042
966 1806
1003 1615
1296 1499
1750 1509
2252 1637
2699 1840
2902 2068
2918 2278
2680 2412
2264 2425
1780 2316
1322 2126
1092 1910
1034 1692
1216 1550
1586 1519
2033 1599
2522 1764
2743 1949
2856 2188
2731 2336
2413 2395
1990 2340
1540 2199
1254 2017
1114 1793
1184 1633
1463 1556
1850 1587
2306 1702
2582 1856
2754 2088
2729 2257
2497 2351
2145 2342
1751 2246
1434 2085
1235 1893
1223 1714
1404 1614
1717 1607
2075 1681
2402 1819
2620 1997
2666 2168
2534 2276
2268 2307
1944 2261
1607 2148
1385 1990
1293 1816
1389 1691
1619 1643
1925 1667
2241 1783
2464 1904
2581 2078
2522 2200
2329 2261
2053 2253
1767 2175
1527 2042
1406 1893
1432 1774
1585 1708
1823 1701
2090 1765
2325 1864
2469 2002
2475 2125
2347 2196
2138 2215
1899 2143
1667 2098
1519 1961
1490 1846
1586 1768
1764 1735
1986 1779
2201 1831
2353 1951
2394 2064
2326 2139
2177 2172
1997 2127
1781 2106
1629 1997
1571 1896
1621 1826
1734 1780
1873 1856
2106 1823
2249 1914
2326 2012
2293 2088
2186 2128
2052 2095
1855 2100
1719 2030
1647 1943
1656 1870
1744 1819
1848 1865
2036 1825
2168 1897
2243 1980
2244 2043
2179 2091
2073 2079
1923 2088
1794 2035
1720 1965
1701 1899
1753 1853
1853 1866
1981 1843
2110 1889
2186 1955
2204 2011
2161 2058
2058 2072
1963 2075
1842 2039
1774 1984
1748 1930
1779 1883
1861 1864
1960 1867
2062 1892
2134 1940
2164 1991
2145 2036
2072 2056
1981 2050
1889 2026
1821 1990
1786 1949
1799 1911
1859 1890
1940 1887
2024 1904
2091 1931
2128 1969
2118 2005
2072 2028
2000 2036
1924 2028
1854 2002
1817 1964
1820 1932
1861 1905
1924 1898
1998 1906
2059 1933
2092 1963
2095 1991
2065 2016
2011 2024
1943 2019
1886 1999
1848 1977
1842 1953
1865 1928
1915 1916
1973 1919
2025 1930
2062 1948
2072 1973
2052 1993
2012 2010
1963 2014
1912 2007
1876 1986
1866 1963
1879 1944
1909 1930
1953 1925
1998 1931
2031 1944
2049 1962
2043 1980
2015 1992
1975 1998
1934 1996
1900 1991
1884 1980
1887 1968
1903 1953
1940 1942
1978 1935
2013 1938
2032 1949
2033 1964
2015 1977
1986 1988
1951 1998
1922 1994
1904 1987
1901 1976
1913 1964
1935 1956
1964 1948
1986 1945
2005 1942
2014 1950
2010 1960
1997 1970
1976 1981
1951 1991
1925 1991
1916 1987
1916 1980
1928 1969
1947 1955
1971 1947
1992 1940
2002 1941
2004 1950
1997 1955
1983 1971
1965 1981
1950 1989
1940 1996
1934 1991
1932 1981
1941 1968
1955 1958
1969 1946
1982 1940
1991 1939
1993 1942
1989 1952
1980 1968
1969 1982
1959 1992
1946 1998
1941 1996
1940 1986
1950 1969
1957 1953
1966 1938
1977 1932
1982 1933
1987 1941
1986 1954
1984 1969
1976 1986
1967 1998
1954 2005
1946 1995
1945 1983
1945 1965
1953 1948
1962 1936
1972 1928
1979 1930
1986 1940
1985 1961
1980 1980
1971 1996
1968 2005
1957 2004
1952 1995
1947 1979
1943 1958
1946 1935
1955 1925
1968 1925
1981 1932
1988 1949
1993 1967
1987 1988
1977 2002
1964 2009
1949 2004
1938 1991
1940 1969
1942 1949
1949 1932
1961 1916
1975 1923
1985 1933
1993 1955
1990 1982
1984 1999
1970 2010
1960 2011
1948 2002
1935 1980
1930 1959
1939 1938
1952 1927
1965 1918
1981 1926
1989 1942
1995 1964
1992 1986
1980 2006
1967 2015
1946 2012
1937 2000
1933 1977
1935 1952
1945 1927
1962 1916
1976 1915
1989 1924
2001 1949
1999 1973
1991 1997
1973 2012
1955 2017
1937 2009
1929 1991
1928 1968
1938 1945
1955 1928
1971 1915
1987 1920
1998 1933
1998 1951
1992 1979
1978 2002
1960 2015
1943 2019
1927 2007
1923 1988
1925 1959
1941 1935
1961 1920
1981 1914
1998 1921
2004 1938
2000 1960
1987 1981
1969 2002
1945 2015
1928 2016
1919 2003
1921 1982
1930 1958
1951 1934
1968 1921
1990 1915
2003 1925
2006 1945
1997 1970
1974 1990
1955 2006
1936 2015
1925 2011
1920 2001
1929 1974
1942 1955
1962 1933
1983 1923
1998 1923
2005 1932
1998 1952
1990 1973
1970 1994
1948 2007
1948 1993
1925 2007
1926 2002
1930 1972
1955 1947
1976 1928
1965 1948
1995 1911
2002 1928
1990 1954
1974 1973
1954 1996
1941 1999
1933 2010
1925 1998
1938 1979
1949 1963
1967 1941
1997 1928
1986 1908
1998 1918
1994 1943
1979 1959
1963 1982
1924 1995
1943 2014
1925 2005
1937 1990
1947 1976
1961 1949
2028 1937
1972 1904
2000 1920
1995 1935
1983 1947
1967 1969
1906 1989
1953 2018
1932 2002
1942 2001
1944 1985
1957 1960
1976 1947
1987 1933
1993 1925
1996 1933
1986 1949
1964 1959
1951 1973
1944 1991
1937 2001
1937 1999
1948 1988
1962 1976
1969 1958
1979 1938
1987 1928
1989 1934
1980 1937
1971 1952
1963 1972
1950 1988
1940 1993
1940 1996
1947 1992
1956 1980
1965 1963
1978 1951
1983 1938
1986 1934
1981 1940
1973 1952
1963 1967
1952 1980
1949 1995
1946 1996
1953 1994
1963 1984
1970 1969
1974 1957
1979 1943
1979 1937
1976 1939
1971 1949
1961 1963
1957 1970
1958 1994
1952 1989
1950 1987
1964 1983
1967 1977
1968 1959
1972 1945
1978 1944
1970 1944
1959 1945
1955 1954
1965 1942
1959 2000
1951 1988
1960 1993
1966 1989
1964 1974
1939 2033
1971 1928
1970 1945
1970 1944
1963 1948
1960 1958
1969 1945
1955 1988
1956 1988
1957 1987
1969 1987
1975 1977
1944 2011
1972 1946
1969 1942
1965 1944
1956 1944
1956 1955
1953 1969
1950 1978
1957 1985
1965 1991
1969 1989
1973 1977
1958 1982
1969 1950
1967 1945
1962 1945
1959 1948
1954 1956
1957 1958
1957 1975
1955 1990
1964 1981
1971 1985
1980 1978
1978 1965
1967 1956
1971 1939
1966 1947
1957 1947
1947 1949
1942 1958
1962 1969
1955 1987
1967 1980
1976 1987
1980 1980
2015 1968
1962 1951
1974 1942
1960 1949
1953 1946
1945 1949
1920 1959
1963 1975
1955 1983
1966 1981
1978 1983
1982 1984
2037 1974
1961 1938
1973 1949
1964 1947
1956 1950
1948 1948
1952 1959
1949 1971
1953 1974
1964 1976
1980 1982
1987 1979
1993 1969
1984 1961
1983 1957
1971 1955
1950 1949
1942 1946
1925 1953
1954 1979
1956 1976
1962 1977
1977 1978
1984 1976
2025 1972
1979 1933
1972 1955
1974 1945
1959 1951
1948 1947
1942 1955
1947 1968
1953 1977
1955 1974
1974 1977
1984 1980
1989 1974
1985 1964
1978 1954
1976 1955
1961 1951
1951 1949
1944 1951
1942 1961
1958 1981
1951 1975
1969 1976
1980 1981
1982 1977
1980 1974
1972 1947
1977 1957
1964 1951
1952 1950
1945 1955
1942 1958
1944 1966
1954 1973
1965 1980
1972 1982
1980 1977
1976 1998
1975 1952
1972 1958
1963 1952
1951 1952
1942 1949
1951 1931
1952 1977
1952 1973
1961 1976
1972 1980
1979 1985
1959 2025
1981 1950
1973 1959
1969 1955
1952 1950
1949 1949
1940 1957
1941 1962
1947 1968
1962 1978
1971 1985
1976 1980
1968 2000
1980 1963
1979 1964
1973 1958
1954 1952
1944 1950
1941 1941
1943 1960
1940 1966
1951 1967
1973 1978
1985 1994
1982 1987
1983 1973
1986 1969
1975 1962
1954 1948
1947 1943
1943 1947
1943 1949
1935 1961
1952 1962
1966 1983
1981 1988
1984 2001
1983 1976
1989 1965
1977 1966
1960 1949
1944 1939
1928 1930
1938 1944
1930 1948
1949 1961
1966 1983
1981 1995
2021 2003
1983 1983
1996 1984
1976 1977
1954 1952
1934 1931
1889 1919
1932 1928
1926 1931
1950 1950
1973 1977
1992 1997
2078 2016
1995 1997
2010 2011
1984 1992
1956 1960
1930 1929
1851 1901
1910 1912
1907 1898
1935 1924
1971 1958
2007 1996
2037 2031
2046 2049
2036 2044
2007 2022
1964 1984
1922 1941
1886 1902
1864 1873
1872 1866
1907 1884
1957 1924
2010 1977
2059 2028
2082 2067
2080 2080
2044 2063
1993 2026
1927 1972
1867 1910
1835 1864
1834 1840
1866 1847
1914 1876
1988 1936
2058 2004
2102 2061
2116 2097
2097 2102
2041 2076
1961 2020
1882 1950
1820 1884
1791 1834
1806 1818
1863 1836
1944 1886
2031 1952
2109 2028
2149 2090
2144 2122
2093 2116
2013 2074
1914 2007
1831 1926
1778 1859
1768 1814
1806 1803
1886 1836
1986 1899
2080 1978
2149 2055
2171 2112
2145 2135
2076 2114
1975 2060
1869 1983
1790 1902
1753 1838
1766 1804
1830 1812
1926 1854
2034 1924
2122 2004
2171 2074
2172 2118
2121 2124
2033 2097
1925 2036
1829 1961
1761 1883
1748 1829
1789 1811
1870 1832
1977 1881
2082 1955
2153 2029
2178 2089
2151 2116
2078 2107
1975 2063
1874 1999
1795 1927
1760 1864
1774 1833
1830 1828
1928 1860
2028 1918
2113 1986
2160 2048
2159 2090
2106 2100
2020 2084
1922 2028
1835 1964
1776 1902
1771 1860
1813 1845
1886 1859
1985 1894
2074 1953
2134 2013
2150 2058
2119 2080
2049 2071
1957 2038
1867 1986
1805 1932
1786 1888
1806 1865
1870 1868
1954 1896
2040 1941
2105 1990
2133 2033
2116 2060
2063 2058
1982 2037
1900 1998
1833 1952
1803 1908
1813 1885
1869 1881
1942 1902
2019 1936
2084 1980
2115 2014
2113 2038
2066 2045
1993 2030
1919 2000
1856 1958
1821 1923
1824 1895
1865 1889
1930 1904
2007 1936
2070 1973
2105 2007
2100 2030
2061 2034
1997 2022
1922 1991
1862 1955
1831 1923
1835 1903
1869 1896
1931 1911
1999 1938
2063 1973
2095 2008
2095 2030
2058 2037
1998 2022
1928 1992
1868 1955
1834 1921
1832 1898
1873 1894
1935 1909
2001 1938
2062 1975
2099 2013
2099 2037
2062 2040
2002 2026
1930 1996
1866 1956
1830 1919
1830 1895
1865 1887
1928 1900
1999 1930
2065 1970
2099 2012
2103 2035
2071 2050
2008 2038
1933 2010
1868 1968
1829 1926
1818 1893
1854 1878
1915 1888
1992 1917
2058 1961
2105 2003
2109 2037
2076 2050
2021 2044
1944 2019
1874 1980
1825 1934
1815 1897
1838 1880
1895 1879
1971 1904
2048 1943
2102 1989
2119 2032
2096 2055
2037 2057
1960 2033
1884 1993
1827 1948
1807 1908
1826 1882
1883 1878
1957 1896
2036 1930
2095 1976
2122 2022
2105 2049
2055 2059
1980 2043
1901 2009
1836 1964
1808 1920
1816 1886
1861 1872
1929 1883
2017 1914
2087 1971
2112 2008
2109 2038
2062 2054
2013 2051
1917 2031
1844 1973
1808 1933
1807 1896
1856 1877
1902 1876
1993 1900
2070 1950
2115 1998
2115 2031
2051 2048
2036 2068
1944 2039
1865 1994
1817 1945
1807 1911
1897 1881
1874 1847
1974 1893
2046 1933
2101 1978
2119 2022
2039 2047
2051 2073
1962 2040
1893 2007
1833 1962
1809 1916
1904 1890
1854 1837
1947 1884
2023 1917
2085 1960
2112 2006
2058 2039
2064 2077
1983 2041
1911 2016
1849 1975
1814 1931
1875 1897
1853 1843
1925 1886
2003 1907
2064 1946
2103 1990
2096 2025
2064 2046
2016 2050
1934 2024
1868 1982
1834 1942
1834 1911
1859 1888
1919 1881
1989 1900
2051 1939
2086 1977
2094 2009
2072 2039
2023 2045
1956 2028
1895 1996
1855 1962
1837 1924
1857 1896
1905 1890
1966 1903
2024 1929
2071 1962
2086 2001
2074 2022
2033 2042
1970 2027
1912 2003
1871 1973
1849 1938
1846 1938
1892 1878
1955 1906
2009 1922
2058 1954
2084 1989
2077 1996
2043 2043
1981 2024
1928 2006
1888 1979
1861 1953
1852 1938
1888 1893
1939 1901
1996 1920
2039 1945
2066 1973
2097 1961
2050 2036
2003 2033
1942 2010
1899 1990
1867 1959
1832 1968
1885 1900
1922 1900
1979 1917
2022 1939
2056 1964
2077 1991
2049 2019
2008 2026
1959 2013
1911 2000
1875 1969
1836 1968
1874 1915
1909 1898
1962 1917
2005 1931
2043 1953
2062 1980
2053 2007
2014 2024
1971 2011
1928 2004
1892 1976
1874 1957
1865 1925
1903 1909
1944 1922
1988 1927
2023 1945
2037 1973
2050 1998
2024 2016
1984 2011
1943 2003
1911 1991
1905 1965
1868 1938
1902 1920
1934 1923
1975 1926
2013 1942
2034 1965
2039 1986
2028 2002
1996 2010
1957 2006
1922 1989
1945 1974
1873 1938
1902 1934
1927 1929
1963 1929
1995 1941
2007 1960
2039 1980
2020 1998
1999 1999
1971 1999
1943 2000
1909 1981
1895 1956
1907 1942
1928 1939
1953 1936
1981 1938
1985 1954
2029 1992
2021 1989
1998 1996
1980 1999
1947 1997
1955 1980
1900 1926
1903 1947
1925 1934
1946 1939
1977 1941
1998 1951
2017 1982
2022 1988
1999 1992
1980 1991
1955 1991
1937 1978
1916 1954
1906 1944
1930 1940
1946 1937
1968 1939
1993 1951
2008 1963
2016 1983
1997 1984
1985 1989
1969 1992
1940 1985
1922 1967
1920 1956
1930 1952
1939 1944
1956 1935
1986 1948
2006 1948
2014 1985
1995 1980
1991 1989
1970 1989
1948 1982
1919 2013
1921 1944
1929 1950
1942 1945
1958 1943
1980 1950
1989 1959
1998 1966
2000 1978
1992 1989
1972 1989
1954 1982
1925 2009
1930 1952
1934 1955
1944 1950
1957 1947
1967 1948
1996 1932
1995 1970
1991 1973
1985 1975
1979 1983
1965 1987
1948 1982
1939 1968
1935 1958
1938 1957
1949 1949
1963 1947
1987 1944
1995 1965
1986 1973
1981 1972
1974 1980
1965 1982
1955 1979
1943 1969
1945 1966
1949 1957
1952 1950
1963 1948
1977 1958
1988 1961
1978 1972
1978 1969
1975 1978
1966 1983
1953 1978
1946 1971
1947 1965
1951 1964
1951 1956
1962 1953
1961 1956
1989 1963
1976 1973
1974 1966
1974 1974
1970 1982
1957 1982
1946 1971
1951 1966
1951 1966
1955 1959
1962 1955
1947 1957
1991 1970
1973 1965
1976 1965
1975 1973
1962 1976
2021 1973
1928 1950
1948 1963
1950 1963
1957 1963
1961 1958
1924 1961
1987 1982
1974 1967
1973 1967
1969 1972
1961 1972
2038 1973
1932 1938
1952 1966
1951 1965
1956 1964
1961 1961
1916 1961
1984 1986
1977 1963
1976 1971
1971 1972
1958 1972
2016 1969
1936 1933
1948 1964
1955 1960
1956 1962
1965 1961
1961 1961
1974 1976
1980 1968
1975 1966
1974 1971
1964 1966
1964 1967
1954 1969
1952 1963
1952 1962
1959 1961
1964 1964
1965 1960
1973 1959
1975 1964
1974 1966
1969 1966
1967 1963
1963 1972
1959 1971
1956 1968
1954 1964
1959 1965
1959 1960
1966 1962
1971 1962
1975 1965
1972 1966
1971 1966
1969 1968
1965 1971
1955 1966
1954 1966
1957 1967
1958 1965
1960 1961
1965 1962
1973 1962
1972 1962
1975 1963
1972 1968
1966 1970
1960 1968
1958 1965
1959 1965
1957 1966
1958 1964
1958 1964
1964 1964
1966 1960
1971 1961
1973 1964
1973 1969
1971 1970
1966 1970
1963 1969
1957 1963
1955 1966
1956 1964
1958 1962
1962 1961
1968 1960
1971 1965
1972 1965
1970 1968
1968 1968
1966 1968
1965 1968
1958 1967
1953 1962
1955 1961
1957 1961
1963 1964
1966 1961
1969 1964
1970 1966
1970 1967
1970 1966
1968 1967
1964 1968
1962 1966
1959 1968
1958 1969
1958 1964
1961 1963
1963 1964
1968 1966
1970 1967
1968 1969
1970 1967
1965 1968
1965 1967
1961 1965
1958 1962
1958 1959
1960 1962
1964 1965
1961 1961
1968 1965
1966 1966
1969 1967
1967 1969
1967 1970
1962 1969
1956 1964
1959 1963
1957 1962
1957 1963
1960 1964
1964 1964
1963 1965
1965 1966
1969 1969
1967 1968
1967 1972
1965 1969
1963 1969
1958 1966
1959 1963
1956 1963
1959 1953
1960 1960
1966 1965
1968 1967
1968 1970
1969 1970
1965 1970
1965 1971
1963 1970
1960 1971
1957 1965
1956 1965
1957 1960
1960 1963
1960 1963
1965 1964
1966 1969
1969 1968
1966 1971
1965 1970
1962 1969
1962 1966
1961 1965
1959 1967
1961 1962
1954 1960
1959 1959
1963 1964
1964 1966
1968 1969
1968 1971
1968 1977
1964 1971
1963 1970
1960 1967
1960 1963
1961 1963
1957 1966
1958 1965
1959 1962
1961 1965
1965 1965
1967 1971
1968 1970
1967 1971
1966 1970
1966 1963
1963 1965
1961 1964
1960 1964
1962 1959
1962 1963
1966 1967
1970 1964
1966 1968
1965 1968
1957 1985
1963 1961
1969 1968
1968 1974
1959 1964
1958 1958
1983 1945
1967 1969
1963 1969
1963 1961
1968 1973
1965 1966
1941 1987
1962 1964
1966 1959
1967 1971
1963 1962
1964 1963
1966 1964
1964 1963
1965 1961
1970 1965
1969 1967
1969 1964
1960 1963
1953 1965
1965 1955
1964 1969
1963 1965
1963 1962
1962 1963
1969 1961
1965 1970
1961 1961
1968 1962
1964 1963
1996 1964
1946 1956
1966 1955
1961 1967
1964 1963
1962 1960
1939 1962
1977 1969
1958 1967
1961 1953
1963 1962
1961 1962
2032 1961
1940 1938
1966 1961
1962 1964
1963 1966
1960 1961
1931 1963
1971 1975
1969 1963
1966 1968
1962 1960
1963 1961
2040 1964
1946 1926
1963 1964
1967 1966
1965 1970
1962 1965
1915 1963
1973 1989
1961 1965
1962 1966
1961 1967
1959 1967
2028 1966
1945 1928
1963 1964
1966 1964
1964 1967
1965 1967
1924 1967
1967 1988
1961 1963
1963 1964
1963 1965
1959 1962
1999 1966
1947 1940
1955 1962
1963 1963
1961 1966
1965 1965
1963 1966
1969 1974
1965 1971
1959 1964
1959 1970
1958 1963
1962 1965
1945 1989
1953 1951
1963 1970
1959 1962
1966 1967
1964 1967
1960 1966
1961 1965
1963 1968
1960 1968
1955 1964
1961 1965
1966 1970
1962 1968
1965 1968
1967 1972
1966 1974
1961 1966
1961 1962
1965 1966
1962 1965
1962 1965
1963 1964
1966 1968
1961 1968
1967 1966
1968 1972
1969 1972
1967 1972
1970 1969
1968 1968
1964 1971
1958 1966
1956 1960
1961 1963
1960 1968
1961 1964
1961 1964
1969 1968
1970 1971
1968 1970
1966 1973
1969 1972
1965 1967
1957 1967
1956 1961
1956 1960
1953 1958
1946 1971
1957 1954
1968 1961
1975 1974
1969 1974
1969 1968
1984 1970
1979 1972
1967 1977
1958 1960
1954 1957
1948 1954
1947 1953
1947 1953
1963 1953
1974 1971
1970 1972
1977 1970
1970 1976
1992 1980
1971 1983
1966 1964
1960 1965
1950 1960
1966 1949
1933 1943
1957 1949
1962 1961
1973 1966
1981 1972
1976 1980
1986 1979
1981 1982
1969 1976
1965 1969
1958 1967
1952 1957
1937 1947
1948 1944
1961 1956
1962 1962
1969 1961
1958 1975
2001 1996
1983 1989
1978 1983
1973 1978
1956 1971
2001 1957
1929 1923
1940 1950
1945 1944
1952 1950
1963 1956
1979 1970
1984 1981
1981 1982
1984 1985
1979 1984
1965 1980
1983 1965
1943 1928
1936 1944
1949 1943
1947 1947
1959 1947
1970 1962
1978 1974
1978 1980
1982 1981
1986 1986
1976 1989
1959 1976
1948 1959
1946 1952
1950 1949
1942 1945
1949 1941
1964 1951
1972 1962
1984 1981
1979 1978
1980 1988
1978 1987
1969 1983
1953 1988
1942 1948
1948 1954
1944 1948
1955 1947
1960 1953
1968 1944
1980 1979
1973 1974
1977 1981
1983 1984
1973 1990
1959 1979
1954 1963
1949 1961
1950 1958
1947 1950
1955 1951
1972 1940
1974 1979
1972 1971
1976 1977
1979 1983
1972 1985
1962 1988
1955 1967
1958 1968
1955 1967
1944 1953
1951 1949
1983 1919
1969 1975
1972 1972
1974 1971
1979 1981
1971 1982
1965 1976
1962 1971
1956 1969
1952 1964
1951 1959
1954 1957
1957 1962
1961 1960
1969 1962
1973 1967
1978 1975
1974 1975
1974 1975
1960 1967
1960 1962
1960 1969
1954 1962
1955 1955
1963 1964
1970 1959
1963 1966
1974 1958
1978 1971
1973 1972
1979 1971
1957 1971
1966 1961
1955 1968
1953 1964
1951 1958
1956 1957
1959 1957
1969 1961
1971 1964
1974 1965
1976 1969
1976 1971
1972 1970
1966 1969
1960 1964
1953 1963
1952 1957
1948 1956
1963 1959
1962 1961
1968 1959
1976 1962
1979 1969
1976 1972
1972 1967
1969 1971
1964 1971
1954 1966
1949 1961
1949 1959
1952 1960
1957 1957
1963 1958
1971 1962
1977 1966
1977 1967
1979 1970
1975 1972
1966 1971
1953 1967
1952 1964
1950 1963
1951 1961
1949 1958
1956 1959
1968 1962
1972 1963
1981 1966
1981 1969
1979 1973
1971 1969
1965 1967
1958 1970
1951 1968
1945 1964
1947 1962
1951 1959
1959 1957
1969 1960
1977 1963
1981 1966
1982 1967
1980 1969
1970 1973
1962 1971
1958 1972
1947 1965
1948 1963
1951 1960
1956 1962
1961 1960
1971 1960
1978 1963
1983 1965
1980 1968
1977 1970
1969 1971
1958 1969
1952 1970
1946 1966
1946 1966
1950 1962
1958 1959
1965 1961
1973 1962
1976 1965
1975 1970
1976 1969
1973 1973
1967 1974
1960 1973
1950 1974
1946 1965
1947 1965
1951 1963
1959 1963
1965 1964
1971 1966
1973 1965
1975 1967
1973 1971
1966 1970
1958 1972
1954 1971
1950 1971
1946 1966
1949 1966
1955 1964
1963 1964
1967 1964
1974 1964
1976 1966
1974 1967
1970 1971
1963 1973
1959 1972
1954 1969
1952 1967
1952 1968
1954 1964
1961 1962
1965 1962
1972 1962
1978 1963
1976 1968
1972 1970
1963 1970
1959 1968
1956 1971
1953 1970
1956 1969
1956 1967
1960 1966
1965 1961
1972 1961
1973 1963
1974 1965
1975 1966
1971 1970
1964 1971
1958 1968
1955 1968
1953 1966
1957 1964
1960 1964
1967 1962
1968 1966
1975 1961
1977 1962
1975 1961
1972 1965
1968 1966
1963 1969
1957 1970
1956 1968
1954 1966
1959 1963
1962 1963
1971 1963
1973 1963
1972 1960
1975 1961
1971 1964
1971 1966
1965 1966
1962 1967
1957 1968
1956 1965
1962 1965
1957 1964
1967 1978
1969 1959
1974 1956
1976 1948
1946 1963
1969 1993
1982 1969
1965 1960
1966 1965
1964 1973
1970 1968
1956 1953
1956 1956
1970 1969
1971 1965
1971 1964
1970 1961
1970 1965
1975 1972
1962 1963
1962 1966
1964 1970
1961 1968
1957 1973
1953 1949
1950 1969
1969 1986
1965 1962
1969 1962
1983 1939
1976 1972
1952 1971
1960 1968
1969 1965
1960 1969
1946 1997
1961 1950
1965 1970
1966 1968
1966 1963
1972 1965
1980 1934
1973 1978
1965 1960
1966 1965
1961 1966
1958 1964
1920 2046
1961 1947
1961 1964
1971 1971
1950 1965
1967 1961
1990 1925
1956 1971
1978 1964
1967 1954
1954 1967
1958 1975
1927 2033
1960 1951
1957 1960
1961 1972
1966 1967
1966 1963
1993 1927
1967 1968
1966 1970
1963 1962
1967 1967
1965 1971
1939 1989
1955 1969
1961 1961
1963 1971
1964 1968
1968 1968
1992 1950
1980 1982
1964 1979
1954 1956
1968 1978
1968 1962
1963 1962
1937 1967
1962 1965
1964 1972
1962 1963
1960 1966
1956 1967
1980 1965
1968 1967
1973 1971
1962 1968
1964 1966
1984 1974
1949 1963
1962 1969
1963 1975
1963 1974
1965 1969
1941 1969
1982 1971
1968 1970
1989 1947
1969 1980
1956 1968
2034 1974
1951 1934
1968 1958
1959 1974
1961 1980
1968 1969
1928 1965
1975 1985
1964 1965
1972 1970
1965 1964
1966 1961
2006 1970
1952 1949
1959 1968
1965 1972
1966 1975
1965 1971
1939 1973
1973 1984
1973 1966
1965 1961
1972 1959
1991 1959
2011 1967
1960 1930
1955 1955
1978 1959
1955 1972
1962 1979
1961 1966
1971 1985
1974 1968
1973 1965
1969 1965
1967 1961
1998 1967
1952 1952
1953 1954
1966 1970
1967 1975
1961 1972
1960 1968
1974 1968
1975 1975
1972 1964
1974 1968
1967 1965
1970 1960
1948 1966
1959 1955
1964 1972
1959 1964
1975 1961
1963 1967
1980 1952
1973 1982
1975 1961
1973 1970
1969 1964
1971 1963
1942 2021
1964 1950
1962 1970
1964 1968
1965 1970
1968 1972
1989 1926
1970 1984
1973 1967
1972 1968
1970 1967
1973 1968
1971 1973
1967 1970
1955 1953
1968 1975
1965 1973
1967 1963
1954 1973
1964 1982
1976 1971
1976 1965
1966 1967
1972 1971
1971 1970
1970 1972
1968 1970
1970 1972
1965 1974
1960 1972
1965 1972
1967 1971
1967 1973
1970 1969
1971 1970
1972 1971
1970 1969
1967 1967
1969 1970
1966 1974
1964 1945
1971 1976
1961 1969
1972 1960
1961 1969
1959 1980
1972 1976
1975 1964
1968 1966
1961 1969
1964 1966
1969 1971
1962 1971
1961 1969
1960 1971
1975 1976
1960 1977
1961 1963
1965 1969
1967 1967
1976 1966
1956 1965
1968 1966
1969 1975
1959 1974
1955 1968
1935 1968
1986 1996
1960 1972
1971 1960
1977 1955
1963 1970
1981 1974
1961 1961
1970 1967
1970 1976
1962 1976
1956 1970
1942 1970
1975 1986
1964 1975
1965 1968
1973 1971
1968 1973
2015 1966
1959 1943
1966 1969
1972 1973
1967 1977
1969 1976
1967 1978
1959 1972
1954 1968
1975 1990
1969 1971
1967 1966
2003 1955
1963 1944
1959 1972
1973 1971
1970 1971
1967 1970
1967 1974
1966 1969
1967 1967
1967 1968
1965 1967
1967 1966
1969 1964
1971 1968
1968 1965
1973 1967
1967 1968
1967 1968
1964 1963
1969 1966
1975 1977
1966 1965
1938 1966
1971 1986
1970 1971
1954 1962
1975 1963
1979 1960
1967 1973
1961 1970
1971 1963
1974 1954
1974 1983
1964 1966
1968 1967
1972 1969
1971 1968
1971 1979
1967 1961
1976 1968
1974 1973
1966 1965
1968 1964
1983 1949
1972 1984
1965 1967
1971 1965
1971 1970
1963 1968
1955 2028
1968 1961
1958 1962
1978 1974
1980 1961
1969 1969
1963 1975
1966 1970
1970 1967
1970 1969
1968 1969
1968 1967
1972 1969
1973 1969
1973 1970
1969 1970
1969 1971
1969 1970
1969 1969
1967 1970
1964 1972
1968 1971
1964 1966
1969 1967
1971 1968
1970 1968
1990 1969
1968 1980
1961 1970
1959 1975
1973 1972
1983 1963
1960 1973
1960 1965
1971 1966
1971 1974
1965 1967
1963 1961
1973 1966
1974 1973
1968 1969
1970 1966
1970 1972
1975 1973
1963 1970
1962 1964
1969 1969
1970 1975
1960 1968
1965 1966
1972 1968
1966 1974
1969 1990
1966 1972
1961 1972
1966 1978
1970 1961
1968 1960
1965 1975
1966 1974
1965 1967
1969 1969
1966 1972
1963 1969
1966 1966
1970 1972
1968 1971
1965 1970
1964 1970
1971 1970
1964 1969
1962 1968
1964 1970
1965 1969
1968 1970
1968 1969
1969 1970
1958 1970
1968 1964
1963 1977
1969 1966
1968 1960
1958 1970
1961 1977
1969 1967
1970 1966
1965 1969
1965 1975
1972 1973
1970 1973
1968 1971
1965 1971
1966 1971
1965 1970
1965 1973
1964 1968
1965 1971
1967 1971
1971 1971
1972 1971
1972 1971
1970 1971
1968 1971
1969 1963
1983 1987
1962 1977
1962 1964
1963 1963
1961 1976
1954 1985
1967 1943
1969 1969
1969 1966
1971 1966
1972 1970
1986 1942
1971 1983
1971 1969
1968 1974
1963 1968
1965 1966
1938 2022
1967 1949
1969 1969
1968 1969
1967 1967
1971 1967
1995 1922
1968 1982
1969 1970
1973 1971
1968 1972
1963 1965
1924 2044
1954 1956
1970 1970
1972 1962
1972 1966
1973 1972
1969 1968
1970 1966
1972 1971
1971 1971
1966 1966
1970 1967
1970 1971
1969 1969
1967 1966
1970 1966
1972 1970
1971 1970
1971 1968
1974 1968
1972 1969
1968 1968
1963 1970
1975 1986
1973 1970
1961 1970
1961 1966
1971 1975
1978 1963
1971 1965
1969 1971
1971 1976
1976 1968
1971 1965
1970 1968
1971 1969
1969 1966
1971 1963
1971 1969
1972 1972
1970 1969
1971 1967
1972 1969
1972 1968
1976 1967
1971 1969
1971 1970
1966 1968
1969 1967
1974 1988
1968 1965
1959 1970
1961 1969
1974 1976
1978 1962
1970 1967
1970 1974
1972 1971
1970 1969
1969 1969
1965 1968
1965 1967
1965 1968
1964 1968
1966 1969
1968 1967
1971 1970
1970 1971
1969 1970
1970 1967
1970 1967
1970 1970
1966 1970
1965 1972
1962 1967
1972 1986
1963 1966
1956 1973
1969 1973
1979 1962
1970 1968
1964 1976
1970 1977
1977 1967
1964 1970
1962 1969
1963 1971
1964 1970
1963 1971
1968 1963
1962 1968
1966 1969
1968 1970
1968 1972
1969 1971
1965 1971
1965 1968
1965 1972
1963 1973
1964 1974
1964 1985
1966 1974
1961 1968
1965 1957
1957 1973
1968 1977
1972 1968
1969 1962
1965 1972
1965 1971
1969 1970
1964 1969
1963 1971
1965 1970
1967 1970
1964 1971
1965 1970
1966 1968
1966 1968
1967 1973
1968 1971
1967 1971
1967 1969
1967 1970
1967 1967
1968 1968
1982 1968
1965 1979
1959 1969
1958 1972
1970 1971
1976 1958
1968 1966
1944 2005
1969 1962
1971 1966
1971 1971
1967 1969
1965 1969
1979 1948
1970 1971
1967 1972
1968 1964
1970 1968
1967 1967
1942 2002
1962 1968
1970 1960
1971 1974
1968 1971
1965 1967
1974 1954
1983 1994
1964 1981
1964 1959
1969 1956
1959 1973
1963 1972
1962 1959
1977 1950
1969 1974
1968 1974
1970 1967
1965 1967
1970 1967
1969 1970
1968 1966
1966 1961
1969 1964
2000 1963
1951 1956
1971 1963
1972 1970
1970 1972
1970 1970
1953 1971
1985 1980
1967 1973
1971 1984
1966 1962
1953 1965
2037 1966
1950 1939
1978 1957
1968 1967
1967 1980
1974 1970
1947 1968
1976 1987
1970 1972
1969 1974
1966 1965
1963 1966
2010 1962
1956 1944
1965 1964
1974 1968
1976 1972
1975 1973
1957 1972
1979 1979
1973 1978
1964 1965
1958 1972
1979 1974
1983 1971
1949 1941
1968 1957
1979 1956
1966 1974
1966 1977
1959 1974
1974 1985
1979 1974
1964 1974
1967 1968
1970 1969
1978 1968
1962 1950
1955 1953
1969 1967
1966 1966
1967 1967
1970 1971
1970 1969
1977 1980
1965 1968
1970 1966
1956 1972
1979 1958
1951 1992
1960 1945
1969 1960
1961 1967
1956 1973
1970 1969
1979 1947
1974 1982
1969 1977
1965 1970
1967 1970
1967 1970
1938 2014
1958 1944
1966 1968
1967 1971
1968 1971
1965 1969
1987 1934
1968 1984
1968 1971
1970 1975
1968 1973
1962 1965
1921 2039
1963 1972
1964 1966
1959 1961
1971 1961
1971 1962
1986 1924
1963 1987
1973 1975
1973 1971
1965 1976
1966 1972
1929 2050
1964 1952
1964 1963
1964 1969
1968 1967
1969 1973
1992 1927
1975 1979
1971 1978
1974 1976
1970 1975
1965 1973
1967 1977
1969 1974
1959 1968
1970 1977
1963 1964
1971 1961
1968 1968
1961 1978
1974 1979
1978 1971
1968 1973
1970 1973
1971 1972
1967 1972
1967 1971
1966 1968
1967 1972
1965 1970
1966 1968
1970 1971
1970 1973
1971 1972
1970 1972
1975 1973
1969 1973
1969 1971
1967 1971
1967 1968
1985 1961
1967 1970
1968 1971
1964 1963
1981 1960
1971 1963
1968 1973
1973 1975
1975 1971
1970 1970
1969 1966
1968 1968
1967 1967
1971 1970
1969 1968
1970 1967
1968 1967
1970 1968
1972 1970
1971 1969
1971 1969
1969 1969
1969 1966
1968 1969
1968 1966
1949 1969
1972 1955
1969 1974
1968 1966
1966 1967
1962 1979
1975 1969
1977 1963
1970 1969
1965 1971
1969 1971
1966 1967
1967 1970
1968 1966
1969 1968
1974 1969
1969 1965
1973 1972
1972 1973
1970 1973
1968 1971
1966 1970
1966 1972
1968 1969
1969 1969
1971 1968
1986 1981
1974 1972
1969 1967
1964 1969
1973 1972
1980 1959
1965 1978
1958 1970
1974 1974
1971 1974
1961 1967
1966 1962
1975 1955
1975 1982
1964 1964
1982 1967
1974 1973
1971 1973
1972 1971
1969 1971
1968 1971
1967 1967
1965 1967
1967 1967
1969 1965
1976 1970
1985 1964
1965 1982
1971 1968
1972 1959
1965 1975
1965 1982
1971 1976
1973 1969
1968 1973
1964 1973
1965 1969
1966 1970
1968 1968
1971 1974
1972 1973
1970 1973
1969 1972
1971 1971
1969 1973
1969 1973
1966 1971
1966 1970
1965 1970
1966 1970
1967 1971
1959 1965
1977 1985
1969 1967
1963 1978
1959 1971
1969 1973
1976 1967
1962 1967
1962 1976
1972 1971
1970 1973
1965 1968
1968 1969
1971 1970
1971 1970
1969 1969
1969 1969
1971 1973
1965 1970
1964 1968
1967 1968
1967 1970
1966 1969
1965 1968
1970 1968
1967 1968
1988 1966
1964 1975
1969 1971
1968 1963
1969 1962
1957 1972
1964 1978
1971 1964
1969 1962
1965 1967
1969 1969
1970 1969
1970 1966
1968 1969
1971 1968
1969 1968
1968 1966
1969 1969
1967 1969
1966 1969
1965 1966
1967 1966
1968 1966
1967 1967
1968 1968
1961 1967
1971 1988
1967 1963
1963 1971
1959 1967
1960 1981
1973 1965
1971 1965
1967 1970
1967 1967
1967 1967
1970 1966
1972 1969
1973 1966
1972 1969
1969 1969
1967 1967
1966 1968
1967 1968
1965 1965
1968 1968
1967 1969
1968 1968
1966 1965
1969 1967
1966 1966
1992 1957
1970 1970
1968 1968
1965 1962
1974 1961
1968 1963
1957 1974
1965 1975
1973 1968
1972 1968
1967 1969
1969 1966
1968 1968
1964 1969
1968 1970
1967 1971
1969 1969
1965 1968
1966 1968
1968 1967
1968 1967
1968 1968
1969 1969
1968 1969
1962 1963
1957 1966
1970 1956
1967 1976
1966 1965
1990 1906
1956 1983
1968 1979
1971 1964
1972 1965
1968 1973
1927 2042
1966 1950
1961 1966
1965 1968
1963 1965
1967 1969
1993 1920
1968 1977
1969 1972
1965 1973
1964 1969
1965 1967
1928 2043
1962 1955
1969 1963
1966 1968
1986 1960
1964 1970
1982 1928
1966 1968
1977 1964
1971 1963
1959 1975
1965 1971
1959 1992
1956 1959
1966 1962
1962 1972
1965 1968
1969 1969
1960 1970
1966 1967
1968 1973
1965 1973
1966 1967
1970 1968
1973 1974
1962 1970
1965 1966
1967 1968
1966 1971
1963 1968
1969 1989
1967 1970
1959 1971
1960 1966
1964 1975
1973 1974
1973 1966
1965 1969
1963 1976
1969 1971
1965 1965
1964 1967
1966 1975
1967 1970
1967 1971
1967 1970
1967 1970
1967 1970
1968 1970
1968 1969
1971 1970
1974 1969
1965 1970
1963 1967
1962 1966
1982 1965
1961 1973
1969 1969
1966 1963
1972 1963
1959 1970
1965 1977
1971 1969
1967 1966
1965 1968
1967 1968
1965 1969
1964 1965
1966 1969
1966 1967
1969 1970
1972 1970
1973 1971
1968 1970
1969 1969
1969 1969
1968 1968
1968 1971
1968 1968
1966 1967
1959 1964
1975 1980
1969 1962
1960 1967
1958 1969
1971 1977
1976 1959
1967 1963
1963 1970
1966 1969
1971 1964
1965 1965
1962 1967
1964 1966
1967 1965
1967 1967
1966 1969
1968 1969
1966 1966
1966 1966
1966 1965
1966 1969
1966 1965
1965 1964
1961 1965
1971 1965
1991 1960
1963 1977
1969 1967
1980 1931
1971 1981
1958 1972
1966 1966
1971 1962
1967 1966
1935 2014
1966 1954
1965 1960
1967 1968
1966 1966
1970 1968
1976 1959
1966 1976
1964 1972
1960 1965
1967 1966
1965 1970
1955 1972
1959 1957
1969 1968
1971 1974
1962 1967
1972 1962
1988 1942
1964 1971
1964 1977
1969 1961
1971 1960
1961 1971
1944 1992
1956 1963
1962 1956
1965 1966
1968 1970
1964 1971
1969 1974
1978 1969
1966 1980
1963 1968
1967 1969
1965 1972
1970 1969
1950 1963
1963 1959
1965 1970
1966 1972
1977 1973
1948 1975
1981 1981
1968 1975
1965 1962
1954 1974
1969 1978
2003 1963
1945 1948
1961 1966
1963 1969
1961 1970
1966 1968
1941 1973
1981 1977
1965 1974
1965 1967
1966 1968
1967 1971
2031 1968
1944 1935
1959 1967
1966 1968
1963 1972
1964 1966
1926 1967
1987 1991
1968 1972
1963 1973
1967 1962
1974 1963
2016 1961
1946 1932
1958 1970
1969 1968
1966 1972
1966 1969
1946 1969
1968 1987
1973 1973
1964 1970
1967 1968
1967 1971
1997 1969
1963 1939
1956 1959
1969 1967
1963 1967
1965 1965
1962 1971
1973 1978
1975 1970
1976 1974
1966 1965
1961 1970
1975 1973
1967 1961
1955 1952
1960 1973
1969 1972
1970 1964
1969 1966
1969 1964
1972 1979
1973 1972
1967 1968
1971 1969
1968 1971
1958 1992
1966 1948
1971 1970
1971 1971
1965 1967
1973 1970
1973 1959
1974 1980
1960 1965
1974 1989
1976 1969
1966 1971
1953 1976
1960 1966
1980 1968
1975 1966
1960 1968
1966 1967
1993 1927
1976 1978
1964 1969
1966 1968
1976 1970
1972 1968
1928 2042
1962 1948
1965 1958
1972 1969
1964 1968
1967 1969
1996 1919
1973 1978
1971 1970
1960 1970
1970 1971
1967 1970
1927 2041
1966 1940
1954 1968
1962 1972
1969 1963
1968 1963
1987 1931
1969 1979
1973 1974
1975 1968
1969 1969
1970 1966
1943 2009
1958 1953
1966 1959
1966 1967
1965 1963
1967 1971
1972 1974
1980 1973
1970 1974
1978 1971
1971 1973
1982 1956
1983 1973
1955 1958
1972 1957
1971 1961
1964 1969
1964 1975
1968 1974
1971 1966
1967 1969
1968 1975
1971 1974
1967 1974
1966 1971
1965 1972
1964 1973
1964 1970
1963 1971
1967 1973
1968 1972
1966 1974
1969 1969
1973 1973
1968 1975
1970 1972
1978 1957
1980 1981
1966 1970
1960 1966
1966 1965
1972 1964
1963 1969
1962 1979
1972 1971
1972 1967
1969 1969
1968 1974
1970 1974
1970 1974
1967 1972
1967 1974
1966 1974
1964 1966
1963 1967
1964 1970
1970 1970
1968 1970
1970 1972
1970 1971
1968 1972
1964 1972
1971 1989
1969 1969
1962 1969
1956 1970
1964 1979
1975 1964
1967 1963
1964 1974
1968 1972
1974 1971
1972 1973
1972 1972
1970 1968
1970 1966
1968 1970
1967 1969
1967 1971
1968 1970
1966 1975
1967 1969
1968 1972
1969 1973
1972 1970
1969 1970
1973 1971
1969 1970
1964 1976
1966 1966
1966 1959
1956 1974
1971 1972
1972 1966
1968 1965
1964 1968
1963 1978
1974 1969
1970 1970
1969 1972
1967 1970
1964 1967
1968 1968
1968 1968
1969 1968
1968 1967
1972 1969
1971 1970
1971 1969
1972 1967
1971 1970
1973 1969
1993 1969
1966 1977
1965 1967
1961 1967
1967 1973
1973 1965
1970 1962
1967 1971
1974 1973
1976 1972
1968 1971
1971 1970
1970 1972
1968 1972
1970 1972
1971 1971
1968 1969
1971 1967
1971 1968
1972 1969
1970 1970
1968 1971
1973 1972
1970 1972
1970 1968
1987 1954
1963 1973
1969 1969
1960 1967
1964 1974
1971 1966
1972 1960
1964 1971
1969 1971
1969 1968
1970 1970
1968 1980
1966 1970
1966 1968
1966 1970
1966 1967
1968 1969
1967 1968
1967 1969
1965 1966
1968 1968
1970 1970
1970 1974
1969 1972
1972 1971
1967 1965
1968 1968
1964 1967
1969 1963
1954 1974
1967 1977
1976 1967
1969 1965
1967 1971
1968 1972
1970 1971
1968 1969
1966 1972
1967 1974
1966 1973
1965 1969
1966 1971
1962 1972
1965 1970
1965 1970
1968 1973
1966 1974
1964 1968
1965 1972
1965 1971
1993 1969
1972 1974
1961 1970
1967 1958
1955 1969
1963 1978
1969 1970
1968 1967
1966 1970
1969 1972
1966 1968
1968 1970
1967 1968
1969 1968
1966 1967
1969 1965
1968 1969
1965 1967
1966 1968
1967 1967
1968 1969
1969 1972
1970 1972
1967 1973
1965 1972
1966 1970
1974 1989
1964 1965
1957 1971
1966 1970
1969 1972
1970 1965
1967 1970
1966 1974
1970 1972
1971 1972
1969 1971
1968 1970
1967 1966
1966 1968
1965 1970
1963 1968
1965 1968
1969 1967
1967 1970
1967 1964
1967 1966
1969 1968
1971 1968
1969 1971
1961 1969
1965 1991
1965 1965
1959 1968
1963 1966
1970 1972
1976 1961
1968 1966
1964 1973
1975 1970
1969 1969
1970 1970
1971 1972
1968 1972
1969 1973
1966 1970
1970 1970
1947 1992
1961 1966
1971 1961
1971 1972
1968 1969
1968 1966
1977 1972
1977 1965
1961 1980
1965 1982
1969 1971
1958 1966
1975 1961
1953 1953
1965 1959
1965 1975
1969 1970
1967 1967
1955 1969
1974 1973
1966 1975
1964 1970
1968 1967
1968 1972
2005 1967
1946 1956
1968 1962
1967 1970
1967 1973
1968 1968
1969 1972
1975 1974
1973 1972
1960 1968
1974 1997
1965 1978
1955 1968
1969 1972
1973 1964
1966 1971
1961 1968
1964 1968
1972 1971
1968 1970
1964 1971
1966 1970
1966 1970
1965 1968
1964 1971
1965 1970
1965 1971
1962 1969
1962 1970
1965 1968
1963 1971
1963 1970
1968 1973
1968 1973
1967 1971
1982 1973
1962 1984
1960 1969
1960 1970
1966 1973
1966 1966
1966 1971
1964 1975
1964 1970
1965 1970
1967 1970
1967 1972
1969 1972
1969 1973
1965 1974
1960 1970
1964 1971
1965 1971
1965 1969
1966 1970
1966 1970
1968 1970
1974 1972
1967 1967
1966 1970
1976 1968
1962 1981
1957 1960
1965 1973
1968 1970
1961 1960
1957 1966
1974 1947
1972 1985
1965 1968
1964 1967
1966 1966
1964 1968
1957 1983
1965 1958
1968 1969
1971 1974
1959 1970
1961 1963
1983 1927
1967 1982
1965 1969
1964 1961
1973 1967
1967 1968
1960 1990
1960 1962
1964 1965
1970 1980
1968 1962
1959 1960
1988 1936
1964 1979
1963 1972
1961 1962
1970 1968
1970 1966
1946 1988
1967 1964
1967 1958
1972 1970
1971 1970
1966 1974
1976 1960
1968 1972
1961 1977
1964 1961
1970 1967
1971 1961
1952 1985
1965 1949
1973 1955
1964 1965
1972 1971
1969 1966
1967 1972
1966 1972
1965 1980
1965 1971
1961 1961
1971 1963
1974 1960
1967 1953
1976 1956
1981 1968
1972 1973
1962 1965
1943 1969
1977 1979
1962 1980
1954 1968
1964 1967
1964 1966
1997 1957
1963 1942
1971 1944
1974 1967
1967 1965
1974 1972
1931 1972
1973 1985
1951 1981
1955 1974
1962 1966
1960 1966
2045 1958
1945 1923
1968 1959
1974 1957
1970 1966
1966 1967
1933 1974
1970 1999
1962 1977
1956 1980
1957 1970
1959 1970
2024 1968
1955 1921
1962 1960
1971 1970
1971 1965
1969 1964
1940 1967
1968 1995
1962 1978
1954 1986
1957 1971
1958 1966
1966 1969
1955 1950
1965 1954
1978 1962
1975 1967
1966 1961
1965 1964
1967 1983
1975 1983
1954 1976
1957 1974
1954 1975
1955 1966
1960 1961
1961 1951
1978 1966
1975 1980
1973 1965
1967 1961
1973 1955
1973 1980
1952 1980
1958 1977
1959 1973
1957 1972
1951 1978
1958 1949
1970 1963
1974 1961
1971 1963
1974 1966
1978 1946
1970 1988
1960 1974
1957 1971
1957 1973
1957 1968
1931 2035
1960 1939
1963 1962
1968 1958
1974 1971
1972 1961
1987 1934
1977 1975
1966 1976
1957 1974
1959 1973
1955 1973
1929 2004
1959 1951
1965 1962
1973 1963
1969 1961
1975 1964
1974 1970
1968 1968
1969 1972
1965 1977
1960 1976
1958 1967
1938 1991
1959 1956
1966 1956
1967 1964
1968 1961
1981 1986
1979 1963
1978 1965
1972 1969
1966 1967
1961 1972
1964 1973
1932 1989
1947 1946
1963 1951
1971 1963
1973 1960
1973 1961
1987 1946
1980 1973
1971 1975
1972 1968
1966 1973
1959 1966
1959 1982
1948 1953
1961 1954
1959 1960
1966 1958
1997 1961
1966 1969
1983 1973
1972 1968
1969 1972
1959 1973
1958 1970
1997 1965
1938 1944
1960 1957
1959 1965
1961 1962
1968 1961
1932 1964
1984 1985
1968 1969
1973 1972
1968 1971
1959 1969
1961 1969
1956 1971
1953 1966
1956 1964
1964 1961
1971 1966
1979 1968
1966 1964
1968 1968
1969 1968
1958 1977
1967 1975
1966 1967
1956 1969
1958 1969
1958 1964
1963 1966
1963 1965
1964 1965
1971 1966
1971 1966
1971 1968
1969 1969
1967 1972
1964 1971
1969 1972
1959 1969
1957 1967
1959 1966
1965 1965
1965 1964
1978 1960
1961 1974
1966 1967
1962 1970
1972 1971
1966 1965
1961 1969
1960 1972
1959 1969
1958 1966
1959 1961
1963 1965
1965 1967
1969 1966
1973 1970
1969 1968
1964 1970
1961 1971
1963 1971
1959 1969
1958 1971
1960 1969
1962 1970
1961 1970
1965 1967
1968 1964
1963 1975
1971 1965
1971 1963
1967 1969
1964 1968
1960 1966
1961 1963
1962 1966
1960 1968
1962 1964
1965 1967
1969 1966
1969 1966
1971 1966
1970 1970
1970 1970
1967 1968
1963 1968
1961 1967
1958 1968
1959 1966
1961 1966
1963 1965
1971 1968
1972 1993
1972 1966
1967 1962
1967 1966
1964 1966
1964 1967
1963 1966
1958 1969
1958 1970
1962 1963
1965 1965
1969 1964
1970 1962
1973 1961
1974 1964
1971 1965
1968 1966
1964 1970
1961 1971
1958 1970
1957 1969
1962 1970
1961 1965
1968 1964
1975 1962
1981 1975
1974 1959
1970 1969
1968 1968
1965 1971
1963 1964
1957 1972
1958 1974
1961 1967
1964 1967
1965 1963
1970 1960
1972 1960
1976 1962
1975 1965
1972 1970
1968 1973
1960 1974
1955 1972
1957 1973
1960 1970
1965 1968
1967 1966
1974 1960
1995 1962
1983 1959
1975 1960
1969 1962
1971 1965
1965 1969
1960 1980
1958 1976
1956 1976
1959 1969
1964 1962
1969 1962
1976 1959
1979 1959
1978 1960
1975 1961
1969 1967
1961 1971
1957 1976
1956 1977
1955 1980
1954 1972
1964 1972
1970 1963
1974 1961
1988 1958
1973 1962
1975 1961
1969 1955
1967 1966
1961 1977
1955 1980
1952 1982
1956 1979
1959 1973
1966 1969
1970 1964
1978 1961
1978 1961
1977 1958
1972 1965
1964 1973
1959 1974
1951 1978
1952 1982
1959 1981
1962 1976
1964 1972
1969 1965
1978 1956
1981 1975
1976 1958
1971 1960
1968 1966
1961 1972
1953 1978
1951 1978
1952 1980
1953 1977
1963 1971
1971 1968
1975 1961
1976 1956
1974 1954
1972 1956
1966 1961
1960 1970
1958 1972
1956 1978
1952 1979
1954 1977
1959 1974
1967 1968
1972 1962
1999 1955
1978 1957
1969 1957
1969 1956
1961 1966
1957 1974
1953 1974
1955 1976
1954 1978
1960 1971
1968 1967
1972 1964
1974 1959
1972 1954
1974 1956
1970 1958
1964 1962
1959 1968
1956 1973
1951 1975
1955 1977
1959 1975
1965 1970
1969 1960
1972 1961
1979 1976
1975 1961
1969 1956
1965 1960
1960 1960
1953 1964
1956 1973
1980 1974
1942 1958
1964 1961
1969 1969
1971 1965
1974 1957
1954 1957
1983 1969
1965 1965
1966 1963
1958 1970
1948 1967
2003 1968
1934 1947
1964 1964
1965 1969
1974 1964
1978 1963
1931 1974
1984 1976
1965 1955
1967 1962
1954 1971
1955 1970
2032 1975
1935 1940
1961 1968
1964 1965
1971 1965
1978 1965
1928 1964
1986 1987
1973 1959
1967 1967
1959 1968
1950 1968
1954 1969
1957 1975
1957 1973
1964 1970
1971 1967
1976 1969
1986 1962
1971 1962
1968 1963
