3235 2247
3049 2482
2595 2597
1967 2552
1368 2381
898 2071
748 1766
846 1506
1233 1368
1823 1365
2439 1532
2946 1808
3212 2112
3165 2386
2820 2547
2267 2565
1640 2434
1096 2193
776 1895
795 1619
1037 1435
1537 1380
2151 1477
2736 1693
3099 1974
3198 2256
2996 2468
2520 2554
1938 2470
1300 2294
911 2036
787 1723
907 1507
1312 1411
1891 1450
2485 1615
2928 1862
3141 2145
3067 2382
2714 2511
2170 2494
1591 2344
1101 2118
844 1851
850 1607
1147 1463
1641 1451
2213 1562
2714 1774
3031 2025
3084 2285
2851 2445
2393 2481
1844 2399
1325 2187
973 1954
880 1690
1049 1514
1448 1467
1970 1529
2474 1742
2868 1922
3024 2190
2914 2375
2561 2456
2073 2417
1563 2249
1153 2053
950 1804
1003 1602
1302 1504
1759 1517
2242 1685
2679 1837
2917 2088
2914 2293
2671 2413
2265 2448
1789 2293
1351 2140
1074 1900
1035 1702
1230 1552
1592 1525
2012 1658
2470 1765
2767 1985
2865 2198
2732 2343
2416 2398
1999 2322
1569 2202
1243 2002
1113 1791
1201 1642
1473 1567
1847 1607
2267 1704
2601 1890
2767 2101
2725 2264
2519 2345
2155 2360
1765 2244
1431 2078
1233 1888
1233 1732
1411 1624
1707 1602
2069 1682
2414 1818
2627 2007
2665 2169
2536 2277
2267 2315
1939 2266
1606 2152
1375 1977
1301 1819
1394 1698
1649 1647
1918 1667
2249 1770
2477 1926
2576 2078
2521 2214
2322 2271
2069 2259
1754 2171
1540 2030
1411 1889
1430 1775
1641 1705
1810 1678
2102 1761
2330 1875
2465 2009
2470 2122
2337 2201
2150 2227
1886 2183
1664 2081
1524 1959
1500 1852
1585 1771
1765 1741
1995 1767
2206 1850
2352 1956
2383 2069
2329 2151
2184 2186
1967 2166
1778 2088
1638 1989
1576 1904
1631 1832
1738 1778
1921 1792
2118 1848
2256 1928
2319 2009
2280 2084
2195 2148
2037 2140
1853 2092
1722 2022
1650 1946
1672 1869
1748 1815
1888 1810
2050 1852
2171 1913
2237 1976
2256 2061
2184 2091
2057 2117
1906 2076
1799 2038
1726 1959
1708 1907
1755 1874
1860 1833
1997 1862
2116 1904
2192 1959
2215 2013
2168 2061
2072 2076
1957 2070
1850 2040
1772 1992
1746 1932
1773 1913
1859 1854
1968 1874
2068 1901
2112 1949
2172 1994
2140 2043
2070 2053
1974 2051
1885 2040
1826 1994
1792 1953
1789 1946
1854 1886
1941 1893
2031 1909
2095 1938
2128 1972
2136 1979
2077 2044
1997 2045
1919 2027
1857 2008
1818 1969
1782 2012
1860 1897
1927 1895
2001 1913
2045 1933
2118 1961
2119 1961
2073 2019
2017 2018
1948 2020
1883 2012
1852 1978
1818 1993
1862 1923
1918 1918
1978 1924
2031 1935
2064 1954
2089 1976
2065 1999
2022 2019
1970 2018
1915 2008
1884 1989
1870 1970
1866 1942
1914 1927
1959 1932
2006 1939
2058 1934
2055 1971
2057 1985
2022 1993
1985 1992
1934 2003
1907 2009
1888 1986
1889 1961
1909 1954
1945 1953
1985 1942
2015 1936
2042 1952
2039 1970
2023 1984
1993 1989
1963 1998
1930 2000
1908 1987
1907 1978
1918 1968
1938 1958
1963 1943
1985 1929
2019 1954
2020 1954
2018 1950
1995 1976
1974 1994
1957 1987
1934 1988
1918 1994
1919 1990
1931 1974
1954 1958
1974 1953
1993 1945
2005 1944
2013 1947
2003 1960
1987 1975
1970 1987
1950 1993
1939 1997
1933 1993
1937 1984
1947 1974
1962 1960
1985 1960
1986 1933
2004 1926
2000 1939
1984 1964
1986 1974
1978 1981
1957 1996
1943 2006
1941 2002
1946 1989
1950 1972
1958 1959
1972 1944
1979 1936
1988 1937
1989 1946
1987 1963
1983 1978
1975 1995
1963 2006
1954 2011
1945 2003
1937 1988
1948 1991
1958 1952
1957 1942
1967 1935
1984 1943
1992 1941
1988 1961
1979 1991
1974 2009
1969 2011
1960 2010
1947 2000
1947 1983
1950 1962
1956 1943
1965 1932
1976 1929
1984 1937
1990 1950
1990 1971
1985 1993
1975 2007
1966 2013
1944 2008
1948 2018
1943 1974
1935 1951
1946 1931
1970 1925
1988 1916
1986 1938
1984 1965
1989 1989
1986 2000
1973 2013
1958 2015
1949 2006
1945 1985
1946 1960
1947 1940
1959 1926
1971 1923
1983 1929
1995 1946
1997 1969
1995 1992
1980 2003
1967 2019
1954 2036
1943 2002
1932 1980
1932 1955
1948 1944
1972 1914
1985 1916
1993 1935
2002 1960
2002 1981
1994 2000
1972 2016
1955 2020
1941 2012
1935 1992
1934 1971
1943 1949
1961 1931
1979 1921
1998 1924
2002 1937
2005 1962
1997 1985
1991 2007
1963 2023
1942 2026
1923 2014
1916 1992
1932 1981
1958 1936
1973 1920
1988 1921
2004 1930
2017 1940
2013 1961
1988 2001
1968 2013
1942 2024
1922 2024
1910 2009
1914 1987
1935 1958
1961 1932
1994 1914
2019 1909
2032 1921
2027 1941
1990 1971
1981 2026
1944 2023
1915 2030
1912 2014
1902 1994
1909 1973
1947 1943
1990 1909
2024 1895
2042 1910
2052 1929
2037 1961
2005 1990
1961 2028
1918 2047
1886 2046
1872 2023
1884 1988
1915 1945
1966 1905
2018 1881
2060 1882
2081 1905
2059 1947
2040 2020
1982 2044
1919 2068
1881 2068
1844 2045
1837 2014
1876 1958
1937 1900
1998 1855
2057 1846
2094 1870
2106 1912
2087 1977
2029 2047
1950 2094
1885 2113
1833 2094
1814 2051
1828 1976
1882 1898
1971 1808
2043 1819
2101 1813
2125 1859
2134 1941
2076 2027
1955 2178
1921 2124
1844 2135
1795 2105
1790 2026
1831 1928
1929 1807
1994 1786
2086 1767
2136 1804
2147 1874
2123 1980
2009 2144
1962 2148
1872 2183
1809 2172
1777 2097
1792 1987
1881 1834
1943 1787
2039 1746
2088 1750
2151 1797
2149 1918
2050 2090
2016 2121
1924 2188
1836 2214
1790 2165
1783 2068
1836 1906
1897 1831
1984 1748
2074 1717
2133 1756
2152 1838
2109 1993
2044 2068
1973 2167
1883 2224
1821 2205
1796 2130
1805 2017
1876 1898
1941 1786
2045 1725
2097 1719
2127 1784
2136 1883
2073 1994
2020 2107
1928 2200
1862 2216
1824 2173
1778 2079
1863 1977
1912 1843
1991 1755
2054 1729
2101 1753
2116 1838
2088 1951
2033 2065
1961 2155
1897 2201
1845 2187
1828 2114
1850 2010
1900 1904
1971 1815
2026 1777
2073 1759
2088 1811
2088 1897
2037 2008
1980 2113
1925 2166
1875 2174
1853 2129
1863 2047
1893 1951
1947 1856
2005 1793
2053 1776
2077 1810
2071 1880
2042 1973
1998 2066
1943 2132
1896 2152
1872 2127
1874 2073
1899 1987
1927 1886
1991 1837
2031 1796
2059 1813
2064 1855
2029 1945
2005 2043
1955 2100
1912 2134
1883 2122
1878 2067
1903 2008
1927 1916
1977 1851
2017 1816
2050 1826
2042 1896
2033 1917
2007 2016
1970 2080
1923 2116
1898 2111
1897 2053
1907 2018
1921 1922
1971 1870
2007 1828
2034 1817
2011 1918
2031 1906
2016 1998
1978 2065
1941 2104
1913 2110
1904 2058
1901 2024
1921 1948
1950 1877
1987 1840
2022 1832
2027 1883
2031 1908
2018 1986
1989 2059
1946 2100
1916 2101
1929 2051
1908 2036
1910 1975
1945 1891
1978 1847
2004 1822
1997 1877
2025 1900
2021 1967
1999 2044
1968 2089
1939 2107
1930 2069
1918 2045
1916 1978
1935 1901
1961 1850
1990 1828
1999 1860
2014 1887
2019 1952
2004 2033
1981 2087
1955 2108
1935 2101
1932 2054
1939 1993
1931 1922
1950 1864
1962 1832
2003 1847
1994 1869
2011 1933
2004 2019
1986 2077
1967 2110
1931 2109
1947 2076
1932 2017
1936 1937
1954 1872
1965 1838
2014 1831
1977 1850
2001 1921
1996 1993
1990 2061
1978 2100
1966 2114
1949 2083
1961 2021
1946 1968
1947 1890
1952 1846
2038 1827
1970 1813
1987 1896
1991 1970
1981 2040
1977 2088
1950 2109
1971 2105
1953 2050
1952 1974
1957 1907
1966 1856
1970 1833
1978 1840
1979 1886
1980 1950
1974 2019
1970 2071
1957 2104
1969 2110
1970 2090
1954 2007
1953 1928
1968 1877
1977 1830
1964 1826
1967 1865
1978 1929
1972 1997
1968 2053
1950 2090
1968 2116
1977 2086
1963 2023
1971 1957
1973 1896
1973 1851
1967 1832
1971 1855
1970 1907
1965 1969
1965 2031
1968 2080
1978 2100
1978 2114
1968 2040
1969 1980
1986 1918
1975 1868
1963 1850
1966 1853
1964 1890
1958 1947
1956 2006
1963 2061
1971 2081
1978 2107
1973 2056
1976 2007
1980 1947
1980 1897
1970 1859
1964 1849
1961 1878
1953 1924
1950 1976
1956 2033
1964 2041
1985 2099
1974 2063
1986 2013
1984 1970
1980 1925
1977 1881
1967 1851
1967 1871
1959 1914
1946 1957
1946 2007
1978 2023
1968 2081
1971 2071
1985 2035
1994 1996
1988 1941
1962 1916
1967 1866
1962 1870
1957 1903
1946 1941
1947 1990
1968 2032
1955 2063
1969 2061
1970 2041
1985 2015
1995 1957
1976 1948
1964 1879
1966 1866
1957 1895
1951 1930
1946 1971
1952 2014
1964 2049
1965 2058
1984 2043
1989 2017
1993 1972
1996 1937
1968 1886
1978 1882
1960 1896
1950 1919
1939 1958
1925 2011
1961 2048
1952 2046
1984 2048
1991 2018
1986 1987
2040 1956
1965 1893
1978 1897
1963 1902
1956 1919
1947 1953
1900 1985
1961 2038
1957 2040
1972 2043
1980 2031
1988 1998
1992 1964
1988 1932
1981 1908
1968 1904
1961 1914
1945 1940
1951 1989
1944 1994
1953 2021
1977 2024
1968 2027
1983 2010
1994 1975
1994 1948
1984 1923
1977 1911
1967 1917
1955 1932
1947 1958
1948 1986
1951 2014
1956 2026
1970 2023
1981 2010
1988 1989
1989 1961
1987 1937
1981 1924
1968 1918
1968 1922
1956 1953
1943 1978
1949 1990
1943 2020
1963 2027
1974 2009
1981 1992
1988 1970
1990 1948
1986 1932
1980 1925
1974 1934
1958 1947
1952 1970
1955 1991
1951 2006
1960 2011
1968 2012
1978 1999
1985 1974
1989 1957
1991 1937
1984 1930
1997 1932
1968 1949
1959 1962
1953 1972
1961 1987
1953 2007
1961 2013
1970 1997
1980 1982
1985 1965
1989 1946
1988 1936
1983 1934
1975 1940
1967 1955
1961 1977
1952 1992
1951 2003
1957 2007
1964 2000
1972 1988
1983 1973
1986 1958
1968 1944
1989 1934
1978 1948
1970 1950
1958 1963
1947 1989
1955 1994
1956 1997
1959 1998
1968 1991
1972 1977
1980 1961
1988 1951
1988 1940
1981 1939
1975 1943
1970 1958
1963 1970
1958 1987
1957 1996
1956 1998
1958 1992
1965 1986
1973 1974
1977 1961
1991 1965
1983 1943
1980 1941
1977 1942
1958 1968
1956 1981
1955 1987
1952 1993
1958 1995
1962 1989
1969 1978
1975 1966
1979 1956
1981 1952
1981 1948
1976 1952
1968 1959
1964 1965
1960 1976
1958 1982
1956 1987
1960 1984
1966 1980
1982 1989
1976 1964
1978 1956
1978 1947
1973 1958
1980 1957
1973 1959
1963 1969
1959 1976
1957 1981
1956 1985
1962 1982
1968 1979
1973 1973
1978 1968
1979 1960
1981 1957
1977 1958
1973 1961
1969 1965
1963 1969
1957 1976
1957 1975
1957 1982
1981 1975
1966 1991
1965 1973
1972 1974
1982 1962
1983 1953
1975 1958
1973 1966
1967 1965
1961 1961
1958 1978
1957 1977
1963 1979
1968 1979
1975 1976
1976 1971
1986 1966
1983 1964
1979 1960
1973 1959
1967 1962
1961 1966
1954 1970
1948 1973
1964 1998
1966 1975
1969 1973
1985 1966
1982 1966
1984 1970
1985 1967
1978 1962
1971 1961
1963 1963
1960 1967
1955 1971
1957 1975
1959 1976
1963 1977
1973 1978
1982 1974
1983 1972
1987 1969
1982 1966
1975 1964
1962 1964
1954 1965
1965 1958
1952 1972
1947 1965
1960 1966
1964 1981
1981 1969
1990 1985
1988 1977
1984 1966
1984 1966
1974 1966
1958 1961
1944 1951
1945 1960
1947 1966
1949 1966
1960 1971
1996 1956
1992 1986
1990 1987
1996 1971
1994 1976
1981 1964
1941 1981
1957 1948
1937 1950
1932 1952
1933 1958
1956 1969
1978 1973
1991 1982
2000 1997
2003 1985
2002 1981
1989 1975
1976 1960
1937 1950
1942 1937
1930 1949
1928 1951
1939 1957
1946 1975
1992 1991
1993 1999
2008 1997
2012 1996
1995 1987
2031 1966
1940 1962
1943 1936
1923 1938
1929 1937
1929 1941
1909 1968
1980 1995
1996 1998
2010 2006
2017 2002
2018 1998
2036 1983
1958 1941
1950 1944
1929 1936
1915 1931
1922 1935
1906 1954
1971 1981
1985 1992
2006 2000
2024 2007
2030 2006
2065 2002
1987 1951
1953 1951
1937 1926
1907 1931
1912 1937
1901 1943
1949 1977
1978 1986
1996 1996
2025 2006
2028 2012
2063 2002
1995 1954
1962 1959
1948 1948
1919 1935
1904 1927
1914 1936
1925 1967
1958 1974
1989 1993
2015 2010
2028 2012
2047 2008
2005 1996
1980 1969
1956 1950
1936 1931
1902 1928
1899 1936
1908 1930
1949 1967
1970 1981
2002 1999
2028 2017
2031 2018
2015 2024
1996 1970
1973 1969
1935 1945
1912 1930
1904 1927
1908 1917
1932 1959
1955 1963
1991 1984
2019 2008
2057 2015
2025 2020
2015 1994
1990 1973
1942 1959
1907 1939
1899 1918
1922 1881
1919 1951
1949 1957
1979 1973
2017 2002
2037 2016
2009 2066
2026 1995
1994 1986
1961 1969
1925 1941
1900 1923
1913 1891
1909 1933
1935 1946
1972 1962
2024 1995
2032 2012
2002 2074
2023 2011
2011 1993
1976 1974
1927 1955
1900 1933
1907 1905
1894 1919
1924 1938
1962 1955
2000 1977
2039 2004
2040 2037
2038 2019
2024 2003
1984 1998
1942 1968
1908 1945
1885 1930
1889 1917
1901 1922
1940 1936
1986 1965
2035 2019
2047 2009
2057 2013
2041 2012
1996 2011
1951 1985
1914 1954
1873 1937
1896 1925
1892 1926
1924 1928
1973 1950
2012 1976
2102 1997
2036 1999
2051 2020
2020 2015
1974 1999
1931 1969
1875 1948
1889 1938
1888 1923
1911 1925
1950 1945
2007 1958
2100 1985
2048 1966
2051 2012
2031 2019
1998 2010
1955 1981
1891 1961
1900 1949
1887 1929
1902 1916
1941 1931
1983 1951
2055 1975
2040 1976
2053 2006
2047 2018
2014 2016
1972 1996
1922 1973
1906 1952
1889 1940
1895 1923
1952 1901
1970 1944
2003 1965
2027 1976
2045 2006
2049 2015
2021 2014
1975 2001
1941 1985
1916 1970
1903 1954
1891 1930
1920 1927
1951 1938
1992 1955
2017 1978
2033 1985
2045 2009
2022 2013
1994 2004
1958 1991
1925 1969
1904 1952
1903 1938
1936 1927
1939 1945
1976 1951
1999 1979
2029 1968
2033 2001
2022 2014
1995 2006
1964 1994
1940 1958
1918 1972
1904 1946
1913 1935
1936 1939
1971 1947
1994 1970
2016 1970
2034 1991
2029 2008
2003 2003
1973 1992
1964 1953
1923 1975
1918 1950
1938 1935
1933 1952
1962 1940
1958 2006
2008 1961
2018 1991
2028 2000
2007 1999
1988 1996
1962 1990
1932 1970
1917 1951
1921 1942
1931 1942
1948 1938
1976 1955
2004 1964
2024 1982
2024 1999
2009 1998
1989 1996
1968 1988
1940 1976
1929 1958
1930 1966
1925 1949
1943 1934
1969 1936
1984 1953
2011 1980
2022 1990
2010 1997
1994 1996
1975 1994
1952 1982
1931 1968
1922 1950
1929 1942
1938 1940
1958 1942
1983 1950
2003 1970
2007 1985
2007 1993
2000 1999
1983 1996
1960 1988
1945 1970
1937 1979
1926 1954
1934 1935
2011 1933
1939 1928
1988 1961
2006 1968
2008 1989
2001 1993
1943 1997
1977 2013
1946 1980
1933 1963
1930 1953
1931 1943
2026 1939
1946 1906
1981 1954
1999 1967
2003 1984
2000 1994
1938 1998
1977 2018
1954 1981
1944 1976
1927 1966
1932 1945
2010 1935
1938 1906
1969 1959
1991 1959
2002 1978
1999 1989
1961 1994
1977 2016
1965 1989
1949 1979
1935 1963
1935 1950
1943 1947
1949 1944
1969 1946
1988 1960
1999 1973
1999 1984
1996 1989
1988 1995
1971 1992
1958 1991
1939 1971
1938 1956
1939 1943
1940 1950
1968 1952
1983 1953
1990 1968
1998 1977
1999 1990
1989 1992
1974 1987
1957 1979
1947 1972
1941 1961
1938 1951
1947 1946
1959 1948
1974 1956
1985 1963
1993 1974
1997 1983
1988 1987
1984 1990
1970 1983
1948 1988
1939 1963
1938 1945
1936 1951
1951 1955
1968 1950
1981 1959
1988 1971
1994 1980
1990 1987
1983 1992
1970 1989
1954 1982
1948 1971
1942 1964
1944 1955
1948 1949
1959 1951
1972 1958
1983 1963
1989 1976
1989 1987
1992 1992
1977 1990
1956 1996
1950 1974
1942 1963
1935 1959
1945 1956
1954 1948
1969 1952
1978 1963
1989 1973
1988 1982
1986 1986
1976 1991
1964 1987
1954 1982
1942 1971
1941 1963
1945 1955
1955 1953
1963 1953
1973 1957
1983 1968
1987 1976
1966 1987
1984 1986
1969 2001
1957 1980
1950 1965
1943 1964
1943 1959
1951 1954
1961 1951
1971 1958
1980 1962
1986 1971
1987 1978
1982 1986
1974 1988
1966 1987
1957 1981
1948 1970
1945 1961
1951 1955
1956 1953
1966 1952
1975 1960
1984 1965
1977 1975
1984 1980
1975 1995
1970 1980
1964 1975
1951 1974
1950 1967
1952 1957
1956 1950
1965 1944
1974 1956
1980 1963
1983 1971
1984 1978
1979 1979
1982 1985
1964 1984
1960 1975
1957 1970
1955 1962
1956 1957
1961 1953
1972 1954
1978 1957
1981 1966
2006 1967
1976 1986
1974 1979
1963 1974
1959 1973
1950 1972
1954 1966
1961 1958
1966 1956
1970 1956
1976 1958
1981 1961
1982 1968
1980 1975
1974 1978
1966 1979
1958 1971
1955 1970
1956 1967
1959 1966
1963 1961
1969 1959
1977 1958
1980 1964
1995 1954
1981 1974
1978 1981
1964 1970
1963 1968
1964 1940
1952 1994
1950 1961
1955 1959
1967 1963
1973 1961
1974 1972
1979 1963
1981 1971
1978 1979
1967 1975
1959 1971
1979 1932
1952 1984
1949 1971
1951 1956
1963 1960
1968 1961
1963 1984
1974 1962
1990 1969
1980 1978
1963 1975
1960 1973
1987 1933
1953 1975
1950 1973
1950 1959
1958 1962
1962 1959
1951 1979
1971 1958
1981 1961
1983 1975
1980 1978
1968 1978
1973 1974
1960 1973
1951 1978
1946 1963
1954 1963
1961 1963
1955 1965
1956 1959
1984 1973
1979 1971
1965 1972
1966 1973
1958 1978
1968 1968
1953 1978
1951 1964
1956 1963
1962 1965
1977 1963
1957 1954
1976 1958
1978 1967
1978 1969
1974 1971
1948 1975
1977 1976
1956 1976
1951 1963
1953 1965
1960 1962
2029 1963
1938 1939
1977 1950
1975 1971
1974 1968
1971 1960
1918 1972
1977 1988
1958 1968
1958 1973
1955 1963
1959 1963
2035 1967
1948 1924
1971 1961
1976 1959
1977 1966
1972 1966
1920 1963
1970 1990
1954 1966
1956 1968
1956 1972
1958 1967
2037 1966
1943 1925
1984 1961
1970 1972
1972 1958
1973 1956
1923 1964
1972 1989
1959 1966
1960 1966
1958 1972
1956 1969
2021 1965
1950 1934
1967 1960
1973 1962
1973 1962
1975 1961
1977 1962
1971 1970
1965 1972
1958 1965
1959 1969
1957 1968
1963 1968
1970 1970
1987 1962
1969 1971
1973 1963
1971 1955
1971 1960
1963 1957
1964 1961
1961 1965
1964 1966
1961 1967
1964 1968
1968 1973
1969 1969
1970 1967
1972 1965
1974 1965
1966 1959
1965 1960
1963 1960
1960 1962
1958 1964
1964 1969
1966 1974
1967 1973
1965 1959
1978 1973
1970 1971
1968 1966
1966 1961
1968 1940
1959 1972
1954 1963
1958 1957
1969 1968
1969 1977
1966 1974
1966 1971
1974 1974
1970 1975
1965 1968
1963 1963
1977 1944
1962 1968
1952 1963
1954 1956
1957 1966
1958 1969
1938 2000
1969 1974
1978 1979
1975 1976
1962 1972
1964 1972
1977 1969
1969 1953
1953 1967
1954 1956
1959 1967
1955 1963
1956 1964
1955 1972
1977 1966
1975 1979
1971 1972
1968 1968
1969 1966
1959 1964
1953 1961
1952 1959
1956 1963
1956 1966
1958 1966
1966 1969
1972 1975
1970 1981
1972 1966
1973 1964
1950 1971
1974 1966
1956 1966
1951 1956
1956 1960
1959 1969
1956 1970
1958 1964
1970 1966
1975 1974
1972 1971
1971 1966
1954 1970
1979 1980
1958 1970
1954 1958
1954 1960
1958 1966
1960 1965
1963 1966
1968 1970
1975 1969
1968 1972
1966 1963
1956 1965
1974 1979
1966 1974
1955 1967
1958 1967
1953 1962
1984 1964
1954 1942
1956 1963
1971 1967
1971 1972
1974 1973
1973 1971
1968 1972
1961 1969
1964 1970
1961 1972
1958 1967
1973 1963
1957 1960
1958 1959
1976 1987
1973 1968
1961 1968
1963 1966
1975 1971
1976 1981
1961 1968
1961 1966
1962 1970
1957 1966
1956 1973
1953 1948
1967 1968
1965 1963
1969 1968
1973 1970
1971 1972
1969 1968
1969 1971
1969 1971
1962 1967
1961 1967
1961 1973
1954 1964
1970 1985
1965 1974
1959 1961
1971 1964
1985 1935
1980 1984
1969 1969
1969 1970
1964 1971
1964 1968
1955 1990
1957 1954
1965 1962
1970 1970
1961 1965
1963 1958
1985 1949
1976 1977
1965 1966
1975 1965
1974 1973
1969 1972
1962 1978
1961 1964
1977 1971
1964 1970
1958 1964
1961 1956
1978 1953
1977 1969
1971 1968
1974 1965
1974 1970
1971 1970
1967 1976
1962 1970
1961 1968
1961 1967
1962 1966
1964 1965
1966 1963
1967 1967
1969 1965
1972 1969
1970 1971
1970 1974
1967 1973
1967 1976
1966 1971
1967 1981
1959 1961
1957 1965
1962 1963
1969 1968
1971 1964
1966 1969
1969 1968
1968 1974
1966 1976
1963 1972
1962 1971
1961 1970
1963 1970
1960 1965
1964 1966
1966 1967
1966 1967
1969 1969
1969 1972
1968 1974
1962 1970
1964 1971
1963 1971
1960 1970
1958 1976
1960 1964
1959 1961
1958 1967
1969 1968
1968 1965
1970 1971
1967 1971
1963 1973
1961 1969
1958 1968
1960 1967
1962 1965
1962 1965
1922 1966
1976 1992
1975 1969
1966 1968
1971 1964
1975 1971
2031 1971
1951 1934
1956 1963
1972 1965
1956 1963
1957 1963
1936 1963
1966 1984
1977 1971
1972 1967
1974 1973
1965 1966
1993 1966
1953 1957
1956 1952
1961 1966
1956 1960
1960 1964
1956 1963
1969 1956
1970 1971
1972 1964
1973 1971
1970 1967
1974 1968
1973 1971
1964 1970
1954 1967
1957 1976
1962 1968
1957 1962
1961 1955
1967 1958
1972 1965
1971 1965
1971 1964
1976 1968
1970 1972
1967 1967
1964 1967
1964 1967
1962 1965
1961 1961
1965 1962
1964 1964
1966 1962
1970 1962
1974 1964
1974 1968
1970 1970
1968 1968
1966 1968
1957 1961
1953 1962
1956 1963
1966 1959
1967 1966
1972 1963
1971 1963
1970 1963
1972 1964
1969 1967
1967 1968
1965 1971
1962 1969
1958 1968
1957 1965
1959 1967
1963 1964
1968 1962
1972 1965
1972 1966
1969 1966
1966 1967
1966 1971
1963 1967
1962 1971
1956 1954
1957 1970
1954 1961
1962 1961
1960 1962
1966 1963
1967 1964
1971 1966
1973 1969
1969 1969
1965 1971
1959 1970
1957 1966
1958 1967
1959 1967
1960 1966
1963 1964
1966 1964
1971 1964
1971 1964
1972 1965
1973 1967
1966 1964
1964 1971
1954 1970
1964 1966
1956 1970
1959 1962
1957 1966
1960 1965
1965 1962
1968 1962
1970 1968
1967 1968
1968 1969
1963 1968
1960 1967
1960 1966
1959 1965
1961 1967
1962 1965
1966 1964
1965 1962
1966 1964
1967 1963
1970 1964
1968 1967
1970 1967
1969 1972
1962 1982
1961 1974
1956 1962
1966 1966
1965 1959
1967 1964
1967 1963
1971 1966
1966 1967
1965 1965
1963 1966
1962 1967
1963 1968
1963 1967
1965 1970
1963 1964
1964 1963
1964 1962
1968 1962
1967 1964
1968 1964
1967 1966
1966 1969
1963 1968
1962 1970
1966 1967
1954 1975
1962 1952
1965 1971
1970 1966
1961 1963
1965 1961
1971 1944
1973 1976
1961 1965
1962 1965
1960 1968
1958 1965
1942 2024
1955 1942
1962 1966
1966 1963
1966 1964
1967 1964
1975 1947
1971 1980
1958 1964
1961 1965
1969 1966
1958 1955
1927 2023
1956 1947
1963 1963
1968 1967
1963 1967
1969 1965
1982 1942
1965 1977
1962 1966
1962 1963
1965 1972
1961 1967
1920 2031
1959 1955
1956 1958
1964 1970
1963 1969
1964 1967
1986 1940
1965 1971
1968 1974
1959 1966
1961 1965
1950 1964
1950 1988
1954 1959
1964 1956
1962 1971
1962 1964
1966 1964
1972 1972
1974 1962
1965 1979
1964 1963
1965 1970
1959 1965
1963 1963
1948 1964
1967 1957
1968 1973
1967 1968
1968 1966
1960 1970
1978 1967
1959 1973
1961 1963
1968 1969
1963 1966
2027 1954
1935 1959
1962 1957
1960 1965
1967 1970
1968 1961
1937 1968
1978 1979
1968 1969
1971 1973
1962 1966
1963 1964
1999 1966
1948 1949
1961 1963
1966 1966
1967 1967
1971 1966
1947 1968
1979 1973
1967 1973
1964 1966
1966 1963
1971 1968
1970 1973
1957 1989
1963 1961
1962 1969
1969 1962
1961 1959
1934 1966
1978 1993
1977 1968
1966 1970
1969 1967
1966 1970
2010 1966
1953 1932
1956 1961
1968 1964
1965 1969
1964 1968
1932 1960
1971 1983
1972 1969
1968 1967
1973 1973
1965 1967
2005 1969
1915 1926
1966 1956
1963 1969
1961 1955
1964 1969
1968 1968
1970 1973
1969 1973
1961 1968
1965 1971
1962 1971
1968 1969
1951 1976
1954 1953
1966 1966
1959 1966
1965 1968
1962 1968
1974 1947
1968 1980
1963 1967
1967 1972
1962 1969
1966 1968
1931 2036
1990 1921
1958 1994
1956 1956
1962 1966
1967 1968
1963 1969
1967 1966
1968 1970
1963 1973
1962 1966
1966 1967
1971 1973
1967 1971
1967 1966
1965 1969
1968 1970
1964 1967
1965 1963
1970 1967
1970 1969
1965 1968
1965 1967
1969 1970
1964 1970
1924 1970
1982 2007
1962 1960
1966 1972
1968 1963
1963 1966
1964 1964
1968 1966
1968 1965
1971 1969
1969 1970
1968 1968
1966 1965
1964 1966
1965 1968
1964 1966
1968 1968
1970 1970
1968 1970
1965 1966
1967 1967
1966 1968
1969 1968
1967 1971
1972 1968
1980 1950
1980 1975
1966 1968
1958 1965
1969 1965
1966 1957
1965 1966
1969 1969
1967 1967
1968 1966
1971 1966
1966 1967
1966 1967
1967 1969
1967 1969
1965 1967
1966 1968
1965 1968
1964 1963
1965 1965
1962 1967
1966 1966
1965 1966
1966 1968
1968 1969
2002 1942
1965 1998
1975 1962
1958 1956
1964 1976
1967 1972
1958 1962
1962 1964
1970 1973
1961 1971
1958 1964
1965 1966
1974 1972
1966 1971
1962 1965
1970 1966
1969 1971
1964 1968
1962 1962
1968 1968
1966 1971
1963 1967
1966 1969
1969 1974
1904 1973
1989 2026
1962 1957
1971 1973
1976 1955
1962 1966
1969 1968
1963 1970
1964 1967
1963 1966
1965 1970
1961 1966
1972 1970
1970 1975
1963 1962
1963 1963
1969 1962
1970 1976
1958 1960
1963 1960
1972 1969
1967 1973
1962 1967
1966 1967
1971 1972
2061 1920
1989 1962
1960 1966
1975 1951
1958 1967
1959 1964
1965 1960
1974 1971
1968 1970
1964 1965
1968 1965
1975 1971
1968 1969
1963 1962
1968 1965
1968 1968
1964 1965
1964 1959
1968 1964
1968 1966
1964 1964
1966 1965
1972 1967
1969 1970
1971 1965
2065 1898
1962 1979
1972 1967
1958 1951
1953 1979
1972 1964
1969 1955
1966 1964
1970 1967
1969 1967
1969 1966
1970 1967
1969 1965
1967 1964
1967 1965
1965 1962
1964 1963
1964 1964
1965 1966
1964 1968
1964 1966
1966 1969
1967 1969
1969 1969
1968 1970
1997 1936
1955 2005
1959 1956
1946 1976
1971 1970
1969 1957
1965 1968
1966 1969
1962 1967
1966 1969
1965 1968
1964 1968
1965 1966
1965 1967
1962 1967
1960 1964
1960 1965
1962 1965
1962 1968
1964 1969
1964 1970
1962 1969
1967 1967
1967 1968
1920 1971
1947 2092
1964 1990
1943 1963
1966 1976
1973 1953
1962 1965
1965 1969
1962 1967
1965 1969
1967 1971
1967 1970
1963 1969
1965 1969
1965 1968
1963 1967
1964 1967
1959 1966
1959 1964
1961 1963
1963 1966
1964 1967
1966 1967
1966 1970
1965 1970
1925 1969
1968 2011
1964 1965
1956 1970
1986 1945
1957 1958
1954 1974
1962 1966
1967 1965
1960 1971
1966 1968
1968 1969
1967 1970
1969 1976
1976 1974
1963 1963
1962 1962
1968 1962
1965 1964
1950 1963
1957 1947
1961 1968
1965 1960
1967 1966
1968 1968
1975 1954
2015 1946
1959 1953
1976 1962
1970 1941
1952 1966
1936 2011
1963 1940
1963 1967
1963 1963
1965 1969
1965 1967
1984 1932
1967 1980
1969 1964
1966 1968
1965 1966
1963 1963
1930 2035
1962 1943
1962 1966
1970 1963
1963 1968
1963 1971
1963 1965
1928 2003
1993 1944
1968 1969
1968 1943
1950 1973
1969 1977
1967 1962
1964 1964
1966 1966
1969 1969
1966 1969
1969 1965
1966 1967
1966 1966
1964 1965
1966 1962
1969 1966
1967 1966
1966 1966
1964 1966
1968 1968
1966 1969
1966 1967
1967 1969
1969 1968
1830 1903
1967 2004
1965 1964
1950 1960
1981 1956
1960 1956
1961 1979
1965 1972
1962 1967
1964 1971
1963 1973
1967 1974
1960 1969
1968 1970
1964 1971
1959 1968
1960 1968
1960 1968
1961 1968
1962 1968
1962 1970
1964 1970
1964 1971
1964 1964
1965 1968
2025 1977
1958 1994
1967 1966
1961 1957
1981 1950
1958 1962
1957 1978
1966 1967
1966 1968
1968 1968
1964 1970
1966 1966
1966 1966
1965 1967
1965 1967
1962 1967
1965 1967
1962 1967
1964 1967
1964 1967
1964 1968
1966 1966
1966 1967
1969 1970
1965 1966
2120 1880
1962 1968
1974 1964
1958 1954
1982 1950
1962 1958
1961 1975
1967 1966
1967 1968
1968 1969
1965 1968
1966 1966
1967 1966
1964 1967
1964 1966
1964 1965
1964 1968
1964 1970
1966 1971
1965 1969
1965 1969
1964 1965
1965 1966
1968 1967
1966 1965
1943 1859
1957 1987
1968 1951
1976 1959
1966 1948
1954 1966
1969 1971
1973 1967
1955 1991
1965 1946
1970 1966
1969 1968
1966 1965
1967 1971
1968 1949
1967 1980
1958 1962
1964 1964
1964 1968
1967 1969
1936 2022
1969 1946
1965 1965
1969 1969
1962 1964
1933 1933
1978 1961
1972 1974
1970 1956
1967 1946
1956 1968
1960 1974
1927 2029
1965 1954
1964 1962
1967 1972
1961 1967
1964 1963
1989 1930
1966 1973
1964 1975
1961 1964
1966 1968
1963 1966
1929 1993
1962 1964
1967 1958
1964 1971
1965 1961
1964 1964
2093 1985
1957 1994
1967 1970
1971 1939
1961 1964
1953 1979
1958 1973
1948 1958
1963 1953
1964 1971
1962 1967
1964 1968
1963 1965
1970 1970
1966 1969
1967 1969
1961 1965
1965 1963
1991 1968
1946 1954
1966 1954
1964 1963
1966 1965
1966 1962
1952 1965
2014 1900
1960 1996
1970 1957
1977 1941
1962 1961
2020 1972
1942 1942
1973 1960
1968 1967
1966 1968
1965 1960
1942 1964
1973 1973
1967 1968
1965 1969
1962 1962
1964 1964
2002 1967
1957 1947
1965 1963
1969 1964
1972 1969
1969 1967
1942 1962
1907 1981
1963 1940
1955 2004
1971 1955
1968 1942
2004 1974
1957 1931
1959 1959
1972 1964
1967 1968
1969 1964
1943 1964
1969 1985
1968 1965
1966 1968
1964 1968
1966 1963
1986 1969
1963 1949
1958 1959
1969 1967
1966 1964
1968 1966
1970 1966
1966 1966
1952 1967
2029 1916
1962 1988
1952 1959
1951 1981
1975 1970
1962 1937
1967 1970
1966 1969
1965 1963
1968 1966
1965 1937
1975 1983
1966 1963
1966 1965
1967 1967
1967 1966
1940 2010
1967 1942
1967 1966
1969 1961
1969 1968
1964 1963
1983 1935
1969 1977
1969 1963
2080 1877
1957 1986
1965 1958
1907 2044
1970 1954
1974 1952
1964 1964
1965 1969
1966 1967
1993 1906
1962 1979
1969 1967
1968 1969
1963 1966
1968 1964
1926 2042
1965 1949
1960 1961
1965 1965
1966 1969
1963 1969
1966 1969
1967 1972
1965 1974
1960 1964
2053 1922
1965 1963
1970 1971
1949 1953
1953 1989
1971 1975
1966 1961
1965 1967
1967 1970
1967 1970
1963 1969
1969 1969
1967 1980
1963 1971
1961 1967
1963 1967
1966 1971
1964 1967
1965 1967
1964 1968
1966 1967
1962 1968
1966 1967
1967 1970
1970 1970
1887 2029
1983 1956
1966 1968
1966 1947
1951 1977
1965 1972
1970 1965
1967 1966
1966 1966
1967 1965
1965 1968
1966 1966
1967 1968
1968 1970
1969 1970
1966 1966
1966 1964
1966 1965
1964 1965
1965 1963
1965 1964
1965 1965
1964 1966
1964 1964
1964 1971
1953 1966
1993 2075
1963 1956
1952 1974
1955 1971
1972 1964
1971 1954
1964 1964
1966 1966
1963 1962
1965 1969
1966 1965
1965 1967
1968 1967
1967 1964
1968 1964
1969 1965
1966 1966
1963 1963
1961 1963
1963 1964
1964 1964
1966 1967
1965 1968
1963 1967
1972 1967
1984 2078
1966 1962
1956 1976
1952 1963
1958 1987
1970 1961
1959 1960
1962 1965
1963 1967
1962 1969
1966 1968
1963 1972
1964 1969
1962 1967
1964 1967
1964 1967
1962 1966
1965 1968
1964 1967
1963 1968
1961 1967
1961 1967
1963 1967
1962 1966
2007 1969
1975 2014
1957 1991
1964 1962
1966 1948
1947 1972
1961 1977
1967 1963
1963 1968
1961 1966
1966 1966
1965 1966
1964 1966
1965 1968
1963 1966
1963 1969
1962 1964
1963 1965
1964 1965
1963 1966
1963 1965
1965 1965
1961 1968
1966 1968
1965 1968
1967 1967
1994 1941
1956 1996
1972 1962
1973 1946
1956 1961
1962 1970
1967 1964
1963 1967
1966 1965
1965 1967
1965 1968
1963 1966
1966 1967
1967 1966
1968 1965
1966 1969
1965 1966
1959 1964
1960 1962
1964 1964
1963 1965
1964 1966
1965 1966
1972 1967
1968 1968
2029 1920
1968 1981
1971 1966
1957 1961
1968 1962
1968 1968
1965 1965
1964 1964
1964 1966
1965 1963
1962 1966
1967 1966
1970 1969
1965 1967
1964 1964
1965 1967
1964 1966
1963 1965
1964 1966
1961 1962
1964 1964
1965 1965
1967 1966
1965 1967
1961 1966
1935 1929
1989 1997
1957 1962
1963 1972
1963 1966
1963 1969
1962 1968
1964 1969
1962 1969
1962 1966
1962 1967
1965 1968
1965 1969
1965 1971
1964 1966
1962 1967
1960 1966
1964 1968
1966 1970
1964 1969
1965 1968
1964 1967
1965 1968
1964 1964
1967 1964
1929 1966
1967 1990
1971 1970
1962 1967
1963 1962
1962 1964
1964 1964
1965 1964
1968 1964
1970 1967
1970 1968
1965 1965
1968 1960
1963 1962
1965 1962
1965 1964
1966 1966
1967 1967
1961 1964
1964 1966
1965 1966
1964 1965
1965 1965
1968 1965
1966 1966
1963 1965
1949 1939
1963 1976
1963 1963
1961 1966
1964 1966
1935 2023
1956 1941
1964 1963
1965 1965
1961 1965
1965 1960
1984 1921
1965 1978
1963 1963
1966 1967
1963 1968
1960 1965
1927 2040
1959 1940
1960 1965
1962 1960
1963 1963
1964 1965
1989 1912
1964 1977
1930 1948
1970 1971
1961 1965
1963 1964
1921 2041
1962 1948
1958 1971
1961 1966
1959 1965
1961 1963
1984 1935
1963 1971
1964 1971
1966 1967
1961 1968
1959 1965
1962 1967
1962 1967
1962 1964
1964 1961
1967 1969
1963 1968
1959 1960
1962 1963
1965 1964
1946 1968
1970 1945
1968 1967
1969 1970
1969 1965
1963 1964
1967 1964
1966 1966
1966 1963
1968 1964
1968 1967
1967 1966
1961 1963
1963 1964
1962 1966
1963 1966
1965 1965
1967 1966
1963 1969
1962 1964
1961 1963
1965 1963
1965 1966
1965 1966
1965 1967
1947 1968
1954 1975
1964 1969
1963 1967
1964 1969
1964 1966
1963 1967
1965 1965
1968 1969
1962 1967
1965 1965
1964 1966
1966 1967
1964 1966
1964 1965
1966 1968
1964 1966
1965 1967
1965 1966
1966 1966
1964 1965
1965 1963
1966 1962
1969 1964
1964 1967
1965 1967
1981 1954
1960 1970
1965 1965
1965 1967
1967 1968
1967 1964
1969 1966
1965 1965
1964 1963
1963 1960
1965 1964
1965 1965
1965 1965
1967 1968
1967 1968
1964 1967
1962 1963
1961 1963
1963 1964
1963 1969
1958 1955
1969 1967
1964 1968
1957 1964
1959 1961
1974 1964
1971 1998
1960 1967
1969 1969
1962 1966
1960 1965
1940 2016
1952 1938
1960 1968
1960 1964
1959 1966
1961 1966
1967 1946
1963 1976
1959 1967
1959 1963
1963 1966
1965 1964
1939 2013
1959 1950
1961 1964
1964 1967
1961 1964
1964 1968
1961 1962
1958 1971
1957 1969
1963 1962
1969 1968
1967 1971
1927 2008
1968 1951
1963 1958
1967 1967
1963 1965
1965 1964
1979 1959
1966 1969
1961 1969
1962 1960
1968 1967
1963 1966
1935 1992
1959 1961
1961 1954
1964 1969
1958 1963
1959 1964
1974 1963
1970 1965
1967 1972
1986 1966
1960 1963
1965 1963
1965 1968
1949 1958
1966 1956
1966 1970
1964 1967
1961 1965
1954 1964
1973 1967
1965 1973
1965 1969
1965 1965
1971 1967
1995 1964
1946 1952
1966 1955
1964 1964
1964 1964
1969 1963
1954 1969
1978 1967
1961 1971
1960 1958
1969 1962
1974 1990
1968 1965
1966 1964
1971 1963
1967 1967
1961 1963
1962 1961
1924 1965
1982 1986
1964 1968
1964 1963
1968 1963
1967 1968
2002 1964
1950 1940
1970 1967
1965 1964
1961 1965
1964 1964
1943 1970
1968 1977
1961 1968
1960 1964
1964 1967
1966 1966
2002 1969
1956 1931
1960 1963
1967 1964
1962 1966
1962 1963
1956 1964
1963 1985
1970 1971
1959 1969
1965 1964
1967 1967
1962 1966
1961 1952
1958 1957
1969 1966
1964 1968
1964 1968
1966 1969
1958 1966
1967 1973
1959 1963
1963 1962
1969 1964
1969 1966
1957 1977
1956 1958
1964 1966
1964 1962
1962 1965
1963 1967
1969 1941
1972 1981
1959 1965
1960 1963
1966 1965
1964 1965
1943 2019
1961 1940
1966 1967
1965 1965
1962 1965
1962 1963
1977 1928
1965 1978
1969 1969
1963 1966
1966 1964
1969 1968
1928 2037
1960 1941
1961 1960
1966 1967
1962 1968
1961 1968
1989 1918
1963 1979
1963 1967
1967 1967
1966 1968
1963 1964
1926 2036
1963 1947
1963 1963
1965 1966
1963 1967
1963 1969
1988 1929
1964 1975
1965 1969
1968 1970
1966 1968
1963 1964
1936 2010
1958 1950
1962 1959
1971 1967
1966 1963
1966 1969
1973 1967
1971 1971
1962 1971
1969 1964
1965 1968
1966 1965
1969 1968
1968 1968
1966 1966
1967 1962
1967 1964
1967 1965
1963 1963
1967 1964
1968 1969
1964 1966
1963 1961
1965 1964
1969 1964
1964 1963
1966 1961
1969 1964
1972 1966
1965 1960
1963 1964
1965 1965
1962 1968
1963 1966
1966 1966
1967 1969
1964 1963
1966 1964
1966 1966
1965 1964
1964 1965
1965 1966
1961 1970
1961 1966
1961 1961
1962 1968
1963 1969
1962 1970
1963 1968
1963 1966
1968 1968
1964 1967
1963 1966
1964 1967
1956 1964
1965 1970
1960 1966
1967 1968
1963 1968
1967 1970
1965 1969
1967 1967
1966 1968
1963 1966
1966 1967
1964 1967
1964 1968
1966 1970
1964 1969
1962 1968
1962 1968
1965 1965
1969 1969
1966 1971
1967 1969
1967 1968
1966 1967
1964 1966
1964 1963
1965 1967
1962 1967
1969 1969
1969 1969
1967 1970
1967 1967
1968 1966
1968 1968
1968 1967
1968 1968
1967 1967
1966 1970
1963 1965
1962 1967
1962 1966
1965 1967
1965 1971
1964 1969
1967 1969
1963 1964
1964 1965
1965 1965
1964 1966
1966 1965
1966 1967
1964 1968
1965 1965
1963 1965
1964 1968
1964 1967
1966 1967
1965 1968
1967 1965
1967 1966
1967 1967
1963 1965
1960 1964
1966 1965
1964 1967
1965 1967
1963 1964
1965 1967
1965 1966
1963 1965
1963 1966
1964 1964
1962 1965
1965 1961
1965 1966
1965 1966
1967 1968
1963 1967
1953 1969
1960 1964
1965 1963
1967 1966
1966 1965
1965 1966
1962 1964
1963 1963
1963 1964
1964 1966
1966 1965
1964 1967
1966 1967
1967 1968
1966 1966
1965 1965
1965 1966
1966 1963
1966 1964
1967 1966
1968 1968
1964 1967
1966 1965
1965 1963
1967 1965
1964 1964
1967 1977
1969 1965
1972 1965
1968 1965
1968 1963
1967 1966
1965 1965
1968 1965
1967 1968
1965 1967
1966 1965
1968 1964
1967 1965
1959 1965
1969 1966
1970 1966
1970 1968
1968 1965
1967 1966
1965 1964
1967 1964
1965 1965
1966 1964
1966 1966
1966 1962
1972 1962
1966 1963
1968 1965
1966 1965
1966 1964
1965 1963
1969 1964
1967 1967
1965 1967
1965 1968
1964 1966
1966 1966
1963 1965
1967 1964
1966 1964
1967 1966
1964 1963
1966 1964
1965 1965
1965 1961
1963 1966
1961 1965
1963 1968
1966 1966
1965 1966
1965 1968
1961 1964
1962 1963
1968 1962
1965 1966
1962 1965
1964 1968
1963 1965
1962 1963
1965 1965
1966 1966
1966 1965
1967 1966
1968 1965
1966 1965
1963 1962
1964 1964
1964 1965
1963 1962
1963 1973
1965 1966
1968 1970
1963 1965
1965 1960
1967 1964
1970 1964
1967 1966
1978 1967
1960 1965
1961 1964
1964 1966
1958 1968
1965 1966
1965 1966
1968 1969
1967 1969
1968 1966
1970 1964
1968 1968
1968 1965
1964 1964
1967 1966
1965 1964
1964 1966
1965 1966
1967 1967
1964 1966
1967 1965
1967 1967
1967 1964
1968 1965
1969 1964
1968 1964
1967 1966
1967 1967
1965 1966
1965 1966
1966 1967
1967 1967
1965 1966
1968 1966
1968 1967
1967 1962
1963 1966
1963 1965
1965 1968
1964 1968
1964 1969
1965 1968
1964 1970
1962 1969
1964 1968
1963 1969
1965 1967
1965 1967
1965 1968
1961 1969
1958 1965
1963 1964
1960 1965
1964 1967
1962 1968
1962 1969
1955 1969
1968 1965
1963 1970
1958 1963
1965 1964
1967 1970
1962 1971
1958 1963
1961 1963
1961 1968
1957 1966
1958 1962
1939 1966
1978 1980
1964 1971
1962 1960
1966 1965
1961 1966
2015 1966
1946 1928
1949 1967
1958 1962
1956 1969
1955 1962
1934 1963
1968 1988
1975 1968
1964 1966
1968 1959
1966 1964
1965 1965
1955 1954
1955 1964
1961 1970
1960 1970
1956 1964
1960 1961
1966 1971
1976 1966
1965 1960
1972 1958
1970 1964
1966 1963
1961 1963
1952 1958
1964 1971
1961 1969
1958 1962
1966 1965
1966 1949
1977 1974
1967 1955
1975 1958
1976 1964
1968 1963
1954 2003
1951 1943
1963 1973
1958 1969
1959 1969
1962 1966
1974 1939
1972 1973
1969 1956
1969 1955
1974 1960
1968 1966
1940 2031
1962 1943
1960 1975
1958 1970
1954 1970
1955 1968
1978 1931
1969 1970
1970 1964
1967 1957
1974 1958
1967 1962
1930 2027
1967 1950
1958 1970
1958 1976
1955 1973
1959 1971
1979 1944
1961 1970
1968 1965
1966 1957
1974 1962
1968 1964
1930 1998
1963 1961
1956 1963
1958 1977
1953 1971
1958 1971
1967 1967
1958 1966
1962 1968
1963 1955
1970 1960
1967 1958
1953 1982
1952 1961
1960 1958
1962 1978
1954 1973
1951 1972
1953 1972
1962 1968
1961 1970
1962 1961
1965 1955
1972 1960
1987 1961
1948 1958
1964 1956
1961 1973
1961 1974
1958 1974
1948 1971
1971 1974
1964 1973
1964 1952
1967 1959
1972 1955
2030 1960
1946 1941
1973 1958
1967 1970
1963 1972
1956 1969
1925 1968
1971 1980
1965 1969
1966 1966
1967 1956
1971 1959
2015 1956
1954 1932
1970 1959
1970 1966
1965 1972
1965 1968
1964 1975
1957 1971
1959 1965
1965 1963
1966 1966
1967 1957
2028 1956
1958 1921
1962 1963
1970 1963
1963 1972
1965 1969
1938 1972
1965 1994
1967 1971
1961 1970
1965 1959
1970 1963
1982 1961
1962 1937
1959 1958
1969 1965
1963 1967
1960 1969
1965 1975
1961 1979
1966 1977
1952 1963
1963 1964
1963 1960
1965 1962
1959 1964
1956 1951
1965 1966
1960 1968
1960 1965
1962 1971
1962 1965
1968 1981
1957 1962
1961 1962
1971 1967
1966 1966
1959 1957
1966 1957
1971 1966
1967 1969
1960 1966
1964 1967
1971 1940
1969 1983
1959 1963
1967 1964
1968 1965
1963 1961
1936 2031
1966 1935
1964 1964
1969 1964
1962 1968
1967 1969
1982 1942
1965 1979
1965 1969
1959 1965
1965 1961
1964 1961
1937 2008
1968 1951
1964 1961
1968 1968
1963 1967
1969 1969
1975 1958
1967 1980
1959 1969
1958 1962
1966 1965
1968 1970
1928 2002
1959 1955
1965 1954
1967 1971
1960 1966
1962 1968
1981 1950
1965 1975
1962 1972
1963 1971
1961 1968
1964 1963
1955 1975
1954 1948
1968 1955
1966 1966
1965 1965
1966 1968
1952 1961
1972 1972
1962 1974
1968 1968
1964 1967
1966 1960
1999 1964
1947 1942
1970 1953
1965 1963
1968 1964
1967 1969
1928 1965
1977 1979
1959 1971
1967 1970
1959 1966
1964 1962
1969 1964
1967 1964
1963 1962
1966 1960
1968 1966
1964 1967
1960 1966
1963 1968
1963 1974
1961 1972
1959 1966
1964 1965
1965 1966
1965 1964
1967 1964
1970 1967
1970 1968
1961 1965
1963 1968
1962 1975
1959 1972
1957 1970
1962 1970
1961 1968
1962 1965
1966 1962
1970 1964
1970 1961
1970 1965
1969 1966
1967 1967
1963 1970
1961 1971
1959 1969
1961 1968
1960 1968
1963 1964
1963 1963
1967 1959
1972 1961
1973 1961
1973 1964
1968 1969
1967 1972
1960 1972
1958 1978
1955 1974
1958 1973
1958 1972
1961 1967
1966 1965
1968 1961
1972 1962
1976 1964
1972 1964
1966 1971
1963 1973
1954 1977
1955 1976
1954 1976
1953 1974
1960 1969
1965 1965
1972 1962
1975 1959
1972 1957
1974 1961
1972 1966
1965 1970
1963 1973
1956 1976
1953 1979
1951 1971
1958 1967
1962 1965
1970 1960
1975 1959
1977 1952
1980 1957
1976 1959
1970 1964
1959 1970
1957 1975
1954 1975
1953 1977
1954 1975
1958 1967
1966 1964
1972 1958
1976 1955
1977 1957
1972 1957
1967 1964
1960 1969
1954 1975
1949 1979
1948 1981
1950 1980
1954 1971
1963 1965
1971 1961
1975 1954
1979 1953
1975 1955
1972 1959
1971 1969
1955 1970
1951 1978
1949 1980
1953 1982
1954 1976
1961 1969
1968 1962
1976 1954
1980 1951
1980 1954
1976 1958
1968 1961
1962 1970
1954 1976
1950 1978
1948 1979
1954 1980
1960 1976
1968 1967
1974 1961
1978 1956
1981 1953
1973 1955
1968 1963
1963 1967
1957 1974
1951 1981
1946 1981
1948 1979
1956 1976
1964 1974
1972 1966
1979 1958
1981 1956
1977 1954
1972 1954
1966 1961
1958 1967
1955 1975
1950 1979
1953 1978
1955 1975
1964 1971
1971 1966
1975 1956
1981 1954
1981 1952
1975 1956
1966 1957
1959 1965
1953 1971
1948 1974
1949 1978
1953 1979
1959 1976
1966 1966
1973 1962
1979 1958
1978 1955
1973 1957
1969 1961
1962 1966
1953 1968
1946 1975
1949 1977
1952 1977
1955 1973
1965 1969
1971 1962
1978 1958
1979 1960
1978 1954
1973 1954
1965 1961
1952 1963
1949 1968
1949 1974
1950 1976
1958 1973
1967 1970
1976 1964
1982 1957
1982 1952
1980 1950
1976 1954
1969 1959
1960 1965
1949 1972
1946 1976
1944 1980
1951 1975
1959 1971
1967 1968
1977 1963
1980 1959
1980 1958
1972 1956
1967 1961
1960 1968
1951 1972
1949 1977
1947 1979
1948 1981
1957 1974
1966 1971
1973 1963
1980 1959
1984 1957
1982 1958
1971 1961
1963 1961
1955 1966
1950 1974
1948 1977
1951 1976
1956 1975
1964 1972
1972 1965
1979 1961
1983 1958
1980 1957
1973 1957
