3173 2300
3225 2516
2982 2593
2480 2538
1855 2314
1267 2008
842 1708
757 1473
899 1355
1327 1394
1928 1579
2547 1859
3016 2166
3228 2423
3125 2563
2734 2551
2151 2400
1529 2137
1016 1842
760 1576
817 1417
1115 1389
1645 1509
2265 1743
2813 2035
3146 2311
3187 2490
2916 2539
2414 2464
1792 2248
1240 1957
866 1683
786 1489
965 1409
1418 1470
2006 1659
2576 1925
2991 2200
3156 2415
3022 2517
2625 2477
2067 2313
1491 2064
1036 1794
820 1575
893 1453
1227 1461
1750 1599
2324 1825
2797 2097
3067 2323
3066 2460
2773 2467
2304 2366
1737 2167
1235 1904
939 1658
888 1505
1109 1467
1543 1553
2076 1747
2579 1993
2922 2232
3025 2398
2865 2461
2484 2397
1975 2226
1475 1997
1100 1763
949 1583
1050 1496
1383 1533
1858 1676
2353 1895
2748 2126
2941 2335
2901 2419
2608 2401
2182 2278
1704 2093
1288 1869
1063 1658
1066 1542
1286 1534
1670 1633
2131 1810
2540 2027
2803 2226
2855 2359
2687 2394
2342 2324
1910 2161
1497 1959
1209 1762
1117 1616
1238 1562
1537 1605
1942 1739
2343 1929
2643 2129
2748 2307
2698 2357
2442 2331
2070 2215
1703 2035
1385 1858
1215 1705
1255 1610
1462 1616
1787 1706
2150 1858
2463 2034
2644 2191
2659 2293
2498 2309
2209 2245
1866 2114
1556 1951
1357 1791
1311 1684
1431 1646
1680 1687
1997 1801
2299 1952
2512 2108
2578 2211
2508 2277
2280 2241
1987 2159
1710 2012
1507 1863
1411 1761
1447 1701
1625 1710
1880 1785
2148 1898
2364 2029
2477 2143
2458 2208
2317 2214
2090 2158
1843 2062
1633 1943
1508 1830
1509 1758
1616 1741
1812 1779
2037 1866
2239 1975
2369 2077
2393 2148
2305 2184
2151 2147
1936 2070
1739 1972
1622 1874
1580 1816
1629 1787
1772 1799
1962 1855
2141 1939
2273 2027
2322 2096
2283 2134
2163 2129
1997 2084
1829 2010
1700 1928
1652 1860
1671 1818
1773 1818
1919 1856
2071 1922
2196 1994
2250 2062
2242 2097
2162 2122
2040 2068
1894 2021
1769 1958
1711 1889
1719 1848
1783 1848
1884 1873
2017 1912
2134 1969
2202 2025
2205 2061
2153 2079
2056 2069
1939 2028
1832 1978
1761 1905
1764 1898
1804 1869
1881 1873
1983 1910
2088 1958
2147 2041
2143 2022
2129 2060
2059 2068
1967 2024
1875 1985
1805 1909
1812 1917
1818 1893
1873 1903
1955 1912
2041 1939
2104 2048
2096 1996
2113 2039
2062 2041
1986 2026
1906 1998
1849 1914
1847 1943
1835 1910
1879 1907
1943 1916
2008 1937
2067 2040
2057 1989
2095 2014
2058 2029
1999 2010
1955 2013
1879 1974
1838 1954
1844 1933
1883 1908
1934 1920
1983 1943
2040 1961
2072 1980
2073 2001
2051 2016
2008 2016
1954 1999
1909 1986
1884 1965
1875 1940
1889 1928
1922 1928
1972 1939
2011 1951
2043 1967
2055 1987
2047 1998
2015 1999
1978 1986
1950 1995
1904 1976
1887 1955
1893 1955
1910 1943
1958 1930
1997 1939
2024 1954
2041 1969
2038 1981
2015 1991
1985 1996
1954 1994
1927 1985
1911 1975
1909 1963
1923 1953
1947 1944
1971 1943
1997 1948
2015 1953
2022 1966
2016 1977
1997 1987
1975 1992
1947 2007
1937 1990
1917 1972
1926 1962
1936 1966
1948 1955
1987 1934
1995 1938
2004 1956
2009 1968
1999 1977
1978 1989
1941 2016
1956 2000
1940 1991
1930 1983
1938 1972
1946 1958
1998 1920
1973 1939
1979 1940
1997 1950
1996 1961
1992 1979
1983 2005
1950 2011
1965 2008
1937 1997
1943 1978
1944 1975
1948 1941
1957 1924
1965 1937
1986 1939
1990 1949
1990 1962
1989 1983
1985 2005
1981 2007
1961 2002
1955 1998
1948 1979
1946 1979
1945 1927
1955 1935
1973 1930
1982 1933
1992 1952
1992 1968
1990 1988
1980 1987
1992 2013
1971 2008
1961 1989
1949 2011
1932 1925
1940 1945
1947 1932
1967 1925
1976 1940
1985 1954
1995 1985
1993 1995
1985 2004
1973 2013
1968 2009
1953 1989
1940 1965
1941 1948
1949 1931
1954 1921
1964 1924
1979 1922
2009 1978
1995 1994
1987 2002
1968 2036
1976 2009
1957 2065
1898 1964
1933 1956
1934 1935
1955 1920
1957 1924
1974 1909
2009 1955
2000 1979
2007 1997
1995 2009
1981 2015
1967 2032
1929 1991
1929 1961
1936 1948
1941 1926
1953 1914
1968 1923
1990 1938
2011 1963
2007 1981
2012 2008
1994 2019
2001 2030
1951 2002
1938 1976
1928 1963
1918 1942
1915 1921
1950 1913
1973 1922
2013 1952
2016 1967
2030 2000
2026 2021
2001 2034
2017 2018
1917 2007
1909 1984
1894 1952
1894 1920
1911 1900
1926 1909
1997 1918
2030 1942
2052 1979
2060 2018
2045 2036
2045 2049
1956 2039
1906 2016
1861 1975
1851 1919
1869 1881
1869 1883
1965 1878
2025 1901
2072 1946
2106 2002
2100 2050
2125 2052
1995 2083
1927 2058
1868 2015
1819 1950
1809 1890
1827 1854
1908 1838
1983 1843
2062 1894
2129 1973
2159 2046
2131 2093
2055 2152
1991 2138
1889 2078
1801 1991
1758 1924
1767 1858
1830 1794
1935 1781
2021 1834
2123 1916
2181 2000
2181 2087
2143 2145
2039 2180
1942 2148
1828 2072
1750 1973
1728 1866
1767 1793
1856 1744
1966 1755
2084 1829
2186 1934
2225 2043
2197 2144
2131 2182
2025 2217
1890 2149
1769 2044
1709 1892
1728 1820
1792 1731
1884 1712
2017 1749
2144 1839
2220 2030
2204 2073
2188 2192
2082 2236
1956 2220
1826 2134
1727 1964
1718 1891
1726 1769
1823 1707
1951 1705
2080 1766
2186 1955
2196 2000
2220 2137
2137 2221
2019 2263
1889 2198
1774 2063
1730 1968
1699 1846
1775 1735
1891 1689
2017 1729
2134 1868
2174 1926
2226 2058
2177 2176
2081 2232
1956 2220
1830 2148
1747 2039
1722 1906
1746 1790
1832 1722
1959 1720
2084 1773
2174 1872
2216 2002
2198 2121
2119 2195
2004 2211
1904 2182
1788 2088
1739 1965
1743 1844
1817 1771
1907 1749
2021 1766
2128 1838
2190 1949
2193 2066
2137 2151
2048 2191
1935 2181
1832 2116
1764 2015
1749 1907
1791 1817
1875 1765
1984 1767
2083 1823
2159 1916
2180 2018
2148 2109
2071 2165
1969 2169
1864 2138
1797 2037
1767 1945
1781 1849
1851 1796
1955 1773
2061 1813
2127 1893
2156 1989
2148 2069
2092 2135
2000 2154
1902 2127
1826 2058
1782 1965
1787 1880
1839 1817
1924 1793
2019 1814
2100 1876
2150 1959
2146 2047
2103 2115
2025 2148
1933 2128
1849 2058
1810 1996
1789 1906
1825 1831
1895 1792
1998 1802
2072 1864
2123 1941
2146 2022
2124 2089
2050 2136
1958 2134
1877 2090
1815 2019
1795 1936
1812 1863
1877 1813
1959 1805
2044 1841
2111 1906
2141 1988
2127 2063
2073 2117
1995 2132
1910 2108
1842 2050
1789 1967
1813 1899
1856 1839
1925 1814
2005 1836
2078 1875
2134 1945
2136 2027
2088 2096
2019 2125
1943 2120
1865 2078
1820 2010
1813 1936
1843 1871
1909 1830
1986 1826
2060 1856
2108 1913
2119 1983
2095 2053
2041 2099
1966 2112
1895 2093
1843 2040
1826 1950
1849 1914
1898 1855
1957 1831
2024 1838
2092 1874
2118 1945
2095 2013
2054 2060
1993 2090
1921 2093
1864 2063
1834 2012
1839 1948
1878 1893
1939 1858
2009 1848
2068 1871
2100 1913
2097 1970
2062 2024
2002 2064
1938 2083
1882 2074
1846 2039
1841 1992
1880 1954
1930 1899
1984 1866
2046 1863
2081 1902
2082 1941
2072 1981
2026 2030
1960 2062
1893 2069
1860 2047
1851 2013
1867 1972
1915 1926
1976 1894
2029 1878
2076 1888
2091 1915
2076 1955
2037 2000
1978 2027
1919 2051
1873 2047
1853 2030
1862 1996
1902 1956
1980 1927
2021 1897
2060 1884
2086 1909
2073 1943
2037 1976
1993 2002
1936 2030
1884 2044
1859 2036
1862 2012
1894 1984
1945 1950
1998 1922
2044 1909
2074 1910
2074 1923
2048 1948
2000 1979
1951 2009
1902 2027
1875 2031
1868 2020
1891 1997
1933 1969
1976 1933
2041 1928
2060 1910
2062 1922
2051 1933
2018 1950
1960 1985
1903 2016
1873 2017
1872 2019
1886 2010
1922 1989
1973 1960
2017 1940
2055 1925
2066 1919
2052 1929
2017 1947
1969 1971
1921 1990
1884 2001
1871 2016
1876 2015
1911 1999
1959 1980
2008 1958
2032 1955
2067 1925
2056 1922
2027 1928
1986 1954
1925 1984
1887 1995
1876 2001
1878 2011
1902 2006
1948 1992
1995 1974
2038 1958
2061 1943
2060 1924
2037 1936
1998 1943
1945 1954
1904 1978
1881 1996
1876 2073
1854 1984
1935 1995
1982 1989
2028 1971
2055 1959
2064 1896
2071 1949
1997 1932
1955 1959
1907 1972
1890 1973
1882 2069
1851 1984
1922 2001
1964 1993
2014 1977
2044 1968
2056 1911
2073 1952
2017 1946
1976 1948
1933 1958
1895 1968
1880 2051
1852 1978
1909 1992
1958 1997
1998 1985
2035 1975
2056 1928
2068 1947
2046 1958
1984 1939
1944 1950
1897 1956
1891 1960
1899 1976
1896 1990
1940 1999
1982 1988
2027 1979
2044 1970
2043 1956
2031 1949
1998 1942
1957 1944
1924 1957
1899 1968
1891 1975
1899 1991
1935 2001
1970 1996
2004 1988
2032 1979
2042 1968
2031 1952
1991 1954
1965 1945
1931 1949
1898 1958
1920 1956
1900 1985
1925 2004
1964 2004
1999 1986
2025 1981
2008 1992
2045 1961
2015 1942
1975 1938
1947 1949
1916 1950
1952 1933
1893 1980
1920 1994
1960 1998
1985 1995
2018 1992
2029 1983
2039 1965
2016 1951
1988 1944
1960 1966
1932 1944
1927 1937
1889 1973
1904 1994
1950 1991
1981 1995
2012 2002
2035 1994
2037 1978
2031 1955
2005 1946
1969 1943
1939 1949
1920 1947
1899 1953
1907 1982
1937 1991
1967 1999
1998 2000
2022 1988
2030 1986
2031 1959
2004 1952
1975 1941
1950 1935
1956 1982
1908 1940
1903 1971
1922 1984
1959 1985
1987 1999
2002 1975
2028 1997
2031 1968
2012 1951
1982 1945
1960 1944
1935 1970
1902 1942
1910 1970
1925 1982
1947 1992
1972 1995
1996 1955
2031 1998
2020 1974
2011 1957
1990 1950
1969 1943
1942 1982
1898 1937
1928 1966
1920 1979
1944 1983
1964 1986
2002 1958
2020 2004
2010 1982
2012 1955
2000 1951
1979 1943
1952 1997
1894 1936
1920 1948
1923 1973
1941 1982
1957 1993
1979 1977
2014 1991
2009 1987
2012 1969
1997 1954
1982 1943
1960 1960
1929 1940
1925 1942
1932 1984
1946 1985
1953 1987
1974 1991
1996 2001
2001 2006
1996 1971
2000 1962
1985 1954
1960 1945
1961 1936
1921 1937
1940 1961
1938 1975
1951 1984
1965 1998
1973 2004
1992 2003
1998 1988
1995 1972
1984 1959
1972 1951
1976 1937
1937 1939
1938 1953
1948 1969
1943 1993
1962 1981
1942 2009
1998 2000
1990 2000
1984 1981
1998 1964
1987 1954
1996 1927
1935 1938
1949 1944
1949 1955
1953 1965
1963 1981
1976 1988
1980 1994
1991 1998
1993 1991
1989 1977
1978 1964
1997 1934
1953 1941
1948 1942
1954 1952
1951 1956
1956 1966
1950 2008
1981 1995
1985 1998
1970 1998
1976 1992
1987 1973
1996 1946
1958 1954
1944 1951
1952 1939
1953 1946
1953 1959
1953 1975
1972 1993
1984 1993
1980 2000
1981 1997
1985 1993
1986 1976
1968 1959
1958 1949
1957 1942
1953 1937
1949 1942
1955 1948
1962 1983
1972 2003
1985 1992
1985 2005
1983 1998
1976 2021
1970 1937
1961 1955
1957 1945
1946 1932
1945 1933
1949 1940
1955 1964
1967 1976
1968 1992
1983 2007
1995 2011
1997 2002
1986 1983
1973 1964
1963 1949
1952 1931
1942 1926
1937 1923
1948 1957
1958 1962
1962 1992
1993 2013
2004 2017
1997 2011
1982 1996
1986 1974
1988 1960
1954 1941
1935 1926
1937 1874
1963 1945
1940 1963
1955 1974
1967 1996
1990 2014
2001 2090
1963 1997
1997 1987
1988 1972
1971 1946
1950 1929
1934 1878
1951 1930
1936 1945
1943 1964
1964 1987
1980 2008
1983 2057
1991 2003
1996 1994
1991 1982
1986 1944
1972 1945
1948 1928
1936 1928
1934 1932
1933 1953
1952 1977
1964 1994
1987 2017
2020 1997
1998 2001
2013 1993
1998 1969
1981 1948
1964 1931
1940 1921
1927 1930
1929 1944
1931 1964
1947 1985
1972 2006
1996 2019
2030 2018
2010 2003
2008 1983
1994 1959
1978 1935
1946 1934
1925 1936
1924 1935
1928 1949
1931 1973
1955 1994
1979 2004
1998 2011
2012 2008
2021 1995
2012 1977
1993 1955
1967 1943
1944 1935
1925 1934
1913 1946
1921 1960
1936 1977
1956 1989
1985 2001
2013 1999
2039 2003
2023 1987
2013 1968
1986 1950
1967 1938
1930 1946
1905 1945
1908 1944
1921 1958
1941 1977
1970 1989
1998 1993
2023 1999
2035 1993
2030 1986
2014 1972
1985 1966
1953 1953
1921 1946
1906 1945
1906 1949
1921 1959
1948 1968
1981 1980
2011 1987
2044 1991
2064 2004
2025 1986
2009 1968
1976 1964
1939 1963
1904 1954
1897 1944
1905 1946
1923 1957
1956 1966
1992 1981
2021 1987
2040 1993
2043 1994
2026 1992
1996 1986
1958 1978
1924 1968
1902 1956
1894 1949
1901 1952
1927 1954
1965 1959
2002 1971
2033 1982
2038 1981
2053 2002
2012 1991
1986 1980
1945 1974
1916 1972
1891 1965
1895 1948
1919 1942
1944 1952
1978 1959
2012 1966
2040 1977
2041 1988
2027 1995
1997 1992
1964 1989
1930 1981
1904 1971
1897 1961
1905 1953
1930 1949
1959 1947
1997 1957
2023 1966
2039 1976
2021 1983
2027 2000
1981 1990
1950 1974
1925 1972
1905 1974
1897 1960
1922 1944
1955 1942
1981 1950
2008 1963
2029 1964
2037 1979
2022 1990
1997 1994
1965 1992
1933 1983
1913 1974
1902 1965
1916 1955
1939 1951
1969 1951
1999 1956
2021 1962
2030 1972
2021 1984
2003 1982
1999 1997
1946 1986
1926 1974
1909 1962
1922 1955
1933 1963
1952 1954
1990 1949
2019 1958
2026 1973
2021 1978
2010 1987
1986 1990
1954 1989
1933 1985
1918 1977
1917 1966
1927 1957
1952 1952
1979 1953
2004 1960
2021 1964
2021 1978
2012 1984
1988 1989
1963 1981
1953 1992
1918 1980
1918 1960
1925 1954
1953 1957
1964 1965
1990 1958
2017 1959
2024 1972
2008 1985
1994 1989
1972 1991
1946 1989
1929 1983
1923 1973
1927 1965
1943 1959
1967 1953
1989 1954
2006 1958
2012 1967
2012 1981
1997 1986
1977 1993
1952 1990
1932 1982
1944 1980
1926 1972
1939 1956
1957 1946
1994 1944
2006 1960
2008 1963
2008 1969
2001 1974
1979 1987
1955 1994
1937 1989
1931 1982
1931 1970
1941 1963
1961 1957
1979 1948
1997 1952
2005 1958
2009 1964
1997 1975
1979 1983
1959 1990
1941 1991
1932 1987
1932 1992
1942 1967
1961 1956
1981 1941
1999 1950
2019 1947
2006 1957
1987 1971
1988 1977
1971 1982
1940 1985
1929 1989
1936 1982
1945 1968
1954 1961
1974 1945
2006 1953
2010 1953
2005 1948
1998 1966
1986 1971
1962 2004
1924 1985
1923 1977
1931 1990
1938 1980
1953 1965
2003 1970
1999 1953
2006 1959
1992 1948
1995 1948
1992 1962
1965 1982
1958 1979
1916 1974
1935 1986
1934 1989
1947 1978
1965 1968
1971 1964
2010 1961
2006 1955
2001 1949
1989 1961
1972 1967
1985 1961
1921 1980
1934 1989
1938 1986
1944 1981
1965 1982
1956 1978
2001 1968
2008 1947
1995 1956
1984 1957
1972 1953
2032 1935
1918 1980
1925 1988
1935 1988
1948 1984
1957 1983
1937 1995
1998 1967
2005 1964
2003 1952
1993 1956
1982 1961
2003 1933
1937 1971
1932 1977
1937 1987
1939 1989
1959 1989
1966 1988
1995 1978
2005 1958
1997 1969
2004 1953
1991 1963
1974 1936
1941 1961
1938 1964
1951 1977
1939 1986
1953 1988
1970 1983
1985 1980
2006 1967
1998 1965
1997 1958
1987 1958
1971 1958
1952 1947
1932 1971
1940 1973
1945 1974
1946 1977
1965 1970
1984 1988
1999 1971
1998 1966
1996 1965
1991 1974
1979 1975
1950 1948
1934 1973
1933 1974
1945 1968
1951 1976
1959 1949
1974 1991
1993 1971
1994 1969
1996 1969
1992 1961
1979 2033
1933 1939
1949 1965
1943 1971
1947 1970
1940 1973
1955 1942
1989 1984
1980 1970
1997 1967
1992 1964
1992 1967
1984 2020
1928 1971
1960 1964
1943 1971
1940 1971
1938 1977
1950 1938
1991 1973
1982 1978
1984 1966
1988 1967
1992 1963
1985 1978
1957 1958
1957 1963
1954 1975
1947 1974
1942 1976
1949 1979
1970 1976
1975 1978
1979 1966
1989 1969
1992 1961
1987 1973
1967 1963
1956 1959
1959 1968
1952 1983
1944 1973
1941 1980
1945 1980
1965 1982
1977 1959
1987 1967
1990 1970
1985 1964
1981 1962
1962 1964
1966 1980
1953 1975
1943 1970
1942 1977
1934 1986
1978 1978
1967 1967
1979 1967
1989 1968
1988 1964
1996 1962
1968 1967
1968 1974
1962 1976
1948 1988
1945 1983
1912 1991
1965 1978
1972 1961
1980 1961
1991 1968
1987 1967
1986 1962
1984 1963
1976 1974
1967 1973
1954 1971
1947 1974
1933 1985
1968 1976
1965 1965
1977 1962
1985 1963
1993 1963
1996 1957
1981 1969
1976 1974
1973 1976
1960 1970
1949 1974
1911 1986
1959 1982
1965 1964
1959 1966
1977 1964
1990 1956
2002 1953
1972 1965
1972 1972
1979 1975
1965 1974
1953 1976
1955 1986
1955 1986
1961 1969
1958 1967
1973 1965
1976 1959
1980 1965
1978 1950
1970 1966
1975 1968
1967 1973
1961 1975
1959 1971
1958 1985
1964 1970
1970 1968
1963 1967
1981 1956
1977 1950
1976 1963
1973 1970
1976 1973
1960 1967
1954 1975
1954 1969
1960 1993
1961 1973
1954 1969
1965 1969
1974 1968
1976 1961
1974 1962
1973 1965
1973 1968
1967 1970
1956 1976
1961 1958
1964 1989
1964 1974
1958 1967
1962 1967
1993 1975
1974 1960
1972 1948
1973 1959
1976 1969
1964 1966
1958 1968
1960 1954
1973 1987
1959 1980
1956 1970
1968 1969
1971 1967
1974 1966
1970 1959
1972 1960
1966 1962
1965 1964
1959 1970
1958 1974
1961 1983
1964 1986
1961 1976
1961 1973
1970 1970
1970 1958
1979 1959
1958 1954
1969 1967
1964 1966
1957 1953
1962 1966
1953 1989
1975 1992
1966 1977
1967 1973
1971 1970
1968 1964
1998 1936
1949 1949
1968 1951
1965 1955
1963 1961
1964 1968
1930 1989
1977 1982
1965 1985
1973 1980
1968 1972
1970 1971
2032 1933
1943 1952
1978 1958
1953 1951
1950 1962
1956 1960
1922 1988
1983 1973
1968 1983
1977 1981
1973 1971
1975 1975
1973 1965
1967 1956
1961 1949
1957 1953
1960 1956
1959 1958
1960 1965
1966 1974
1975 1977
1971 1976
1974 1979
1975 1978
1974 1971
1968 1963
1965 1962
1941 1957
1953 1960
1949 1954
1950 1963
1960 1969
1965 1970
1977 1980
1971 1983
1975 1977
1976 1970
1970 1966
1969 1963
1964 1958
1960 1957
1954 1954
1956 1959
1959 1965
1965 1971
1968 1976
1975 1976
1977 1975
1974 1972
1976 1969
1971 1962
1969 1957
1960 1957
1960 1967
1961 1965
1957 1963
1956 1970
1968 1964
1975 1974
1973 1981
1975 1974
1980 1967
1971 1961
1967 1955
1963 1957
1959 1960
1957 1966
1956 1967
1961 1974
1962 1974
1967 1980
1971 1976
1972 1973
1973 1967
1972 1961
1969 1960
1963 1955
1961 1957
1958 1963
1967 1973
1961 1976
1964 1976
1963 1975
1973 1972
1971 1972
1969 1967
1967 1961
1966 1957
1965 1957
1958 1955
1957 1961
1957 1966
1961 1974
1965 1978
1969 1982
1974 1981
1973 1974
1973 1970
1973 1964
1967 1959
1962 1955
1957 1956
1956 1960
1958 1967
1957 1973
1952 1998
1969 1982
1973 1981
1973 1977
1974 1971
1974 1969
1957 1961
1957 1955
1956 1954
1953 1961
1954 1963
1958 1970
1961 1974
1966 1979
1975 1983
1977 1981
1982 1976
1976 1970
1969 1960
1962 1955
1956 1955
1952 1955
1952 1961
1955 1966
1961 1975
1967 1982
1973 1997
1981 1982
1979 1978
1976 1965
1977 1961
1963 1964
1957 1955
1953 1949
1951 1956
1954 1963
1959 1970
1966 1977
1975 1982
1978 1982
1979 1980
1976 1973
1974 1967
1967 1960
1961 1956
1954 1954
1952 1953
1954 1959
1956 1967
1964 1973
1968 1980
1972 1983
1979 2000
1986 1974
1972 1966
1967 1962
1968 1958
1956 1954
1952 1956
1952 1957
1960 1962
1960 1969
1970 1975
1977 1979
1982 1979
1981 1977
1980 1975
1971 1965
1964 1958
1959 1953
1954 1955
1954 1956
1958 1958
1962 1966
1969 1968
1971 1976
1981 1981
1981 1974
1982 1987
1987 1969
1970 1959
1960 1951
1954 1937
1955 1977
1958 1954
1958 1961
1965 1974
1975 1970
1974 2017
1959 1955
1975 1977
1975 1972
1972 1966
1965 1964
1963 1937
1963 1971
1956 1955
1952 1963
1962 1967
1970 1973
1977 2040
1942 1960
1977 1967
1974 1973
1995 1964
1965 1959
1956 1917
1975 1970
1951 1969
1962 1955
1959 1967
1969 1972
1970 2005
1943 1965
1978 1967
1975 1977
1969 1965
1964 1966
1963 1944
1971 1962
1957 1965
1951 1959
1960 1968
1969 1967
1969 1994
1954 1971
1969 1963
1975 1974
1974 1967
1962 1960
1968 1967
1953 1955
1959 1962
1956 1966
1960 1960
1963 1968
1974 1976
1981 1971
1957 1969
1976 1979
1970 1973
1964 1966
1957 1964
1929 1969
1964 1966
1952 1958
1953 1960
1965 1971
1973 1975
2006 1955
1956 1969
1977 1975
1970 1977
1967 1968
1960 1964
1922 1965
1962 1963
1950 1954
1955 1962
1962 1958
1967 1970
2033 1949
1954 1974
1979 1977
1970 1973
1966 1972
1960 1967
1905 1985
1963 1958
1951 1960
1955 1961
1957 1961
1959 1966
2043 1935
1951 1970
1971 1975
1974 1974
1968 1971
1965 1971
1919 1991
1961 1960
1957 1979
1957 1959
1958 1955
1958 1956
1972 1969
1972 1970
1976 1971
1974 1973
1974 1972
1971 1969
1958 1961
1956 1962
1957 1960
1956 1957
1957 1960
1965 1964
1969 1967
1971 1966
1971 1969
1974 1974
1971 1969
1969 1967
1964 1967
1962 1962
1958 1961
1955 1953
1946 1964
1966 1964
1965 1966
1971 1968
1969 1971
1975 1971
1973 1966
1967 1965
1962 1951
1965 1978
1965 1960
1955 1961
1959 1958
1960 1963
1964 2003
1954 1956
1972 1971
1976 1972
1981 1971
1971 1967
1970 1952
1966 1970
1964 1962
1954 1954
1954 1961
1966 1968
1984 1964
1962 1961
1971 1966
1982 1969
1981 1965
1970 1965
1968 1931
1994 1975
1961 1967
1958 1954
1953 1960
1958 1963
1959 1980
1951 1959
1965 1966
1976 1971
1982 1971
1973 1967
1970 1962
1987 1968
1968 1971
1955 1957
1952 1964
1958 1965
1957 1966
1953 1957
1971 1973
1968 1974
1973 1965
1969 1966
1966 1964
1971 1968
1975 1974
1959 1955
1951 1962
1954 1965
1955 1964
1955 1969
1960 1967
1966 1972
1971 1972
1969 1967
1968 1968
1953 1972
1978 1975
1963 1963
1961 1963
1958 1963
1953 1964
1988 1954
1952 1965
1963 1981
1966 1970
1968 1971
1969 1970
1949 1970
1977 1971
1958 1961
1956 1959
1959 1970
1963 1970
1961 1963
1956 1965
1961 1969
1966 1970
1964 1964
1965 1971
1945 1984
1978 1965
1966 1961
1959 1962
1965 1963
1956 1960
2012 1929
1952 1964
1955 1963
1969 1970
1964 1968
1973 1968
1954 1978
1975 1967
1973 1960
1959 1964
1959 1964
1964 1967
1961 1962
1958 1961
1958 1968
1966 1971
1968 1965
1965 1964
1976 1973
1973 1974
1975 1962
1959 1962
1964 1962
1957 1964
1959 1968
1958 1957
1958 1968
1972 1968
1973 1969
1974 1958
1966 1964
1971 1967
1969 1966
1970 1958
1965 1966
1968 1970
1966 1962
1956 1962
1959 1966
1966 1972
1967 1967
1967 1963
1974 1955
1977 1979
1973 1961
1960 1961
1962 1962
1964 1969
1962 1968
1960 1967
1959 1969
1960 1971
1961 1967
1963 1968
1966 1957
1981 1976
1979 1965
1960 1957
1962 1967
1967 1972
1965 1967
1958 1965
1961 1973
1965 1975
1962 1966
1959 1969
1966 1954
1977 1977
1969 1968
1961 1963
1964 1968
1964 1968
1966 1973
1965 1968
1963 1968
1963 1969
1963 1969
1966 1970
1964 1970
1968 1969
1966 1963
1979 1975
1959 1964
1966 1962
1960 1964
1957 1965
1952 1964
1964 1976
1971 1976
1965 1971
1964 1970
1962 1969
1968 1971
1964 1962
1960 1965
1967 1971
1970 1969
1962 1963
1958 1966
1963 1971
1965 1968
1963 1965
1966 1968
1973 1973
1972 1967
1968 1963
1954 1997
1978 1959
1962 1966
2023 1932
1937 1963
1964 1966
1963 1969
1964 1967
1963 1969
1918 1989
1982 1968
1966 1970
1972 1967
1968 1962
1961 1963
2042 1931
1938 1961
1960 1967
1959 1966
1964 1971
1968 1969
1917 1992
1979 1967
1968 1965
1971 1966
1973 1932
2022 1972
2034 1925
1953 1957
1958 1963
1962 1964
1961 1975
1965 1970
1927 1987
1970 1969
1974 1967
1974 1967
1972 1961
1967 1962
1969 1965
1966 1963
1962 1965
1962 1966
1965 1971
1968 1970
1964 1968
1966 1966
1968 1967
1969 1969
1968 1965
1969 1966
1944 1907
1969 1975
1967 1969
1961 1970
1959 1972
1959 1973
1966 1967
1969 1972
1973 1971
1973 1968
1970 1967
1968 1964
1965 1966
1965 1965
1964 1967
1966 1969
1965 1972
1962 1970
1962 1969
1965 1972
1965 1970
1967 1972
1971 1973
1969 1971
1966 1964
1961 1952
1998 1964
1961 1972
1962 1960
1961 1977
1960 1973
1966 1970
1969 1972
1972 1971
1970 1969
1971 1966
1968 1965
1969 1968
1964 1967
1963 1967
1962 1970
1962 1969
1959 1970
1961 1973
1966 1971
1968 1970
1970 1968
1972 1968
1972 1966
1967 1965
1965 1966
1910 2006
1964 1964
1962 1969
1956 1967
1965 1971
1963 1972
1968 1969
1971 1967
1970 1963
1971 1964
1971 1966
1970 1966
1967 1968
1965 1965
1962 1968
1959 1967
1960 1971
1964 1970
1968 1970
1971 1968
1972 1965
1973 1962
1968 1961
1970 1962
1967 1961
1965 1930
2016 1973
1970 1971
1966 1963
1954 1965
1975 1960
1969 1970
1966 1965
1973 1965
1973 1965
1974 1962
1968 1962
1964 1963
1963 1967
1964 1967
1967 1971
1969 1975
1970 1970
1966 1969
1968 1969
1969 1969
1969 1965
1967 1964
1965 1966
1962 1965
1963 1966
1923 2033
1977 1969
1964 1974
1960 1970
1960 1980
1967 1964
1970 1964
1972 1964
1969 1963
1964 1964
1964 1961
1964 1963
1960 1965
1963 1966
1965 1970
1967 1970
1969 1970
1970 1969
1971 1970
1969 1967
1966 1969
1967 1964
1965 1967
1963 1967
1961 1971
1961 1915
2077 1985
1960 1972
1968 1965
1954 1963
1972 1964
1965 1974
1964 1969
1963 1963
1967 1964
1965 1964
1966 1967
1962 1970
1964 1971
1962 1969
1959 1967
1963 1970
1964 1971
1970 1972
1968 1963
1966 1966
1967 1965
1964 1965
1961 1964
1963 1944
1975 1985
1904 2039
1975 1963
1964 1978
1947 1967
1957 2049
1925 1940
1975 1953
1962 1972
1967 1965
1964 1966
1961 1954
1979 1977
1964 1972
1962 1969
1962 1971
1965 1971
1966 2010
1927 1954
1962 1958
1963 1967
1965 1966
1962 1964
1966 1966
1975 1968
1966 1972
1962 1919
1987 1992
1963 1963
1976 1975
1949 1948
1970 1949
1964 1978
1960 1963
1967 1958
1966 1963
1967 1969
1971 1980
1967 1962
1970 1965
1969 1969
1969 1965
1976 1965
1954 1958
1970 1968
1961 1963
1961 1961
1966 1969
1954 1967
1978 1973
1957 1963
1963 1963
1942 2064
1996 1958
1983 1966
1937 1972
1964 1967
1977 1959
1970 1962
1956 1967
1911 1979
1976 1970
1963 1969
1965 1966
1966 1974
1969 1963
2016 1936
1950 1965
1968 1965
1968 1969
1963 1964
1964 1970
1895 1992
1976 1968
1967 1970
1958 1965
1964 1969
1869 1948
2027 1960
1937 1958
1972 1946
1977 1956
1962 1970
1956 1973
1919 1989
1974 1965
1962 1967
1964 1968
1964 1969
1961 1966
2037 1928
1952 1963
1962 1963
1966 1964
1960 1965
1966 1970
1911 1990
1965 1974
1969 1969
1961 1973
1965 1970
1962 1966
2020 1932
1827 1990
1963 1967
1973 1958
1949 1958
1982 1952
1963 1961
1957 1983
1968 1964
1968 1974
1963 1966
1963 1969
1967 1968
1968 1969
1961 1964
1965 1971
1968 1971
1963 1966
1960 1964
1961 1970
1964 1967
1961 1964
1963 1969
1969 1973
1971 1972
1968 1965
1929 2077
1994 1961
1962 1977
1952 1968
1953 1980
1969 1961
1976 1957
1963 1972
1962 1971
1970 1968
1966 1969
1969 1969
1969 1972
1967 1965
1967 1964
1967 1970
1970 1970
1964 1966
1964 1966
1962 1968
1965 1966
1965 1969
1965 1972
1964 1962
1961 1967
1849 2109
1965 1987
1963 1962
1965 1952
1977 1983
1953 1981
1966 1957
1973 1965
1971 1971
1959 1970
1950 1966
1958 1956
1971 1970
1969 1965
1958 1964
1966 1968
1968 1966
1969 1968
1960 1960
1966 1961
1967 1975
1969 1968
1964 1961
1965 1966
1972 1967
1966 1944
1926 1995
1960 1965
1966 1956
1972 1955
1977 1951
1959 1978
1957 1973
1972 1965
1969 1965
1966 1966
1963 1966
1971 1966
1967 1963
1967 1965
1950 1974
1979 1971
1965 1960
1960 1962
1964 1969
1972 1969
1965 1964
1964 1965
1971 1970
1971 1967
1967 2042
1948 2000
1973 1972
1971 1971
1941 1966
1972 1948
1978 1967
1964 1973
1964 1965
1958 1958
1972 1967
1976 1974
1965 1965
1962 1963
1930 1989
1971 1973
1970 1966
1958 1968
1968 1968
1965 1964
1983 1955
1960 1962
1961 1971
1970 1970
1969 1966
1965 1965
1891 1997
1979 1972
1966 1971
1949 1958
1953 1987
1954 1965
1970 1964
1966 1955
1952 1970
1961 1968
1968 1959
1966 1967
1966 1969
1970 1972
1965 1965
1959 1963
1962 1974
1965 1971
1962 1967
1960 1970
1964 1975
1966 1971
1958 1965
1961 1967
1967 1974
2023 1987
1992 1982
1958 1969
1968 1952
1966 1982
1940 2006
1951 1953
1967 1963
1969 1975
1963 1976
1961 1966
1966 1963
1963 1967
1963 1967
1961 1967
1966 1968
1967 1970
1963 1971
1960 1966
1961 1970
1965 1970
1965 1969
1965 1967
1966 1967
1969 1968
1963 1914
1933 1989
1954 1965
1970 1958
1955 1961
1971 1956
1957 1977
1957 1974
1972 1965
1969 1960
1967 1960
1965 1978
1976 1972
1961 1960
1957 1966
1968 1972
1970 1969
1961 1963
1964 1969
1971 1971
1968 1963
1962 1961
1966 1967
1975 1971
1969 1963
1965 1979
1930 2004
1972 1969
1965 1957
1949 1952
1988 1955
1967 1976
1957 1970
1965 1967
1978 1963
1972 1965
1962 1970
1968 1966
1970 1968
1969 1967
1966 1968
1968 1969
1964 1966
1965 1965
1963 1965
1967 1966
1967 1967
1965 1966
1969 1964
1965 1966
1966 2038
1945 2008
1983 1963
1962 1969
1942 1972
1969 1949
1978 1962
1966 1974
1963 1970
1965 1960
1971 1965
1967 1966
1968 1964
1966 1965
1965 1966
2041 1924
1951 1961
1962 1966
1971 1967
1965 1963
1964 1965
1929 1998
1970 1971
1970 1969
1963 1970
1967 1948
1902 1950
2031 1931
1947 1964
1935 1975
1962 1959
1974 1959
1970 1970
1973 1976
1965 1976
1973 1965
1965 1971
1966 1965
1960 1967
1968 1977
1945 1946
1957 1967
1961 1964
1959 1967
1965 1968
1968 1937
1978 1983
1966 1965
1968 1973
1967 1968
1961 1968
1924 1925
1996 1960
1961 1971
1948 1961
1951 1982
1968 1961
1981 1958
1967 1971
1966 1976
1967 1969
1970 1961
1968 1967
1965 1971
1965 1966
1965 1967
1964 1967
1962 1965
1964 1966
1963 1965
1966 1965
1967 1967
1969 1969
1965 1970
1966 1968
1965 1970
1984 2047
1992 1961
1967 1973
1960 1961
1953 1985
1959 1959
1978 1956
1969 1967
1964 1966
1968 1971
1973 1963
1971 1969
1965 1967
1964 1967
1967 1966
1966 1964
1966 1966
1967 1967
1970 1967
1965 1963
1966 1966
1965 1967
1967 1968
1966 1967
1964 1970
1836 2036
1948 1984
1964 1964
1962 1946
1964 1984
1946 1974
1970 1963
1971 1962
1966 1970
1960 1971
1966 1967
1967 1969
1966 1968
1963 1970
1963 1968
1964 1964
1966 1968
1966 1968
1965 1968
1964 1968
1967 1971
1965 1967
1962 1964
1964 1964
1961 1966
1927 1980
2021 1995
1956 1961
1967 1946
1960 1980
1943 1978
1965 1963
1971 1963
1966 1966
1961 1968
1961 1967
1961 1968
1962 1968
1962 1968
1961 1969
1964 1970
1964 1970
1963 1967
1964 1969
1965 1969
1962 1967
1965 1969
1964 1968
1964 1965
1963 1965
1960 1926
2002 2005
1954 1961
1949 1983
1946 1970
1978 1955
1971 1963
1959 1973
1959 1966
1964 1961
1968 1963
1964 1971
1964 1968
1963 1966
1965 1968
1963 1967
1965 1969
1964 1966
1964 1966
1963 1964
1964 1963
1963 1966
1967 1967
1964 1965
1964 1968
1943 1954
1986 1988
1962 1946
1944 1987
1964 1956
1967 1955
1968 1966
1964 1971
1963 1966
1963 1953
1958 1964
1971 1970
1967 1961
1964 1960
1961 1924
1985 1980
1964 1966
1963 1965
1961 1967
1966 1967
1961 1980
1955 1958
1958 1961
1965 1970
1967 1965
1891 1935
1990 1960
1983 1967
1973 1962
1968 1956
1950 1977
1954 1970
1965 1994
1937 1961
1960 1962
1959 1965
1962 1966
1958 1966
1961 1949
1977 1970
1964 1972
1962 1963
1962 1970
1964 1966
1959 1997
1938 1962
1951 1946
1955 1970
1963 1967
1963 1967
1925 1942
1976 1989
1962 1967
1966 1954
1958 1971
1951 1970
1963 1959
1976 1960
1946 1954
1966 1967
1965 1964
1965 1965
1963 1963
1954 1966
1972 1972
1964 1963
1963 1965
1967 1966
1965 1963
2012 1948
1939 1952
1960 1963
1965 1965
1966 1961
1966 1965
1954 1967
1980 1989
1962 1960
1954 1959
1960 1969
1961 1965
2029 1932
1938 1962
1965 1963
1960 1965
1957 1962
1963 1965
1935 1982
1975 1968
1972 1970
1965 1965
1962 1966
1961 1962
2001 1932
1950 1964
1959 1963
1966 1968
1963 1964
1967 1966
1957 1971
2015 2063
1970 1974
1961 1962
1965 1971
1969 1966
1977 1933
1953 1956
1953 1962
1965 1962
1961 1961
1964 1964
1964 1982
1969 1973
1975 1969
1959 1962
1962 1968
1961 1965
1957 1960
1948 1953
1950 1965
1963 1964
1959 1965
1962 1966
1965 1954
1969 1978
1955 1981
1958 1969
1974 1965
1960 1966
1966 2004
1941 1945
1955 1967
1959 1960
1957 1968
1962 1967
1960 1933
1977 1985
1967 1965
1966 1973
1965 1961
1959 1964
1963 2000
1950 1951
1959 1964
1961 1965
1966 1969
1965 1963
1961 1961
1961 1964
1968 1968
1940 2026
1967 1962
1971 1969
1968 1966
1965 1963
1960 1960
1961 1963
1964 1968
1967 1967
1968 1968
1966 1965
1968 1967
1953 1964
1970 1965
1970 1969
1968 1967
1965 1965
1961 1962
1963 1965
1962 1962
1960 1963
1961 1965
1963 1967
1967 1967
1966 1968
1951 1998
1973 1960
1965 1971
1963 1968
1963 1969
1962 1963
1958 1965
1963 1966
1962 1967
1964 1966
1964 1967
1966 1970
1968 1969
1965 1970
1965 1967
1965 1971
1961 1968
1962 1968
1962 1970
1960 1967
1961 1967
1961 1968
1968 1969
1964 1969
1967 1969
1939 1963
1974 1971
1968 1966
1957 1963
1965 1973
1967 1970
1963 1963
1957 1966
1927 1979
1978 1969
1963 1966
1964 1966
1968 1973
1966 1963
2006 1943
1948 1961
1965 1962
1966 1966
1964 1965
1969 1970
1965 1967
1964 1964
1962 1965
1965 1968
1968 1964
1968 1956
1977 1962
1962 1962
1962 1965
1971 1967
1965 1961
1957 1960
1937 1985
1968 1969
1971 1970
1962 1964
1967 1967
1965 1962
1965 1955
1960 1961
1963 1969
1971 1970
1962 1960
1957 1962
1959 1970
1967 1975
1963 1960
1955 1963
1964 1970
1965 1961
1962 1966
1959 1965
1965 1969
1966 1968
1958 1963
1956 1965
1962 1969
1964 1967
1963 1965
1965 1968
1966 1969
1965 1967
1962 1965
1965 1967
1964 1967
1965 1964
1960 1966
1960 1968
1963 1965
1961 1961
1962 1961
1964 1963
1968 1967
1967 1962
1966 1969
1961 1967
1968 1963
1963 1960
1960 1964
1962 1961
1964 1964
1964 1965
1965 1966
1965 1964
1961 1962
1964 1965
1968 1964
1964 1965
1966 1966
1965 1966
1965 1964
1962 1963
1958 1962
1960 1964
1962 1967
1963 1966
1966 1968
1965 1967
1963 1965
1951 1960
1965 1962
1963 1967
1961 1965
1963 1968
1964 1965
1964 1965
1959 1966
1963 1966
1963 1964
1963 1965
1967 1966
1965 1967
1963 1964
1965 1966
1963 1965
1966 1965
1962 1963
1965 1965
1967 1966
1965 1964
1968 1966
1967 1966
1965 1967
1965 1963
1951 1969
1967 1962
1963 1963
1969 1966
1968 1965
1968 1966
1966 1964
1965 1964
1963 1963
1964 1965
1969 1966
1967 1965
1969 1966
1966 1966
1967 1965
1963 1965
1963 1965
1963 1964
1965 1964
1966 1966
1967 1968
1965 1965
1964 1964
1965 1964
1964 1967
1976 1963
1963 1968
1967 1969
1964 1967
1963 1966
1960 1969
1957 1967
1963 1967
1962 1970
1963 1967
1964 1966
1962 1966
1963 1968
1964 1968
1964 1967
1962 1969
1963 1971
1962 1970
1960 1968
1959 1965
1963 1968
1961 1966
1963 1967
1963 1969
1967 1967
1963 1967
1962 1965
1963 1966
1969 1967
1962 1977
1971 1967
1957 1964
1961 1963
1962 1966
1968 1965
1950 1951
1955 1960
1968 1966
1971 1964
1964 1965
1966 1951
1975 1976
1967 1962
1964 1967
1966 1964
1959 1959
1964 2003
1943 1943
1960 1964
1963 1983
1958 1963
1964 1965
1961 1921
1978 1977
1963 1963
1965 1969
1965 1964
1960 1964
1961 2035
1927 1941
1956 1966
1961 1965
1962 1965
1964 1968
1963 1944
1975 1972
1959 1967
1965 1968
1959 1964
1957 1964
1963 1971
1970 1971
1965 1963
1958 1964
1955 1967
1963 1968
1959 1963
1960 1967
1963 1972
1964 1971
1958 1966
1961 1967
1965 1969
1964 1966
1965 1965
1966 1969
1968 1963
1963 1964
1963 1964
1962 1964
1963 1966
1961 1965
1964 1968
1964 1967
1964 1970
1962 1965
1965 1963
1968 1965
1965 1958
1967 1963
1965 1961
1967 1963
1967 1963
1964 1963
1964 1965
1964 1966
1963 1963
1965 1964
1964 1963
1966 1962
1967 1963
1966 1963
1968 1964
1963 1962
1963 1964
1963 1966
1963 1965
1964 1963
1962 1966
1965 1966
1965 1963
1965 1963
1965 1963
1967 1961
1967 1961
1968 1963
1966 1965
1963 1967
1961 1964
1962 1966
1965 1966
1965 1969
1963 1968
1965 1967
1967 1966
1962 1964
1963 1967
1965 1965
1963 1966
1964 1965
1967 1968
1966 1964
1962 1964
1961 1966
1963 1965
1965 1967
1965 1964
1969 1973
1964 1966
1970 1956
1957 1960
1960 1967
1972 1971
1963 1965
1960 1964
1962 1977
1965 1977
1973 1966
1957 1966
1963 1968
1963 1968
1963 1967
1960 1960
1957 1969
1970 1972
1963 1965
1956 1962
1965 1953
1965 1985
1970 1967
1957 1966
1963 1971
1967 1964
1964 1967
1962 1963
1961 1966
1964 1973
1964 1967
1965 1967
1964 1932
1975 1987
1967 1967
1959 1968
1961 1968
1965 1969
1964 2005
1946 1952
1961 1971
1963 1970
1964 1969
1960 1968
1962 1932
1976 1980
1966 1972
1962 1968
1964 1970
1963 1964
1957 2022
1919 1949
1964 1964
1963 1969
1968 1968
1962 1967
1963 1934
1989 1973
1959 1970
1968 1967
1967 1966
1961 1968
1966 1990
1945 1960
1958 1957
1962 1968
1966 1969
1968 1967
1966 1982
1977 1968
1971 1975
1963 1961
1963 1967
1963 1966
1961 1967
1955 1964
1951 1956
1962 1969
1963 1965
1962 1965
1962 1966
1961 1968
1973 1974
1965 1966
1962 1963
1958 1969
1966 1970
1971 1961
1950 1959
1961 1970
1963 1972
1966 1967
1964 1966
1936 1969
1979 1973
1964 1962
1963 1966
1968 1971
1968 1964
2013 1944
1939 1962
1966 1968
1964 1968
1965 1965
1964 1967
1925 1982
1980 1968
1964 1966
1963 1966
1968 1969
1967 1965
2014 1934
1946 1963
1962 1966
1965 1970
1964 1964
1965 1967
1941 1981
1976 1968
1964 1959
1959 1962
1967 1964
1963 1962
2018 1927
1950 1964
1955 1960
1964 1969
1963 1968
1960 1967
1944 1990
1966 1969
1973 1971
1963 1962
1960 1966
1966 1968
1970 1955
1959 1960
1958 1969
1970 1973
1966 1964
1958 1961
1956 1966
1965 1973
1973 1966
1960 1963
1966 1970
1965 1964
1963 1977
1955 1950
1951 1968
1965 1965
1961 1967
1964 1967
1967 1940
1970 1982
1973 1963
1961 1961
1961 1965
1968 1968
1965 2003
1942 1946
1955 1969
1963 1965
1963 1969
1964 1968
1966 1928
1973 1978
1976 1962
1968 1970
1970 1965
1966 1966
1965 2032
1933 1945
1954 1969
1960 1962
1961 1967
1966 1970
1966 1914
1989 1980
1969 1963
1971 1970
1967 1962
1965 1962
1967 2042
1926 1945
1966 1965
1966 1967
1965 1964
1965 1967
1966 1939
1992 1972
1966 1971
1971 1968
1968 1966
1966 1962
1966 1967
1965 1964
1964 1963
1967 1969
1966 1969
1967 1968
1964 1968
1967 1966
1965 1966
1962 1966
1968 1967
1969 1969
1967 1967
1964 1965
1965 1969
1966 1968
1965 1966
1961 1967
1965 1971
1966 1969
1967 1965
1965 1966
1963 1967
1965 1965
1964 1968
1966 1968
1966 1968
1964 1965
1962 1966
1964 1969
1965 1965
1962 1968
1962 1966
1964 1968
1964 1966
1964 1967
1965 1969
1961 1967
1960 1969
1960 1968
1962 1968
1960 1966
1959 1965
1966 1967
1964 1967
1966 1967
1964 1966
1966 1965
1961 1968
1962 1969
1961 1971
1959 1970
1958 1971
1961 1970
1960 1966
1958 1965
1962 1963
1964 1963
1969 1965
1967 1966
1969 1967
1964 1966
1961 1970
1959 1969
1957 1972
1959 1971
1962 1962
1963 1964
1962 1962
1966 1960
1967 1958
1968 1963
1969 1967
1971 1972
1969 1971
1962 1972
1957 1969
1960 1972
1959 1969
1959 1964
1961 1962
1965 1960
1968 1957
1971 1961
1974 1962
1970 1965
1969 1969
1965 1973
1964 1975
1961 1968
1959 1968
1960 1964
1961 1958
1966 1958
1968 1957
1972 1959
1973 1958
1971 1965
1972 1969
1970 1976
1968 1972
1964 1973
1963 1972
1960 1965
1962 1962
1964 1959
1970 1958
1971 1957
1975 1959
1975 1961
1971 1970
1970 1972
1969 1976
1967 1975
1962 1972
1961 1971
1959 1964
1963 1960
1968 1957
1970 1959
1972 1959
1971 1966
1972 1969
1970 1972
1963 1976
1960 1976
1957 1977
1958 1974
1958 1970
1960 1964
1960 1959
1961 1960
1967 1959
1969 1961
1970 1966
1970 1971
1967 1977
1963 1975
1958 1977
1958 1975
1955 1971
1959 1964
1961 1963
1965 1959
1968 1956
1969 1957
1973 1962
1968 1964
1967 1971
1964 1973
1964 1976
1961 1972
1958 1970
1958 1963
1959 1960
1963 1959
1969 1957
1971 1955
1970 1959
1970 1964
1970 1969
1965 1971
1963 1971
1961 1973
1960 1970
1957 1966
1962 1960
1962 1958
1966 1956
1967 1957
1971 1958
1971 1963
1968 1969
1964 1969
1962 1974
1961 1973
1957 1974
1959 1968
1960 1964
1960 1960
1965 1957
1968 1960
1969 1960
1971 1964
1968 1965
1961 1966
1962 1972
1960 1977
1960 1974
1958 1971
1960 1969
1961 1964
1962 1961
1966 1958
1969 1959
1970 1963
1970 1967
1971 1969
1963 1975
1962 1971
1957 1971
1956 1971
1959 1970
1962 1965
1965 1963
1968 1962
1968 1957
1969 1961
1969 1964
1966 1969
1965 1971
1964 1975
1964 1975
1961 1971
1960 1970
1959 1965
1962 1962
1967 1961
1969 1961
1969 1960
1969 1961
1970 1966
1967 1968
1968 1972
1963 1970
1961 1973
1960 1972
1964 1967
1963 1964
1964 1961
1967 1960
1967 1960
1971 1961
1971 1964
1968 1963
1964 1968
1965 1970
1964 1973
1961 1971
1958 1967
1959 1963
1958 1961
1961 1962
1968 1961
1967 1962
1965 1968
1965 1963
1964 1968
1962 1970
1961 1969
1962 1969
1959 1970
1960 1966
1962 1964
1962 1960
1962 1960
1966 1960
1968 1962
1969 1962
1967 1966
1968 1967
1965 1967
1960 1967
1959 1966
1962 1968
1961 1965
1963 1962
1965 1961
1964 1961
1966 1962
1968 1959
1967 1966
1964 1967
1966 1970
1965 1971
1962 1968
1959 1966
1958 1966
1960 1966
1961 1964
1965 1965
1965 1964
1965 1963
1962 1965
1963 1970
1964 1973
1961 1971
1959 1971
1960 1969
1963 1964
1962 1965
1961 1962
1961 1963
1964 1962
1971 1964
1965 1966
1964 1964
1963 1971
1964 1968
1964 1968
1962 1967
1961 1964
1964 1963
1977 1956
1960 1958
1968 1962
1974 1966
1971 1958
1963 1962
1934 1990
1976 1970
1966 1966
1958 1963
1962 1967
1961 1960
1984 1942
1955 1954
1963 1961
1970 1962
1970 1960
1968 1962
1936 1992
1969 1972
1971 1970
1953 1964
1956 1970
1959 1967
1971 1947
1958 1957
1956 1959
1968 1962
1967 1962
1972 1963
1968 1969
1963 1973
1974 1969
1958 1967
1959 1971
1956 1963
1951 1971
1955 1943
1947 1962
1970 1957
1966 1957
1972 1957
1972 1949
1972 1977
1973 1969
1963 1968
1956 1966
1959 1971
1956 1995
1941 1942
1954 1960
1966 1956
1970 1955
1972 1960
1977 1930
1981 1979
1975 1963
1961 1970
1958 1976
1955 1974
1949 2051
1916 1944
1952 1964
1958 1961
1966 1960
1968 1959
1973 1915
2000 1976
1968 1967
1969 1977
1957 1975
1951 1977
1951 2014
1926 1960
1951 1965
1957 1969
1966 1956
1971 1957
1979 1935
1996 1962
1981 1966
1971 1966
1965 1974
1960 1971
1952 2008
1917 1967
1951 1959
1960 1969
1972 1956
1971 1948
1976 1968
1998 1952
1979 1967
1977 1965
1961 1967
1956 1976
1953 1977
1938 1975
1939 1965
1954 1973
1963 1963
1967 1954
1975 1956
1970 1950
1986 1964
1969 1955
1966 1971
1957 1976
1952 1980
1981 1971
1927 1967
1954 1973
1955 1963
1964 1956
1970 1952
1949 1962
1995 1957
1979 1957
1970 1958
1960 1970
1960 1975
1986 1964
1936 1974
1950 1973
1954 1969
1966 1960
1974 1955
1943 1959
1989 1954
1972 1952
1970 1961
1964 1967
1959 1974
2022 1939
1929 1978
1947 1972
1955 1976
1959 1961
1964 1957
1940 1983
1987 1953
1982 1961
1972 1954
1965 1966
1964 1973
1977 1953
1943 1978
1946 1981
1956 1981
1960 1970
1967 1966
1947 1963
1978 1957
1984 1953
1973 1953
1974 1962
1965 1969
1964 1957
1946 1968
1941 1972
1955 1977
1953 1970
1962 1965
1968 1968
1980 1965
1988 1952
1975 1952
1973 1960
1961 1970
1954 1975
1954 1970
1948 1979
1955 1984
1957 1977
1957 1966
1965 1941
1977 1972
1985 1956
1976 1954
1974 1960
1972 1962
1963 1995
1945 1960
1949 1983
1956 1981
1952 1977
1959 1972
1967 1939
1981 1973
1983 1955
1979 1951
1979 1956
1977 1960
1969 2018
1934 1951
1953 1972
1951 1978
1956 1975
1955 1972
1964 1916
1996 1973
1975 1959
1980 1952
1974 1955
1978 1959
1968 2032
1918 1948
1953 1970
1949 1975
1951 1975
1951 1974
1958 1941
1988 1976
1971 1963
1974 1959
1977 1956
