3230 1944
3016 1951
2540 1961
1917 1979
1309 1992
864 1997
757 1993
877 1986
1277 1973
1869 1960
2493 1949
2982 1942
3218 1941
3142 1947
2774 1962
2206 1977
1579 1985
1053 1992
764 1992
797 1986
1073 1973
1590 1961
2205 1946
2762 1942
3124 1946
3191 1950
2951 1959
2463 1968
1856 1979
1278 1987
873 1990
775 1985
937 1975
1365 1964
1946 1950
2526 1944
2959 1944
3146 1948
3036 1956
2661 1967
2113 1974
1535 1983
1064 1988
823 1986
867 1978
1180 1967
1689 1956
2265 1946
2762 1944
3053 1945
3066 1952
2806 1963
2339 1973
1783 1985
1278 1985
951 1983
877 1976
1075 1967
1494 1957
2024 1952
2532 1944
2895 1944
3022 1948
2883 1958
2519 1970
2019 1979
1512 1987
1120 1985
946 1984
1027 1969
1338 1960
1805 1951
2307 1948
2713 1945
2926 1952
2896 1956
2637 1967
2213 1978
1733 1982
1320 1984
1072 1979
1050 1975
1253 1961
1629 1953
2081 1949
2500 1946
2782 1950
2855 1958
2704 1968
2372 1976
1943 1985
1524 1984
1224 1980
1111 1973
1213 1964
1501 1955
1899 1948
2306 1945
2616 1953
2762 1961
2707 1965
2467 1974
2105 1979
1720 1982
1398 1977
1225 1975
1238 1967
1426 1959
1746 1953
2111 1949
2433 1952
2628 1956
2656 1966
2511 1973
2233 1983
1892 1984
1576 1984
1362 1975
1302 1968
1408 1959
1649 1955
1964 1953
2267 1957
2492 1958
2576 1964
2508 1974
2305 1980
2025 1982
1736 1982
1513 1979
1406 1971
1440 1961
1604 1958
1856 1952
2125 1953
2348 1959
2470 1967
2461 1973
2335 1977
2113 1982
1863 1982
1647 1981
1514 1974
1502 1965
1600 1955
1791 1952
2013 1953
2226 1957
2362 1959
2396 1968
2321 1977
2160 1982
1952 1983
1759 1980
1623 1974
1574 1966
1622 1959
1758 1953
1944 1951
2124 1954
2261 1959
2321 1967
2287 1973
2176 1982
2014 1983
1844 1978
1708 1975
1644 1968
1671 1962
1759 1955
1901 1951
2062 1949
2189 1956
2243 1982
2238 1965
2166 1978
2047 1990
1901 1984
1782 1973
1718 1946
1708 1963
1761 1958
1872 1946
2009 1953
2124 1957
2188 1974
2204 1972
2155 1973
2057 1989
1927 1981
1819 1977
1762 1972
1743 1949
1785 1944
1863 1941
1966 1944
2077 1951
2135 1960
2158 1975
2128 1974
2055 1994
1981 1987
1860 1977
1808 1965
1781 1951
1798 1945
1859 1922
1912 1929
2039 1945
2092 1961
2129 1969
2111 1991
2059 2006
2045 2003
1884 1987
1843 1968
1813 1956
1822 1923
1863 1908
1880 1911
2011 1928
2057 1951
2093 1948
2089 2006
2057 2023
2001 2027
1938 2012
1880 1978
1842 1968
1835 1912
1867 1893
1919 1889
1979 1898
2035 1931
2067 1935
2073 2015
2047 2044
2008 2054
1957 2042
1906 2009
1877 1989
1870 1915
1881 1881
1912 1862
1955 1868
2002 1904
2035 1923
2051 2001
2044 2048
2007 2080
1973 2081
1929 2053
1906 2011
1886 1943
1881 1886
1911 1844
1947 1835
1997 1865
2011 1916
2033 1974
2033 2036
2009 2086
1982 2108
1951 2088
1932 2045
1906 1985
1901 1914
1918 1853
1942 1824
1968 1831
1984 1862
2009 1924
2019 2002
2008 2068
1970 2109
1968 2115
1944 2078
1927 2046
1916 1954
1923 1884
1941 1835
1955 1824
1974 1829
1988 1875
2000 1954
2007 2029
1999 2085
1978 2118
1968 2092
1954 2088
1932 2006
1926 1929
1954 1868
1947 1826
1959 1866
1973 1829
1989 1903
1992 1981
1963 2047
1984 2095
1976 2108
1967 2099
1954 2041
1950 1973
1944 1910
1942 1855
1942 1850
1953 1832
1972 1876
1980 1938
1977 2004
1981 2061
1990 2071
1982 2095
1967 2069
1954 2005
1955 1944
1956 1887
1941 1853
1945 1836
1956 1855
1965 1917
1982 1971
1971 2023
1987 2058
1983 2078
1980 2072
1975 2020
1954 1975
1963 1921
1943 1876
1938 1857
1949 1861
1954 1904
1955 1948
1964 1998
1979 2041
1988 2062
1982 2058
1982 2025
1942 1987
1978 1946
1947 1903
1940 1877
1944 1873
1941 1905
2019 1936
1939 1974
1976 2018
1985 2059
1988 2056
1988 2025
1958 1996
1973 1960
1958 1919
1943 1886
1936 1887
1935 1906
1972 1938
1941 1966
1961 2001
1981 2053
1991 2040
1996 2028
1989 1998
1984 1968
1962 1929
1940 1902
1934 1895
1933 1911
1940 1934
1943 1958
1962 1993
1982 2046
1993 2037
1996 2025
1989 2001
1987 1975
1976 1937
1948 1913
1935 1900
1923 1909
1928 1933
1933 1958
1945 1991
1978 2015
1990 2035
2000 2021
2005 1998
1996 1977
1980 1948
1949 1914
1936 1899
1936 1912
1923 1929
1925 1952
1945 1987
1967 2012
1984 2043
1997 2018
2007 2008
2006 1979
1993 1947
1964 1937
1944 1890
1930 1905
1921 1919
1918 1952
1935 1983
1958 2001
1979 2041
1995 2031
2008 2010
2015 1985
1995 1959
1971 1919
1957 1896
1947 1900
1930 1918
1919 1940
1929 1974
1940 1974
1963 2046
1979 2033
1999 2022
2026 1997
2004 1962
1985 1972
1963 1891
1945 1899
1925 1911
1889 1935
1925 1969
1938 2006
1959 2026
1973 2038
1991 2034
2003 2009
2001 1971
1991 1943
1974 1902
1957 1893
1934 1908
1923 1924
1922 1953
1942 1989
1958 2027
1973 2042
1987 2026
2000 2016
2005 1979
1995 1945
1979 1915
1966 1894
1950 1900
1965 1915
1912 1938
1941 1978
1949 2017
1965 2038
1983 2029
1977 2014
2008 1993
1992 1955
1983 1920
1967 1901
1948 1898
1981 1908
1910 1933
1934 1970
1943 2005
1963 2026
1982 2034
1949 2029
2008 2003
1990 1965
1985 1930
1967 1904
1951 1895
2014 1901
1913 1924
1938 1960
1944 1990
1956 2018
1971 2033
1932 2029
2001 2009
1990 1974
1987 1906
1970 1906
1953 1895
1946 1900
1940 1913
1939 1945
1944 2000
1955 2008
1972 2028
1975 2032
1980 2015
1982 1984
1980 1916
1971 1921
1958 1897
1952 1895
1945 1906
1943 1934
1946 1990
1958 2007
1967 2020
1977 2025
1979 2016
1980 1992
1974 1935
1967 1927
1960 1911
1956 1900
1953 1904
1952 1926
1957 1961
1962 1992
1966 2010
1972 2027
1975 2017
1975 2000
1970 1976
1964 1946
1961 1921
1956 1905
1953 1909
1956 1925
1961 1946
1966 1975
1967 2003
1978 2020
1976 2023
1972 2007
1969 1988
1964 1959
1957 1933
1953 1917
1959 1913
1961 1921
1967 1941
1971 1966
1974 1991
1974 2012
1973 2015
1972 2010
1964 1991
1960 1965
1954 1939
1954 1919
1954 1917
1960 1919
1965 1937
1972 1959
1976 1984
1976 2002
1974 2014
1966 2009
1962 1996
1954 1977
1951 1954
1952 1934
1956 1920
1960 1922
1965 1934
1973 1956
1976 1976
1979 1996
1978 2010
1973 2008
1962 2003
1952 1986
1948 1965
1947 1944
1952 1931
1959 1926
1969 1930
1978 1944
1983 1966
1981 1986
1978 2001
1967 2005
1959 2002
1951 1989
1950 1973
1946 1954
1948 1938
1958 1928
1968 1931
1977 1941
1982 1955
1981 1973
1979 1989
1973 2002
1963 2003
1955 1995
1945 1979
1944 1962
1947 1949
1957 1936
1965 1933
1978 1938
1986 1953
1988 1965
1988 1980
1978 1990
1967 1992
1953 1992
1947 1982
1942 1971
1944 1952
1953 1942
1961 1938
1972 1937
1985 1948
1991 1961
1986 1975
1979 1982
1968 1990
1954 1989
1946 1984
1941 1973
1942 1960
1949 1950
1960 1941
1969 1942
1977 1948
1982 1957
1983 1969
1979 1983
1972 1987
1961 1987
1950 1982
1941 1973
1940 1964
1947 1952
1955 1945
1968 1943
1978 1947
1985 1955
1982 1968
1980 1975
1970 1982
1958 1984
1950 1979
1945 1970
1945 1961
1947 1954
1957 1950
1966 1948
1976 1949
1974 1954
1985 1961
1978 1971
1970 1979
1963 1984
1954 1982
1951 1977
1945 1966
1950 1958
1956 1952
1967 1949
1976 1951
1981 1954
1985 1963
1980 1969
1975 1978
1963 1981
1955 1981
1944 1976
1945 1971
1948 1964
1955 1956
1963 1951
1971 1948
1983 1953
1984 1957
1983 1963
1973 1971
1963 1995
1952 1968
1940 1978
1941 1981
1931 1967
1951 1955
1964 1923
1979 1963
1979 1955
1977 1954
1997 1964
1976 1969
1962 1974
1951 1976
1948 1979
1942 1976
1925 1967
1947 1964
1965 1949
1976 1960
1984 1959
1991 1950
1984 1961
1970 1967
1961 2002
1955 1971
1942 1963
1937 1979
1959 1970
1942 1965
1969 1958
1980 1959
1987 1965
1987 1959
1967 1954
1982 1965
1952 1971
1940 1969
1936 1967
1939 1980
1984 1974
1944 1967
1985 1965
1992 1962
1999 1963
1993 1954
1937 1961
1975 1966
1940 1969
1927 1960
1926 1967
1934 1979
2020 1975
1950 1970
1999 1969
2013 1973
2021 1964
2006 1957
1935 1958
1969 1963
1923 1965
1906 1942
1895 1971
1904 1972
2001 1977
1953 1965
2009 1970
2039 1977
2048 1968
2037 1958
1968 1957
1961 1963
1913 1965
1875 1933
1860 1971
1867 1971
1943 1975
1949 1969
2007 1972
2060 1996
2084 1971
2083 1967
2044 1959
1988 1960
1922 1963
1861 1927
1825 1965
1827 1967
1867 1970
1923 1969
1997 1969
2066 1989
2118 1968
2121 1967
2090 1966
2031 1959
1952 1961
1870 1936
1808 1955
1791 1963
1807 1964
1868 1967
1956 1971
2051 1968
2120 1974
2150 1965
2143 1968
2091 1962
2009 1960
1896 1986
1816 1948
1773 1964
1768 1964
1807 1967
1895 1968
2000 1966
2091 1971
2151 1971
2173 1962
2148 1960
2065 1964
1954 1965
1856 1963
1781 1961
1747 1962
1741 1964
1835 1966
1940 1967
2051 1969
2134 1969
2182 1968
2177 1965
2115 1963
2012 1963
1905 1963
1815 1963
1746 1965
1725 1966
1790 1966
1880 1969
1990 1971
2088 1969
2162 1966
2186 1965
2153 1965
2068 1970
1961 1953
1859 1961
1782 1968
1734 1965
1763 1961
1839 1956
1939 1972
2037 1973
2123 1965
2167 1969
2169 1963
2099 1964
2010 1961
1915 1952
1823 1963
1778 1961
1751 1966
1815 1972
1893 1970
1991 1966
2085 1971
2139 1972
2160 1968
2115 1965
2042 1959
1957 1952
1868 1962
1807 1961
1777 1964
1812 1968
1878 1968
1957 1970
2043 1978
2073 1972
2157 1967
2116 1965
2062 1957
1987 1960
1907 1965
1853 1965
1797 1961
1819 1963
1871 1974
1938 1976
2012 1969
2042 1974
2124 1973
2108 1971
2063 1952
2000 1960
1927 1963
1869 1968
1829 1962
1835 1961
1877 1974
1927 1971
1994 1968
2032 1970
2095 1970
2095 1972
2053 1969
2006 1964
1935 1964
1878 1965
1847 1961
1854 1963
1883 1975
1930 1970
1989 1961
2044 1962
2072 1973
2076 1973
2039 1968
1996 1964
1946 1969
1891 1964
1859 1961
1860 1961
1889 1969
1934 1973
1983 1963
2036 1967
2065 1968
2069 1973
2028 1969
1990 1965
1936 1967
1892 1968
1857 1962
1863 1961
1897 1959
1944 1975
1992 1963
2031 1968
2060 1968
2062 1970
2025 1992
1981 1951
1941 1968
1893 1963
1864 1964
1868 1966
1902 1961
1942 1961
1986 1966
2034 1973
2075 1968
2059 1966
2027 1989
1982 1957
1934 1964
1885 1970
1832 1966
1867 1960
1891 1929
1942 1977
1991 1962
2040 1961
2062 1971
2050 1969
2035 2015
1990 1950
1934 1962
1884 1964
1850 1959
1857 1961
1891 1962
1942 1962
1991 1958
2036 1964
2078 1969
2075 1967
2037 1967
1991 1968
1938 1967
1890 1967
1857 1963
1854 1960
1885 1962
1933 1961
1984 1962
2035 1961
2073 1969
2089 1969
2052 1967
2005 1966
1949 1968
1895 1967
1855 1965
1844 1964
1870 1962
1919 1960
1971 1962
2030 1965
2075 1965
2086 1965
2064 1968
2023 1968
1966 1967
1903 1967
1855 1966
1841 1966
1857 1962
1897 1961
1958 1965
2019 1962
2063 1965
2082 1969
2073 1966
2034 1969
1977 1967
1918 1969
1942 1967
1819 1965
1847 1966
1885 1964
1939 1965
1997 1966
2002 1962
2091 1965
2076 1968
2052 1968
2000 1970
1933 1970
1958 1970
1831 1964
1845 1965
1873 1965
1921 1964
1984 1964
1993 1964
2080 1966
2082 1962
2055 1966
2009 1969
1952 1971
1936 1969
1849 1970
1848 1966
1874 1963
1906 1965
1964 1964
2011 1963
2063 1966
2078 1967
2061 1968
2024 1967
1966 1967
1921 1971
1877 1968
1858 1967
1866 1968
1900 1961
1953 1964
2000 1966
2042 1965
2062 1967
2060 1967
2030 1967
1982 1971
1933 1970
1891 1969
1871 1969
1869 1968
1896 1969
1937 1965
1986 1962
2030 1961
2054 1963
2058 1965
2035 1966
1996 1967
1949 1970
1906 1964
1879 1966
1872 1965
1891 1967
1926 1968
1971 1965
2013 1964
2044 1962
2052 1963
2038 1965
2002 1967
1962 1967
1920 1969
1889 1970
1876 1972
1883 1967
1910 1964
1956 1963
2000 1961
2033 1963
2047 1962
2040 1960
2012 1962
1975 1965
1932 1966
1900 1968
1882 1968
1883 1966
1910 1963
1942 1963
1983 1961
2017 1961
2038 1962
2039 1964
2022 1965
1988 1964
1950 1968
1916 1971
1894 1970
1887 1969
1902 1966
1936 1963
1969 1960
2003 1959
2027 1958
2035 1959
2026 1964
2001 1966
1966 1969
1932 1967
1905 1970
1896 1972
1905 1970
1926 1964
1959 1963
1991 1957
2018 1954
2026 1955
2023 1956
2002 1961
1973 1968
1947 1974
1920 1974
1907 1976
1906 1976
1923 1973
1949 1965
1979 1958
2005 1954
2019 1947
2020 1947
2005 1959
1982 1966
1956 1966
1931 1976
1913 2003
1910 1984
1921 1978
1944 1969
1969 1968
1996 1955
2011 1943
2017 1947
2007 1950
1987 1961
1964 1962
1938 1969
1922 2009
1915 1988
1924 1987
1942 1975
1965 1975
1988 1963
2006 1927
2013 1946
2010 1942
1994 1953
1972 1956
1949 1967
1930 1996
1923 1986
1926 1991
1939 1984
1957 1984
1979 1968
1995 1942
2008 1943
2007 1947
1996 1948
1979 1953
1956 1962
1939 1970
1924 1990
1924 1985
1933 1986
1950 1985
1969 1976
1989 1985
2001 1937
2000 1950
1995 1946
1981 1949
1962 1954
1943 1942
1934 1985
1931 1980
1933 1981
1948 1980
1965 1980
1984 2005
1997 1944
1999 1953
1997 1949
1975 1950
1964 1954
1953 1918
1945 1988
1931 1973
1932 1976
1969 1980
1960 1978
1974 2014
1983 1949
1995 1959
1988 1955
1982 1949
1969 1953
1959 1914
1946 1977
1937 1970
1940 1973
1962 1980
1961 1976
1968 2022
1980 1952
1988 1955
1986 1960
1959 1955
1967 1956
1958 1930
1953 1966
1943 1974
1940 1968
1954 1971
1961 1974
1971 1994
1976 1960
1978 1951
1985 1961
1983 1955
1958 1956
1965 1961
1954 1958
1949 1974
1942 1961
1937 1968
1965 1969
1957 1965
1969 1962
1978 1949
1984 1962
2017 1959
1954 1958
1968 1962
1957 1963
1949 1973
1946 1962
1918 1967
1971 1970
1959 1965
1966 1955
1977 1957
1977 1963
2035 1963
1952 1960
1970 1961
1959 1972
1954 1971
1952 1966
1935 1963
1965 1965
1958 1960
1962 1937
1969 1956
1978 1958
2028 1964
1958 1963
1965 1963
1964 1988
1956 1970
1954 1968
1913 1964
1963 1970
1965 1962
1963 1936
1967 1961
1973 1958
2033 1968
1954 1965
1962 1966
1963 1987
1955 1966
1954 1970
1923 1965
1964 1971
1965 1965
1965 1931
1973 1961
1968 1962
1993 1964
1954 1960
1957 1966
1963 1982
1956 1975
1959 1968
1952 1966
1964 1970
1967 1963
1967 1950
1974 1953
1968 1962
1976 1965
1957 1962
1961 1963
1964 1964
1956 1976
1958 1972
1956 1971
1959 1967
1969 1964
1969 1989
1972 1948
1976 1965
1976 1961
1975 1964
1968 1964
1964 1938
1961 1981
1957 1966
1957 1973
1960 1962
1965 1967
1970 2020
1972 1942
1972 1963
1973 1959
1971 1963
1970 1966
1967 1919
1963 1980
1961 1966
1959 1970
1961 1965
1960 1965
1962 1970
1966 1963
1972 1963
1974 1960
1966 1967
1966 1966
1968 1965
1969 1966
1959 1967
1956 1968
1976 1966
1966 1968
1963 1967
1964 1966
1971 1963
1968 1963
1957 1964
1963 1963
1964 1964
1965 1969
1963 1968
1964 1967
1964 1968
1964 1969
1960 1966
1969 1962
1970 1963
1965 1963
1979 1963
1953 1963
1967 1965
1961 1967
1963 1969
1963 1972
1961 1968
1960 1968
1963 1966
1971 1964
1967 1966
1966 1965
1992 1961
1954 1962
1968 1963
1967 1963
1961 1966
1954 1966
1937 1969
1973 1968
1963 1971
1966 1968
1965 1964
1974 1962
1998 1962
1954 1962
1964 1958
1964 1964
1962 1966
1960 1957
1938 1973
1969 1966
1965 1966
1962 1955
1967 1954
1972 1969
1973 1973
1968 1962
1967 1960
1966 1976
1962 1972
1959 1966
1957 1969
1962 1967
1964 1970
1959 1962
1968 1963
1972 1971
1973 1974
1969 1965
1971 1959
1971 1980
1965 1968
1961 1938
1962 1969
1965 1971
1965 1962
1959 1934
1965 1955
1970 1973
1970 1975
1969 1962
1970 1962
1970 1969
1966 1968
1959 1961
1962 1969
1963 1972
1970 1971
1955 1972
1965 1974
1967 1973
1968 1965
1962 1969
1961 1970
1974 1966
1969 1965
1969 1959
1967 1978
1962 1967
1960 1955
1965 1983
1968 1973
1963 1981
1973 1970
1964 1967
1967 1967
1971 1968
1970 1971
1958 1968
1964 1965
1982 1967
1967 1973
1962 1971
1964 1971
1971 1975
1966 1975
1940 1969
1969 1966
1963 1968
1967 1968
1967 1958
1969 1975
1965 1969
1956 1955
1961 1972
1966 1976
1966 1974
1967 1974
1966 1970
1972 1966
1972 1968
1973 1966
1962 1963
1965 1962
1965 1967
1961 1970
1961 1969
1964 1972
1970 1974
1966 1972
1964 1967
1970 1963
1970 1967
1967 1967
1965 1957
1965 1974
1956 1962
1957 1956
1959 1969
1960 1978
1960 1968
1962 1967
1964 1973
1969 1967
1966 1963
1966 1972
1967 1967
1963 1964
1964 1968
1961 1970
1960 1968
1960 1968
1959 1972
1961 1972
1963 1966
1963 1964
1968 1965
1963 1965
1962 1959
1964 1971
1963 1964
1963 1975
1959 1961
1962 1961
1957 1973
1960 1976
1960 1968
1962 1967
1960 1967
1963 1961
1964 1964
1962 1964
1961 1967
1962 1968
1964 1969
1962 1972
1960 1970
1959 1972
1960 1971
1961 1973
1961 1966
1962 1966
1965 1993
1966 1972
1962 1964
1962 1973
1961 1959
1961 1965
1961 1976
1963 1976
1966 1971
1963 1971
1965 1969
1965 1966
1963 1966
1962 1965
1963 1964
1963 1965
1963 1965
1960 1968
1960 1972
1962 1974
1969 1976
1963 1971
1966 1969
1963 1972
1965 1989
1966 1973
1964 1962
1964 1970
1963 1956
1962 1961
1958 1975
1959 1976
1961 1970
1964 1974
1966 1974
1967 1951
1967 1980
1966 1965
1967 1961
1964 1966
1963 1968
1961 1998
1961 1946
1959 1973
1961 1972
1966 1978
1964 1971
1966 1942
1969 2011
1972 1972
1970 1969
1965 1969
1962 1954
1962 2027
1963 1955
1964 1969
1964 1968
1962 1971
1963 1974
1969 1922
1969 1978
1969 1969
1970 1968
1970 1965
1966 1961
1962 2043
1959 1950
1958 1968
1960 1968
1961 1968
1965 1970
1969 1970
1967 1990
1970 1978
1972 1969
1968 1970
1965 1955
1963 1960
1958 1972
1956 1970
1957 1966
1960 1969
1964 1971
1966 1970
1971 1969
1973 1969
1972 1969
1973 1967
1969 1969
1965 1970
1959 1966
1955 1967
1952 1969
1955 1971
1957 1971
1963 1972
1972 1976
1976 1976
1980 1966
1976 1967
1974 1957
1968 1965
1962 1974
1954 1971
1951 1966
1963 1968
1939 1973
1955 1975
1969 1970
1970 1972
1973 1969
1943 1970
1995 1969
1975 1966
1964 1967
1960 1969
1950 1969
1956 1971
1937 1971
1941 1972
1956 1977
1962 1979
1969 1969
1944 1975
1995 1963
1988 1957
1972 1968
1965 1973
1957 1966
1969 1963
1933 1968
1933 1972
1944 1968
1955 1967
1968 1968
1965 1968
1987 1970
1998 1968
1981 1965
1975 1965
1963 1968
1969 1966
1937 1968
1929 1969
1941 1963
1943 1973
1956 1969
1962 1960
1976 1958
1994 1969
1980 1976
1984 1968
1973 1962
1959 1966
1944 1971
1930 1970
1941 1966
1941 1970
1951 1972
1963 1968
1979 1966
1984 1967
1988 1967
1984 1967
1977 1968
1972 1967
1943 1967
1944 1965
1943 1981
1946 1961
1948 1970
1960 1966
1984 1974
1981 1967
1978 1935
1978 1982
1979 1972
1970 1971
1935 1970
1953 1968
1948 1974
1948 1963
1950 1969
1959 1975
1987 1971
1970 1967
1978 1932
1978 1981
1981 1974
1971 1964
1926 1972
1957 1970
1953 1968
1952 1964
1952 1964
1955 1963
1984 1969
1968 1977
1976 1934
1973 1971
1976 1976
1976 1964
1936 1967
1956 1970
1955 1989
1956 1966
1953 1962
1957 1974
1974 1973
1971 1971
1971 1972
1971 1971
1977 1979
1976 1966
1967 1970
1952 1970
1955 1974
1955 1989
1954 1953
1953 1973
1945 1960
1976 1971
1966 1980
1973 1973
1976 1979
1975 1971
1988 1968
1954 1971
1962 1967
1957 1962
1955 1965
1958 1974
1916 1971
1975 1973
1967 1973
1970 1975
1972 1976
1974 1968
2025 1967
1946 1972
1964 1967
1961 1968
1958 1962
1953 1965
1907 1965
1975 1958
1961 1975
1961 1991
1970 1971
1972 1972
2005 1967
1958 1970
1966 1968
1964 1936
1962 1970
1960 1968
1928 1971
1962 1968
1968 1973
1961 1989
1970 1972
1970 1966
1998 1968
1963 1965
1963 1966
1970 1929
1959 1973
1959 1963
1957 1976
1962 1962
1965 1961
1954 1993
1964 1977
1963 1972
1994 1967
1961 1968
1959 1970
1974 1953
1965 1960
1961 1968
1956 1972
1964 1968
1964 1969
1958 1978
1966 1978
1962 1966
1968 1967
1955 1970
1962 1964
1972 1957
1963 1959
1963 1967
1957 1971
1969 1970
1961 1961
1960 1960
1961 1987
1961 1964
1967 1968
1944 1966
1967 1968
1973 2001
1968 1945
1966 1964
1965 1966
1976 1967
1957 1968
1957 1931
1960 1984
1959 1974
1966 1966
1970 1967
1970 1969
1973 2020
1974 1945
1974 1969
1966 1965
1959 1954
1958 1962
1956 1927
1959 1986
1958 1971
1964 1975
1968 1970
1972 1965
1976 2046
1976 1950
1969 1963
1970 1967
1965 1966
1966 1970
1961 1921
1960 1976
1958 1974
1968 1972
1965 1972
1967 1969
1972 2039
1973 1976
1974 1958
1970 1971
1970 1963
1965 1958
1963 1967
1960 1976
1956 1972
1957 1974
1961 1972
1965 1968
1967 1972
1971 1972
1970 1968
1973 1966
1971 1971
1965 1971
1963 1969
1961 1969
1965 1973
1963 1970
1963 1969
1963 1971
1963 1974
1965 1989
1971 1968
1970 1969
1970 1961
1968 1961
1964 1974
1969 1977
1968 1971
1961 1973
1983 1973
1957 1972
1972 1969
1968 1968
1963 1970
1966 1973
1942 1973
1973 1971
1968 1972
1960 1970
1962 1972
1961 1975
1976 1974
1960 1974
1966 1971
1976 1968
1972 1977
1962 1967
1950 1971
1974 1969
1970 1964
1959 1974
1971 1976
1961 1971
1988 1972
1970 1971
1958 1972
1964 1973
1968 1971
1973 1967
1975 1968
1966 1965
1963 1971
1965 1969
1965 1972
1963 1973
1959 1971
1963 1973
1968 1971
1973 1946
1973 1972
1972 1972
1972 1962
1970 1975
1966 1973
1990 1965
1962 1969
1967 1971
1970 1972
1959 1970
1951 1968
1967 1968
1973 1968
1964 1969
1967 1969
1973 1969
1973 1970
1968 1967
1966 1967
1967 1969
1966 1969
1962 1971
1965 1971
1967 1978
1965 1982
1964 1967
1968 1961
1971 1961
1956 1971
1991 1975
1964 1966
1970 1967
1967 1970
1955 1968
1957 1971
1970 1972
1972 1969
1963 1968
1965 1969
1969 1969
1968 1968
1964 1967
1969 1967
1973 1968
1970 1966
1966 1968
1968 1965
1970 1969
1966 1984
1967 1978
1969 1968
1971 1971
1976 1959
1987 1963
1963 1972
1969 1971
1967 1965
1958 1967
1961 1967
1975 1967
1974 1971
1963 1968
1966 1970
1969 1970
1969 1970
1965 1968
1962 1966
1969 1969
1969 1970
1967 1970
1967 1970
1972 1969
1971 1951
1964 1973
1970 1968
1971 1968
1970 1978
1970 1965
1966 1965
1958 1968
1962 1970
1976 1967
1975 1970
1963 1969
1966 1970
1971 1972
1971 1969
1965 1971
1965 1972
1967 1974
1969 1973
1968 1973
1968 1970
1971 1969
1968 1971
1966 1972
1967 1970
1967 1988
1967 1967
1965 1964
1966 1960
1971 1975
1970 1978
1973 1971
1972 1973
1970 1973
1967 1972
1963 1969
1966 1970
1965 1973
1965 1973
1967 1972
1971 1973
1970 1971
1971 1972
1971 1973
1969 1971
1969 1971
1968 1973
1971 1972
1962 1970
1982 1958
1960 1978
1954 1966
1962 1975
1973 1969
1974 1962
1966 1969
1970 1973
1972 1969
1970 1972
1968 1973
1966 1971
1967 1971
1965 1969
1966 1968
1965 1969
1965 1967
1968 1968
1974 1968
1972 1970
1970 1968
1967 1971
1968 1971
1970 1974
1955 1963
1973 1985
1960 1961
1953 1970
1962 1970
1973 1965
1973 1959
1965 1970
1969 1973
1969 1969
1970 1971
1969 1972
1969 1970
1967 1971
1967 1972
1967 1970
1962 1967
1962 1964
1966 1965
1967 1968
1966 1968
1973 1971
1972 1971
1999 1916
1967 1982
1989 1975
1957 1976
1969 1963
1969 1960
1914 2048
1958 1956
1970 1962
1972 1962
1969 1971
1973 1976
1997 1927
1970 1981
1969 1973
1972 1971
1964 1972
1965 1966
1929 2032
1958 1952
1965 1961
1966 1965
1972 1968
1972 1970
1991 1937
1980 1975
1987 1976
1978 1975
1965 1964
1971 1954
1952 1998
1951 1963
1974 1959
1970 1965
1970 1966
1976 1968
1975 1971
1975 1969
1975 1972
1972 1974
1969 1971
1967 1965
1975 1971
1969 1969
1966 1965
1970 1966
1975 1971
1973 1970
1971 1967
1974 1967
1970 1973
1973 1966
1965 1977
1957 1969
1970 1974
1970 1959
1963 1965
1965 1972
1968 1970
1970 1967
1973 1972
1975 1973
1971 1972
1969 1970
1968 1972
1967 1972
1967 1971
1964 1970
1966 1969
1964 1968
1968 1967
1969 1968
1972 1970
1970 1976
1970 1972
1961 1961
1971 1974
1965 1972
1965 1959
1955 1973
1964 1977
1970 1964
1966 1967
1966 1969
1969 1969
1970 1968
1974 1971
1971 1972
1971 1974
1969 1971
1968 1971
1967 1970
1967 1970
1967 1969
1968 1962
1969 1970
1966 1969
1968 1974
1968 1972
1952 1974
1972 1998
1969 1973
1964 1971
1971 1963
1967 1963
1958 1977
1967 1977
1969 1971
1968 1974
1970 1975
1969 1974
1966 1971
1968 1974
1965 1972
1968 1973
1968 1973
1965 1973
1960 1972
1963 1969
1967 1971
1971 1970
1970 1978
1969 1967
1974 1972
1958 1957
1973 1973
1963 1968
1979 1931
1974 1978
1968 1960
1959 1973
1970 1976
1968 1970
1932 2027
1971 1957
1970 1967
1972 1973
1964 1971
1965 1970
1972 1966
1971 1977
1959 1969
1961 1963
1972 1969
1969 1976
1964 1966
1968 1965
1978 1969
1980 1974
1975 1984
1966 1976
1986 1967
1968 1961
1953 1985
1968 1971
1974 1965
1969 1967
1957 1975
1963 1964
1972 1957
1974 1971
1973 1968
1972 1966
1967 1978
1980 1968
1964 1976
1964 1960
1966 1965
1969 1966
1985 1970
1953 1960
1973 1960
1970 1970
1969 1966
1980 1989
1949 1966
1976 1978
1963 1979
1974 1965
1970 1959
1966 1969
2001 1967
1950 1949
1969 1965
1973 1968
1971 1971
1972 1967
1940 1973
1984 1982
1969 1975
1967 1968
1971 1970
1966 1970
2045 1968
1951 1930
1966 1969
1974 1966
1969 1970
1991 1969
1932 1976
1975 1993
1974 1955
1969 1974
1959 1973
1970 1974
2019 1971
1962 1937
1960 1967
1972 1969
1970 1973
1968 1969
1951 1974
1974 1991
1975 1977
1962 1967
1971 1970
1967 1971
1992 1967
1967 1943
1960 1962
1974 1971
1967 1968
1966 1968
1976 1991
1974 1972
1966 1981
1957 1966
1961 1975
1977 1970
1966 1971
1956 1971
1963 1963
1973 1974
1969 1976
1965 1968
1969 1966
1972 1961
1975 1986
1964 1969
1966 1970
1968 1975
1961 1972
1955 1982
1962 1954
1969 1972
1971 1970
1971 1969
1971 1959
1984 1940
1971 1983
1968 1968
1976 1959
1967 1968
1957 1980
1937 2032
1965 1948
1962 1967
1969 1969
1966 1968
1972 1969
1978 1956
1977 1982
1967 1971
1967 1965
1972 1973
1971 1976
1948 1997
1962 1961
1969 1971
1969 1973
1966 1968
1974 1969
1999 1896
1973 1985
1963 1976
1969 1971
1977 1957
1970 1971
1924 2046
1964 1956
1967 1964
1963 1970
1968 1968
1967 1971
1990 1927
1972 1973
1969 1973
1973 1971
1972 1975
1966 1969
1941 2011
1954 1955
1968 1962
1964 1970
1965 1966
1966 1970
1974 1960
1981 1977
1963 1969
1978 1959
1963 1970
1959 1976
1996 1973
1951 1945
1966 1962
1964 1968
1965 1967
1968 1968
1969 1970
1970 1970
1974 1969
1969 1972
1966 1971
1969 1968
1974 1971
1970 1974
1964 1969
1965 1968
1967 1971
1983 1976
1969 1964
1993 1960
1975 1978
1976 1976
1970 1964
1977 1963
1966 1975
1963 1976
1968 1970
1970 1970
1968 1973
1965 1969
1970 1968
1972 1971
1973 1971
1973 1971
1974 1971
1976 1973
1972 1971
1971 1971
1968 1969
1968 1971
1968 1970
1969 1970
1969 1969
1966 1968
1973 1963
1972 1977
1974 1967
1969 1968
1963 1975
1971 1974
1974 1966
1969 1967
1969 1970
1968 1966
1969 1967
1971 1966
1971 1967
1970 1968
1971 1968
1971 1968
1971 1968
1975 1970
1970 1970
1968 1968
1968 1969
1968 1970
1965 1969
1968 1969
1966 1969
1974 1984
1969 1969
1961 1970
1961 1969
1969 1977
1980 1965
1971 1965
1968 1971
1969 1968
1970 1967
1968 1969
1970 1970
1970 1971
1971 1969
1970 1972
1968 1968
1970 1971
1968 1969
1968 1971
1965 1969
1968 1972
1967 1971
1965 1971
1966 1970
1964 1964
1975 1976
1967 1971
1962 1975
1974 1973
1976 1959
1962 1973
1967 1976
1969 1971
1966 1972
1967 1973
1967 1971
1968 1972
1971 1972
1972 1975
1970 1974
1970 1974
1970 1973
1970 1972
1967 1971
1966 1974
1966 1973
1967 1968
1969 1971
1968 1969
1987 1974
1963 1977
1966 1972
1957 1970
1966 1981
1972 1971
1969 1968
1965 1972
1964 1972
1965 1973
1965 1971
1968 1973
1967 1970
1968 1973
1967 1971
1969 1972
1970 1972
1971 1973
1972 1974
1968 1970
1969 1972
1967 1966
1969 1971
1966 1970
1985 1971
1973 1996
1967 1979
1960 1968
1972 1972
1975 1962
1969 1966
1966 1971
1969 1971
1972 1970
1968 1969
1966 1966
1968 1967
1970 1968
1969 1970
1973 1973
1971 1972
1967 1968
1970 1968
1972 1966
1971 1967
1970 1968
1970 1968
1970 1966
1972 1971
1952 1970
1973 1987
1969 1967
1966 1969
1964 1969
1968 1974
1976 1966
1969 1957
1969 1967
1970 1968
1971 1966
1971 1968
1971 1970
1972 1971
1971 1964
1973 1968
1970 1969
1971 1969
1972 1968
1970 1966
1968 1966
1970 1961
1967 1966
1969 1969
1969 1968
1968 1977
1981 1979
1968 1966
1961 1972
1973 1970
1979 1960
1968 1966
1968 1973
1972 1969
1967 1968
1967 1967
1968 1969
1968 1969
1972 1973
1974 1974
1973 1971
1971 1969
1971 1967
1972 1969
1972 1969
1970 1970
1967 1970
1968 1968
1970 1970
1972 1970
1988 1973
1966 1977
1966 1973
1961 1968
1963 1985
1975 1969
1975 1962
1968 1967
1966 1969
1969 1970
1969 1971
1969 1972
1966 1969
1969 1970
1970 1970
1972 1967
1972 1971
1972 1971
1969 1972
1968 1970
1969 1970
1969 1970
1970 1970
1969 1970
1969 1973
1965 1987
1952 1976
1961 1957
1959 1975
1969 1978
1973 1963
1970 1970
1972 1972
1964 1985
1968 1963
1971 1967
1966 1972
1982 1969
1954 1964
1968 1964
1968 1972
1970 1973
1966 1969
1949 1969
1984 1977
1966 1975
1964 1966
1967 1966
1971 1972
2007 1972
1967 1940
1967 1977
1962 1964
1965 1975
1971 1969
1977 1963
1967 1971
1961 1975
1967 1966
1976 1970
1969 1973
1967 1968
1967 1968
1973 1972
1969 1975
1965 1969
1969 1970
1969 1969
1969 1968
1967 1969
1969 1968
1968 1970
1967 1971
1967 1969
1969 1967
1973 1976
1966 1978
1962 1968
1972 1974
1979 1969
1971 1960
1963 1968
1970 1970
1971 1965
1968 1969
1969 1967
1972 1968
1969 1970
1971 1968
1971 1970
1972 1970
1971 1966
1971 1965
1972 1969
1969 1968
1965 1967
1967 1967
1967 1967
1968 1970
1953 1965
1976 1966
1969 1981
1968 1962
1976 1953
1969 1959
1971 1989
1969 1967
1970 1963
1969 1968
1968 1966
1962 1974
1964 1958
1977 1968
1972 1975
1968 1966
1965 1961
1981 1934
1972 1984
1965 1964
1968 1964
1973 1966
1972 1967
1961 1979
1963 1956
1959 1968
1977 1973
1964 1977
1963 1961
1991 1913
1962 1985
1970 1967
1968 1958
1972 1966
1965 1968
1952 1992
1969 1960
1965 1964
1973 1966
1969 1971
1964 1966
1991 1930
1967 1976
1971 1976
1963 1963
1966 1961
1969 1967
1954 1978
1967 1960
1970 1964
1969 1973
1968 1974
1966 1970
1986 1960
1970 1964
1962 1979
1965 1963
1971 1963
1967 1965
1952 1975
1958 1965
1967 1958
1967 1972
1968 1971
1967 1971
1964 1976
1977 1968
1962 1977
1965 1964
1968 1969
1964 1970
1985 1966
1943 1959
1962 1962
1964 1972
1957 1972
1971 1988
1949 1969
1970 1978
1961 1972
1964 1979
1969 1963
1970 1963
2014 1976
1943 1947
1964 1964
1967 1968
1967 1972
1967 1969
1934 1970
1977 1987
1969 1973
1964 1971
1968 1966
1968 1972
2006 1966
1951 1946
1967 1970
1969 1973
1964 1971
1968 1968
1957 1991
1976 1972
1966 1977
1952 1964
1964 1977
1979 1971
1993 1968
1958 1951
1965 1967
1971 1972
1970 1975
1967 1971
1936 1968
1970 1985
1975 1974
1962 1971
1967 1968
1969 1975
1991 1967
1966 1935
1956 1959
1973 1969
1966 1970
1965 1970
1963 1973
1967 1994
1973 1972
1956 1972
1957 1966
1966 1975
1978 1963
1963 1969
1952 1953
1967 1969
1968 1967
1966 1970
1968 1969
1972 1963
1974 1981
1967 1972
1962 1969
1968 1967
1964 1967
1957 1995
1963 1951
1969 1970
1967 1967
1967 1964
1972 1973
1968 1971
1972 1991
1973 1964
1970 1970
1964 1964
1963 1966
1940 2039
1968 1938
1965 1964
1970 1969
1966 1968
1971 1965
1983 1943
1973 1972
1973 1970
1965 1964
1970 1967
1970 1965
1942 2007
1965 1955
1966 1963
1970 1971
1968 1968
1968 1968
1967 1969
1968 1971
1968 1968
1970 1971
1964 1968
1962 1965
1929 2009
1963 1964
1970 1951
1963 1968
1964 1968
1966 1964
1976 1969
1972 1974
1957 1971
1961 1960
1962 1968
1964 1968
1956 1998
1951 1957
1961 1957
1962 1969
1965 1970
1963 1967
1965 1969
1972 1973
1964 1973
1977 1956
1965 1975
1961 1959
1971 1957
1939 1958
1966 1966
1967 1964
1964 1962
1963 1965
1944 1966
1977 1980
1961 1970
1971 1966
1966 1969
1962 1967
2009 1966
1943 1942
1964 1961
1963 1963
1963 1966
1966 1967
1922 1967
1973 1984
1964 1967
1951 1969
1970 1993
1961 1974
1996 1968
1953 1946
1958 1969
1962 1967
1966 1968
1966 1972
1961 1970
1963 1968
1967 1971
1967 1972
1963 1967
1965 1967
1968 1971
1968 1972
1963 1969
1962 1966
1964 1972
1960 1970
1961 1965
1961 1966
1966 1970
1961 1968
1942 1969
1967 1964
1964 1978
1965 1965
1964 1964
1967 1969
1965 1973
1963 1967
1968 1963
1965 1967
1964 1970
1968 1967
1967 1969
1967 1967
1963 1969
1967 1966
1967 1970
1966 1969
1967 1968
1969 1965
1970 1971
1966 1967
1967 1967
1968 1967
1968 1968
1969 1968
1990 1964
1963 1977
1968 1963
1968 1959
1970 1962
1965 1970
1971 1971
1976 1963
1971 1970
1970 1969
1966 1968
1965 1970
1964 1971
1964 1969
1967 1968
1970 1965
1969 1964
1970 1961
1972 1965
1972 1964
1974 1968
1970 1969
1969 1971
1966 1972
1962 1970
1971 1970
1959 1973
1965 1968
1966 1962
1975 1955
1969 1958
1973 1966
1976 1966
1971 1971
1967 1972
1964 1974
1961 1975
1960 1971
1960 1974
1960 1969
1966 1966
1966 1962
1973 1962
1970 1961
1971 1961
1970 1967
1968 1970
1967 1974
1963 1978
1961 1980
1970 1959
1966 1974
1958 1967
1960 1961
1969 1959
1970 1957
1969 1963
1966 1963
1969 1969
1970 1969
1966 1976
1962 1975
1961 1976
1959 1972
1955 1965
1959 1961
1964 1961
1969 1960
1969 1958
1973 1960
1972 1966
1969 1970
1964 1972
1961 1978
1957 1975
1949 1968
1964 1980
1959 1962
1957 1965
1965 1954
1969 1959
1974 1957
1971 1963
1966 1972
1969 1975
1963 1975
1957 1976
1959 1977
1960 1976
1958 1970
1961 1965
1964 1960
1968 1955
1976 1961
1975 1960
1972 1966
1970 1972
1967 1974
1960 1976
1957 1974
1959 1973
1953 1974
1960 1965
1961 1959
1963 1959
1964 1961
1976 1958
1974 1959
1972 1968
1970 1974
1963 1979
1960 1977
1956 1974
1954 1973
1958 1967
1958 1961
1963 1959
1970 1956
1972 1958
1972 1963
1971 1962
1966 1968
1963 1976
1961 1976
1960 1975
1963 1972
1970 1966
1953 1970
1964 1957
1969 1949
1968 1954
1972 1958
1974 1965
1966 1970
1962 1970
1961 1974
1959 1976
1958 1974
1957 1969
1959 1964
1958 1960
1965 1957
1969 1959
1970 1959
1966 1961
1968 1967
1967 1970
1965 1972
1963 1975
1960 1973
1960 1970
1976 1967
1960 1964
1963 1959
1965 1949
1973 1957
1971 1960
1969 1965
1970 1967
1969 1970
1964 1972
1965 1968
1960 1971
1960 1964
1961 1961
1964 1958
1965 1957
1966 1957
1970 1955
1971 1960
1973 1967
1969 1969
1964 1972
1962 1973
1960 1969
1967 1967
1962 1956
1969 1962
1962 1953
1966 1961
1969 1958
1971 1959
1969 1959
1964 1970
1965 1973
1965 1969
1960 1971
1960 1967
2001 1964
1935 1942
1963 1949
1963 1956
1967 1961
1969 1960
1937 1964
1978 1979
1965 1970
1969 1973
1959 1971
1956 1964
2021 1966
1936 1934
1960 1970
1962 1957
1957 1960
1961 1961
1919 1973
1987 1984
1964 1972
1967 1974
1960 1971
1956 1967
2037 1968
1937 1927
1957 1961
1958 1957
1961 1959
1965 1964
1918 1965
1975 1993
1965 1972
1967 1975
1960 1972
1958 1967
1961 1969
1959 1969
1958 1966
1979 1965
1957 1972
1967 1962
1963 1961
1963 1968
1965 1971
1965 1972
1962 1973
1961 1969
1964 1969
1962 1969
1961 1966
1964 1964
1965 1966
1964 1969
1960 1965
1964 1968
1965 1971
1964 1975
1964 1973
1965 1971
1963 1971
1963 1968
1958 1967
1967 1963
1995 1964
1973 1971
1962 1967
1963 1964
1963 1970
1966 1969
1962 1974
1961 1974
1967 1968
1964 1962
1968 1962
1967 1963
1966 1964
1966 1962
1968 1965
1967 1969
1966 1969
1966 1973
1967 1973
1966 1972
1963 1971
1964 1968
1962 1961
1966 1961
1966 1961
1966 1961
1967 1966
1971 1969
1968 1970
1962 1968
1959 1974
1969 1972
1968 1964
1962 1975
1965 1964
1967 1960
1967 1955
1965 1959
1965 1960
1983 1946
1976 1969
1968 1973
1968 1965
1965 1966
1961 1970
1946 1990
1955 1967
1961 1957
1965 1967
1963 1959
1969 1962
1985 1966
1966 1967
1966 1963
1972 1958
1971 1971
1960 1975
1969 1969
1946 1969
1961 1955
1960 1970
1959 1965
1966 1960
1961 1958
1982 1963
1968 1971
1964 1959
1966 1966
1968 1973
1975 1976
1945 1964
1960 1966
1965 1973
1960 1970
1963 1963
1935 1957
1980 1974
1981 1980
1968 1957
1973 1958
1968 1971
2011 1972
1939 1949
1955 1971
1960 1969
1955 1974
1962 1969
1936 1967
1986 1977
1975 1963
1967 1956
1974 1960
1966 1967
2031 1967
1943 1931
1949 1973
1957 1974
1955 1977
1959 1968
1943 1965
1972 1976
1978 1960
1974 1975
1972 1962
1964 1958
1987 1968
1952 1938
1945 1970
1953 1975
1954 1980
1957 1974
1978 1973
1968 1976
1977 1966
1968 1954
1980 1954
1972 1962
1964 1961
1959 1960
1942 1961
1956 1978
1949 1979
1953 1979
1960 1974
1969 1971
1971 1968
1970 1955
1977 1956
1980 1957
1966 1966
1955 1961
1945 1969
1957 1980
1952 1984
1947 1978
1958 1972
1969 1947
1976 1983
1972 1958
1975 1956
1978 1960
1967 1957
1963 1971
1959 1960
1962 1978
1953 1983
1947 1975
1954 1972
1986 1937
1971 1986
1972 1962
1976 1956
1975 1958
1971 1968
1960 1967
1965 1956
1958 1966
1959 1983
1950 1975
1953 1970
1989 1933
1972 1980
1974 1969
1977 1955
1984 1959
1975 1958
1970 1958
1959 1960
1956 1965
1958 1971
1958 1973
1958 1974
1970 1969
1977 1975
1971 1968
1978 1955
1978 1959
1979 1959
1982 1959
1961 1962
1960 1961
1960 1971
1949 1972
1950 1966
1966 1970
1978 1974
1973 1981
1977 1957
1985 1963
1978 1961
1971 1960
1963 1959
1964 1962
1956 1971
1954 1972
1953 1974
1948 1973
1974 1975
1971 1975
1977 1964
1979 1963
1982 1963
1975 1962
1971 1958
1963 1972
1958 1968
1950 1971
1954 1964
1928 1968
1975 1987
1968 1977
1973 1965
1980 1965
1975 1963
2036 1958
1945 1930
1960 1961
1959 1966
1955 1971
1955 1973
1960 1977
1957 1977
1959 1970
1970 1968
1979 1967
1982 1966
1979 1963
1970 1959
2265 26964
2496 25965
2596 26144
2533 29295
2329 25376
2036 28015
1726 27760
1478 29797
1351 8293
1379 25970
1551 25697
1829 12064
2137 29472
2399 28261
2548 8292
2554 28265
2409 29984
2157 14963
1861 12576
1592 14131
1419 14640
1381 3382
1490 266
1714 257
2003 257
2280 257
2473 257
2543 257
2463 257
2261 257
1981 257
1702 257
1491 257
1403 257
1457 257
1637 51400
1896 51400
2171 51400
2394 51400
2504 51400
2481 51400
2326 51400
2085 51400
1814 51400
1585 51400
1450 51400
1449 51400
1575 8136
1800 7967
2064 7967
2299 7967
2452 7967
2479 7967
2379 7967
2176 7967
1923 7967
1680 7967
1510 7967
1461 7967
1539 7967
1724 10537
1967 10537
2208 10537
2385 10537
2455 10537
2405 10537
2244 10537
2015 10537
1779 10537
1591 10537
1496 10537
1520 10537
1659 21545
1873 28009
2106 8293
2304 28532
2417 29216
2417 24933
2301 8292
2105 12344
1878 12336
1674 29472
1548 28001
1530 27760
1615 29541
1791 10272
2009 29557
2211 14889
2350 14368
2393 13106
2330 3385
2178 16394
1974 31
1776 41472
1620 61196
1563 15371
1594 51466
1725 27143
1909 32005
2109 60419
2268 18946
2351 48131
2337 64516
2230 29958
2060 38409
1867 33803
1708 24844
1611 2828
1608 61451
1692 30728
1843 13062
2017 2820
2177 3587
2279 3
2306 61444
2249 20741
2123 41992
1960 6922
1798 33548
1687 46860
1639 58123
1678 22281
1782 16391
1932 34309
2089 65283
2206 33282
2263 5379
2242 19717
2154 37895
2020 28681
1881 17675
1764 64524
1698 39691
1702 36106
1769 22536
1885 18694
2013 18180
2126 19203
2198 26115
2209 19972
2161 37382
2066 38664
1946 54282
1834 2059
1757 9484
1730 26635
1768 8969
1851 13831
1959 54533
2066 25347
2144 2307
2174 38148
2151 42501
2078 43015
1989 10761
1891 51979
1817 26635
1782 3595
1793 8970
1848 9224
1924 34054
2012 46596
2085 59395
2127 2819
2127 53765
2085 51462
2012 28424
1930 25354
1859 25355
1815 30987
1812 57098
1839 264
1918 12807
1988 17157
2046 3076
2089 48644
2105 9220
2072 59654
2017 39175
1957 51465
1899 10762
1854 44043
1840 29194
1857 51721
1901 8711
1969 57606
2009 22020
2057 42244
2075 45060
2093 14597
2012 54023
1965 6664
1925 49930
1886 41738
1865 50442
1862 27145
1911 58888
1954 21766
1997 56325
2037 53252
2050 30468
2044 43781
2004 6150
1978 25608
1946 14601
1907 27402
1889 60682
1890 57609
1917 36104
1941 19463
1973 26118
2013 6149
2032 28165
2036 21765
1997 33798
1985 47367
1959 42760
1928 3849
1909 56586
1899 8457
1931 3593
1937 59912
1967 64262
1995 36613
2012 36869
2022 11781
2019 7174
1996 12039
1972 5384
1943 39945
1927 41993
1920 12297
1921 24073
1934 25864
1957 33287
1975 61190
1994 53765
2008 10501
2011 56326
1998 48902
1982 38407
1964 10760
1952 22537
1932 7433
1925 33289
1933 47624
1949 61703
1965 23814
1982 62726
1999 25349
1997 49926
1991 31494
1989 13319
1982 50952
1959 3336
1943 63753
1933 36872
1949 60936
1935 17159
1947 47111
1963 28166
1974 30982
1984 53254
1988 23046
1992 63239
1983 31495
1971 50952
1958 50952
1921 33288
1959 2312
1938 31496
1944 775
1954 46343
1959 28934
2035 56070
1953 17670
1986 48903
1985 14087
1984 34824
1976 40712
1948 29704
1961 5640
1946 41736
1935 12807
1933 58119
1944 51974
1962 60422
1964 15622
1979 43015
1992 3079
1989 21512
1979 26888
1946 21768
1976 5128
1957 47880
1943 24839
1940 6151
1940 63495
1967 518
1944 25863
1961 36871
1984 57607
1993 9991
1998 17928
1993 17672
1984 5384
1968 51464
1944 30983
1941 14855
1939 5895
1942 7431
1940 16391
1955 32519
1982 50951
1987 1031
1993 9992
1993 11272
1991 4360
1991 55816
1959 39687
1949 24327
1933 15367
1925 12807
1926 18695
1936 19207
1966 48647
1979 60423
1998 3591
2007 4360
2005 520
1999 57096
1970 43271
1951 31751
1944 22023
1930 19207
1922 22279
1934 30215
1952 41735
1971 52999
1985 60679
2005 64519
2020 64263
2006 57863
1984 48391
1967 37127
1945 28423
1925 22535
1885 21511
1923 28935
1937 39175
1962 61703
1983 52999
2000 62471
2023 61447
2010 56327
1999 49159
1977 41735
1956 35591
1943 29447
1905 27143
1918 29703
1928 35847
1949 42503
1971 49671
1992 52487
2016 56583
2017 56327
2006 52999
1991 45575
1978 38407
1954 39431
1917 33031
1915 32519
1922 35079
1936 40199
1952 63239
1975 43783
1999 49415
2018 52231
2016 50183
2006 48391
1988 45575
1964 42759
1943 37895
1916 34823
1919 36359
1923 38151
1934 40711
1956 43015
1976 44551
2011 50439
2006 49415
2008 49159
2007 47111
1988 41479
1956 43783
1934 38407
1926 39687
1919 37383
1920 38407
1940 35591
1950 46087
2003 44039
2001 48647
2015 49927
2013 46087
2005 40455
1978 50183
1953 42759
1936 41223
1922 37895
1917 37895
1926 43527
1934 36615
1974 41479
1985 43783
2001 46599
2012 48135
2012 48391
1994 47367
1967 45319
1948 43783
1937 41735
1918 39431
1919 37895
1914 27911
1960 40199
1974 41223
1988 38919
2006 50183
2007 47111
2032 50439
1983 49415
1962 46599
1951 43527
1926 41991
1918 37895
1930 35847
1936 37639
1954 40455
1976 42503
1996 44807
2007 47879
2001 49415
1993 51975
1972 47111
1967 46599
1942 43015
1930 40711
1922 36103
1935 34055
1938 56327
1958 36103
1978 42247
1997 42503
2005 54023
1985 55559
1981 49927
1977 48391
1955 45319
1934 39175
1929 32775
1939 33543
1942 34823
1954 38919
1974 41991
1991 47111
1997 52231
1981 53511
1986 51719
1979 49671
1962 45831
1950 41223
1937 28679
1947 33287
1935 33543
1946 20487
1960 41735
1975 44807
1992 55047
1966 49159
1994 54023
1985 52743
1971 48903
1952 41479
1939 31239
1958 33799
1933 33287
1945 33799
1957 37383
1969 42759
1985 47623
1998 52487
1996 52999
1991 52743
1980 52487
1965 46855
1949 38919
1936 33543
1934 32007
1943 31751
1956 14087
1970 48135
1984 48647
1995 55559
1999 56327
1993 51975
1982 52743
1969 48647
1953 39431
1947 34567
1940 34823
