1716 2147
1510 2021
1382 1874
1456 1777
1622 1702
1866 1698
2172 1779
2349 1867
2471 2022
2453 2142
2322 2202
2100 2213
1822 2161
1649 2078
1515 1944
1510 1833
1615 1759
1808 1734
2040 1776
2243 1864
2369 1969
2391 2078
2311 2146
2150 2177
1945 2152
1751 2077
1619 1980
1582 1887
1631 1796
1780 1782
1959 1794
2133 1855
2275 1938
2333 2014
2286 2095
2162 2138
2000 2130
1836 2080
1706 2009
1646 1931
1674 1861
1774 1821
1917 1818
2071 1855
2192 1917
2254 1993
2242 2060
2161 2101
2035 2105
1895 2077
1779 2020
1713 1956
1715 1897
1780 1862
1896 1842
2011 1879
2130 1909
2198 1959
2193 2033
2149 2074
2063 2080
1942 2061
1831 2045
1757 1976
1745 1920
1798 1887
1884 1875
1981 1876
2081 1907
2151 1961
2164 2011
2127 2039
1809 1945
1791 1910
1809 1892
1875 1923
1944 1914
2048 1941
2109 1984
2127 2020
2111 2036
2066 1998
2009 2037
1911 2003
1848 1959
1820 1929
1834 1907
1873 1932
1922 1903
2011 1937
2072 1973
2104 2001
2096 2022
2059 2014
2005 2025
1942 2002
1876 1967
1844 1949
1851 1935
1879 1923
1926 1916
1984 1932
2062 1969
2068 1981
2070 1988
2051 1986
2027 2022
1949 2021
1902 1978
1879 1964
1872 1946
1882 1946
1903 1931
1959 1929
2010 1954
2039 1969
2054 1986
2045 2002
2016 2001
1971 1999
1930 1994
1901 1982
1884 1961
1887 1950
1922 1938
1940 1934
1995 1947
2023 1974
2042 1960
2030 1980
1998 1995
1990 2011
1951 1988
1931 1982
1910 1976
1899 1961
1946 1943
1927 1941
1975 1946
1999 1951
2019 1956
2025 1964
2016 1972
1999 1986
1974 1990
1949 1993
1929 1989
1920 1983
1922 1968
1936 1954
1958 1946
1981 1938
1998 1939
2020 1958
2005 1961
2001 1963
1988 1985
1963 2001
1940 2001
1939 1987
1936 1983
1936 1975
1943 1960
1961 1952
1976 1947
1991 1947
1995 1948
1998 1959
1993 1971
1979 1983
1965 1993
1953 1999
1944 1999
1940 1993
1944 1983
1952 1968
1961 1955
1973 1952
2009 1949
1996 1941
1987 1941
1992 1956
1975 1984
1960 1989
1957 1992
1954 2002
1945 2007
1945 1999
1955 1982
1964 1964
1970 1946
1976 1936
1985 1931
1986 1935
1982 1942
1977 1960
1967 1977
1959 1997
1957 2014
1954 2021
1956 2020
1959 2004
1964 1985
1970 1946
1977 1931
1977 1900
1971 1898
1986 1897
1986 1930
1972 1969
1966 2003
1966 2030
1962 2054
1958 2054
1957 2035
1964 2000
1965 1957
1969 1911
1971 1878
1975 1862
1980 1868
1981 1899
1983 1948
1977 2006
1971 2058
1961 2095
1965 2106
1948 2081
1951 2012
1951 1964
1964 1889
1964 1828
1968 1804
1987 1809
1991 1869
1985 1949
1980 2032
1973 2106
1957 2147
1948 2151
1943 2111
1942 2038
1947 1945
1958 1855
1974 1788
1980 1758
1990 1782
1991 1851
1990 1949
1979 2053
1963 2147
1944 2199
1949 2204
1935 2135
1931 2051
1954 1921
1963 1815
1993 1723
1966 1721
1997 1757
2000 1841
1989 1975
1973 2097
1929 2203
1956 2232
1934 2213
1939 2130
1942 2008
1957 1881
2030 1740
1969 1703
2001 1702
2001 1766
1990 1875
1980 2014
1915 2159
1960 2221
1939 2246
1939 2201
1944 2099
1973 1975
2038 1803
1968 1733
1991 1683
2008 1716
1990 1812
1983 1930
1969 2059
1957 2178
1945 2237
1937 2234
1940 2169
1952 2060
1966 1918
1974 1795
1990 1719
1999 1706
1996 1756
1986 1859
1973 1992
1959 2115
1943 2199
1938 2232
1943 2201
1951 2109
1958 1999
1985 1858
1987 1769
1983 1728
1991 1738
1993 1808
1979 1929
1959 2054
1951 2151
1948 2205
1947 2202
1952 2138
1963 2038
1972 1919
1987 1813
1991 1746
1989 1741
1981 1794
1974 1888
1948 2002
1951 2108
1945 2180
1948 2192
1950 2149
1962 2070
1968 1955
1988 1869
1988 1783
1992 1749
1986 1786
1966 1868
1956 1968
1955 2065
1949 2149
1946 2178
1956 2160
1967 2089
1976 1992
1986 1889
1992 1808
1989 1771
1984 1784
1976 1844
1964 1934
1952 2035
1952 2118
1952 2164
1957 2159
1966 2106
1979 2018
1984 1918
2008 1840
1985 1787
1986 1776
1976 1816
1977 1907
1955 2009
1949 2087
1957 2138
1961 2154
1964 2119
1969 2045
1979 1953
1987 1868
1987 1808
1982 1789
1977 1817
1968 1883
1962 1970
1962 2054
1961 2114
1960 2139
1968 2124
1973 2070
1976 1990
1976 1887
1973 1841
1981 1800
1966 1812
1958 1862
1968 1928
1978 2012
1974 2090
1966 2133
1969 2124
1972 2083
1969 2021
1967 1942
1964 1870
1961 1829
1963 1826
1968 1855
1968 1911
1974 1982
1979 2049
1985 2096
1983 2111
1990 2088
1964 2036
1959 1981
1956 1915
1944 1880
1947 1837
1914 1880
1971 1899
1972 1960
1989 2006
2007 2061
1997 2089
2010 2063
1962 2043
1953 1994
1941 1943
1928 1895
1930 1873
1905 1894
1961 1903
1988 1944
1998 1989
2013 2034
2014 2051
2041 2022
1981 2033
1950 2001
1940 1958
1916 1922
1926 1911
1943 1911
1946 1918
1978 1929
2000 1979
2015 2017
2034 2027
2037 2012
2000 2002
1961 1989
1941 1963
1911 1936
1892 1920
1906 1921
1916 1943
1963 1954
1992 1975
2030 2002
2054 2013
2050 2028
2023 1978
1986 1982
1951 1956
1907 1938
1881 1931
1878 1916
1917 1967
1934 1961
1972 1974
2027 1995
2058 2012
2062 2063
2033 1959
2025 1961
1978 1949
1924 1935
1881 1931
1863 1905
1884 1966
1900 1980
1952 1993
2002 2002
2054 2005
2079 2061
2043 1962
2053 1956
2002 1943
1947 1930
1890 1929
1858 1915
1872 1964
1856 1984
1926 1994
1978 2008
2031 2010
2079 2054
2053 1965
2069 1954
2025 1941
1978 1927
1913 1925
1865 1910
1862 1956
1853 1989
1895 1998
1946 2010
2009 2016
2064 2024
2073 1984
2080 1951
2056 1944
2001 1928
1937 1925
1886 1940
1852 1957
1852 1982
1857 2006
1928 2010
1977 2020
2030 2007
2077 1986
2082 1945
2081 1941
2018 1931
1958 1920
1902 1929
1852 1956
1852 1988
1857 2002
1896 2012
1956 2022
2018 2012
2090 1971
2065 1959
2078 1942
2046 1928
1988 1917
1926 1923
1853 1958
1865 1971
1849 1996
1867 2024
1934 2027
1990 2017
2092 1963
2050 1975
2070 1952
2056 1921
2015 1911
1954 1924
1854 1961
1874 1964
1854 1994
1874 2016
1917 2024
1968 2023
2105 1972
2041 1980
2071 1953
2063 1927
2025 1914
1979 1915
1887 1953
1892 1957
1870 1980
1872 2011
1879 2034
1953 2034
2001 2016
2044 1984
2067 1967
2056 1936
2042 1915
2005 1910
1953 1925
1902 1946
1879 1972
1882 1997
1897 2018
1930 2022
1978 2024
2028 2003
2055 1976
2062 1950
2049 1929
2013 1916
1968 1919
1928 1936
1896 1962
1887 1989
1895 2014
1937 2016
1969 2029
2000 2003
2039 1974
2052 1955
2042 1941
2015 1922
1991 1915
1953 1931
1914 1962
1898 1977
1898 2003
1919 2017
1949 2021
1985 2009
2013 1989
2037 1968
2040 1945
2027 1928
2002 1922
1967 1932
1934 1945
1911 1971
1907 1993
1916 2012
1951 2014
1991 2023
1995 1996
2021 1965
2033 1954
2021 1943
1996 1932
1980 1926
1946 1942
1927 1964
1916 1982
1920 2005
1933 2013
1956 2015
1981 2009
2009 1989
2019 1966
2019 1945
2006 1934
1986 1934
1963 1940
1938 1958
1924 1977
1923 1995
1929 2007
1946 2015
1987 2014
1989 1994
2010 1966
2013 1949
2019 1945
1984 1944
1966 1938
1953 1945
1936 1964
1924 1986
1926 1997
1944 2006
1958 2003
1981 1998
1999 1983
2006 1968
2009 1950
1999 1941
1981 1937
1961 1942
1946 1959
1931 1973
1932 1989
1936 1997
1951 1999
1988 2000
1983 1984
2003 1962
2009 1951
2012 1951
1988 1951
1973 1947
1961 1947
1943 1967
1930 1981
1930 1988
1942 1992
1959 1996
1976 1988
1992 1976
2002 1965
2006 1956
2003 1949
1989 1946
1974 1952
1953 1962
1942 1970
1933 1978
1931 1987
1943 1992
1981 1990
1972 1980
1993 1968
2004 1954
2016 1948
2004 1957
1984 1955
1980 1952
1962 1961
1944 1975
1931 1979
1932 1984
1940 1985
1956 1980
1979 1976
1994 1972
2008 1960
2009 1954
2005 1953
1990 1954
1969 1960
1948 1967
1934 1977
1924 1978
1928 1988
1937 1986
1964 1985
1980 1975
2000 1964
2024 1957
2012 1967
1998 1960
1987 1952
1973 1956
1945 1966
1922 1978
1914 1979
1923 1985
1937 1984
1962 1986
1989 1979
2011 1973
2023 1969
2021 1962
2002 1956
1977 1955
1950 1956
1925 1964
1907 1974
1909 1966
1937 1990
1943 1990
1973 1983
2001 1992
2012 1980
2033 1961
2025 1954
2000 1954
1961 1953
1934 1954
1914 1959
1905 1972
1908 1982
1930 1987
1964 1989
1993 1988
2022 1983
2034 1975
2035 1964
2015 1955
1984 1950
1950 1948
1920 1953
1902 1963
1899 1957
1933 1990
1940 1990
1979 1992
2003 2003
2032 1976
2047 1963
2031 1960
1996 1954
1963 1946
1934 1945
1909 1953
1894 1966
1901 1977
1930 1992
1963 1995
1995 1997
2023 1990
2040 1979
2036 1962
2018 1952
1985 1942
1950 1943
1920 1948
1902 1959
1900 1965
1936 1990
1944 1997
1985 1991
2012 1987
2046 1980
2040 1975
2045 1945
1989 1933
1967 1940
1931 1949
1901 1950
1892 1963
1862 2006
1949 1998
1972 2002
2001 1995
2031 1992
2045 1977
2106 1921
1994 1944
1975 1935
1940 1938
1910 1944
1898 1959
1847 1998
1949 1997
1956 1999
1999 1992
2028 1989
2038 1988
2103 1937
2008 1947
1988 1940
1950 1939
1907 1944
1896 1952
1843 1987
1916 1988
1948 1997
1986 2005
2021 1989
2041 1990
2052 1979
2035 1967
1999 1955
1958 1945
1918 1944
1894 1952
1885 1956
1894 1965
1939 1989
1966 1988
2016 1983
2047 1990
2057 1994
2039 1984
2020 1964
1981 1959
1932 1958
1898 1955
1876 1957
1882 1960
1907 1968
1950 1975
1995 1982
2037 1988
2062 1988
2063 1983
2039 1977
1997 1974
1949 1969
1907 1963
1876 1961
1869 1960
1894 1962
1942 1972
1974 1964
2028 1961
2063 1978
2063 1981
2057 1978
2027 1974
1975 1977
1920 1980
1882 1972
1875 1965
1877 1960
1906 1963
1954 1958
2005 1957
2045 1961
2069 1967
2070 1972
2043 1978
1998 1984
1945 1985
1900 1981
1871 1980
1866 1974
1866 1958
1935 1968
1981 1950
2032 1948
2065 1955
2066 1969
2056 1970
2023 1973
1971 1986
1913 1994
1881 1986
1866 1974
1878 1970
1912 1962
1958 1957
2013 1950
2053 1953
2072 1957
2063 1960
2033 1973
1988 1980
1938 1988
1894 1989
1873 1986
1872 1974
1868 1960
1943 1962
1989 1948
2030 1949
2051 1959
2059 1960
2051 1961
2011 1977
1953 1988
1906 1989
1883 1984
1874 1980
1887 1972
1922 1964
1971 1952
2020 1950
2045 1950
2061 1960
2053 1971
2017 1972
1968 1980
1893 2001
1904 1988
1880 1978
1883 1970
1906 1984
1957 1952
2060 1915
2014 1942
2061 1952
2050 1976
2017 1975
1992 1980
1931 1999
1916 1991
1884 1980
1878 1968
1905 1963
1937 1959
2019 1924
2014 1950
2037 1955
2056 1968
2034 1973
2000 1984
1960 2002
1924 1996
1904 1982
1880 1973
1901 1981
1928 1961
1978 1937
2003 1931
2026 1962
2041 1972
2029 1973
2013 1978
1983 1989
1937 2000
1910 1988
1892 1977
1900 1970
1919 1962
1954 1974
1984 1936
2016 1956
2045 1963
2042 1969
2021 1976
1990 1970
1959 2000
1927 1983
1897 1980
1901 1983
1915 1955
1966 2019
1955 1929
2007 1953
2030 1966
2039 1964
2032 1963
2008 1950
1978 1995
1934 1986
1911 1978
1898 1977
1911 1968
1933 2026
1938 1944
2001 1952
2025 1959
2042 1959
2033 1966
2014 1956
1997 1990
1952 1983
1916 1976
1904 1979
1905 1971
1922 2029
1925 1962
1986 1950
2009 1968
2033 1959
2041 1958
2026 1944
2010 1981
1962 1982
1932 1972
1905 1974
1902 1976
1916 1991
1919 1967
1969 1960
2010 1972
2032 1966
2038 1967
2029 1970
2008 1971
1980 1974
1935 1967
1913 1974
1907 1973
1913 1974
1934 1983
1949 1965
1995 1973
2015 1968
2043 1963
2036 1979
1997 1975
1993 1971
1952 1959
1927 1965
1910 1970
1917 1972
1943 1963
1934 1971
1983 1980
2011 1982
2029 1979
2033 1978
1993 1980
2008 1974
1964 1961
1933 1960
1918 1962
1909 1964
1986 1939
1915 1992
1975 1975
1994 1975
2024 1978
2022 1991
1965 2009
2016 1965
1988 1969
1952 1957
1922 1955
1916 1957
1984 1922
1918 1969
1952 1977
1981 1987
2007 1988
2021 1988
1981 2010
2016 1977
1993 1966
1967 1957
1940 1951
1923 1952
1961 1925
1916 1963
1953 1973
1975 1981
1994 1984
2011 2000
1987 2009
2020 1982
2003 1966
1976 1965
1944 1950
1931 1948
1925 1945
1919 1944
1933 1969
1961 1978
1988 1991
2006 1994
2015 1992
2013 1989
2006 1981
1988 1963
1958 1956
1944 1953
1936 1953
1934 1952
1938 1962
1970 1990
1976 1983
1988 1992
2004 1992
2021 1986
2016 1981
1987 1976
1964 1959
1953 1951
1937 1947
1932 1952
1938 1962
1953 1972
1971 1981
1985 1991
2004 1995
2011 1991
2005 1983
1993 1974
1978 1967
1960 1959
1941 1950
1935 1950
1938 1961
1919 2001
1963 1978
1980 1987
1988 1991
2008 1982
2007 1990
1991 1987
1980 1968
1968 1956
1952 1953
1943 1952
1939 1954
1943 1964
1957 1978
1975 1989
1990 1996
1999 1996
2003 1991
1995 1980
1985 1972
1970 1959
1958 1954
1949 1949
1943 1949
1948 1955
1944 1973
1973 1983
1976 1981
1993 1999
1987 2002
1994 1983
2000 1969
1978 1963
1965 1950
1953 1945
1949 1947
1949 1956
1956 1968
1969 1976
1975 1989
1985 1995
1992 1997
1993 1991
1988 1980
1979 1968
1967 1954
1957 1949
1950 1946
1950 1953
1957 1959
1984 1984
1969 1983
1982 1982
1989 1995
1982 1999
1983 1982
1978 1969
1970 1958
1961 1951
1957 1948
1953 1949
1957 1955
1963 1967
1971 1980
1977 1992
1983 1995
1983 1992
1982 1989
1977 1979
1968 1967
1961 1957
1955 1952
1955 1953
1950 1953
1961 1986
1974 1970
1971 1988
1968 1996
1982 1990
1986 1985
1974 1980
1961 1975
1956 1960
1960 1951
1956 1949
1957 1953
1963 1962
1970 1970
1976 1981
1976 1989
1980 1988
1976 1988
1972 1982
1965 1970
1958 1962
1953 1956
1955 1952
1958 1953
1962 1951
1991 1975
1975 1973
1979 1981
1974 1990
1978 1981
1977 1977
1973 1976
1956 1968
1954 1955
1953 1951
1956 1953
1962 1955
1967 1965
1980 1974
1985 1982
1985 1985
1981 1985
1977 1984
1967 1974
1960 1967
1952 1960
1952 1955
1953 1951
1958 1955
1955 1980
1980 1967
1988 1976
1987 1980
1993 1982
1981 1989
1963 1988
1961 1973
1954 1966
1949 1958
1949 1957
1959 1954
1963 1958
1972 1967
1983 1974
1990 1983
1990 1986
1986 1994
1984 1987
1961 1981
1950 1970
1943 1963
1942 1957
1945 1954
1956 1946
1966 1961
1990 1965
1987 1977
1986 1985
1993 1977
1988 1990
1968 1987
1956 1977
1947 1966
1943 1960
1946 1955
1953 1953
1968 1958
1980 1963
1991 1975
1995 1976
1995 1986
1990 1986
1978 1984
1966 1979
1951 1972
1945 1965
1942 1957
1949 1957
1955 1957
1987 1971
1982 1964
1994 1967
2000 1982
1983 1989
1983 1984
1969 1980
1953 1977
1941 1975
1937 1968
1943 1956
1949 1959
1964 1961
1978 1965
1989 1971
2002 1975
1995 1981
1983 1981
1970 1980
1954 1981
1945 1976
1945 1969
1941 1966
1948 1959
1956 1963
1980 1959
1983 1958
1998 1966
1992 1980
1983 1979
1929 2005
1969 1978
1954 1977
1936 1967
1934 1967
1944 1965
2013 1923
1957 1954
1977 1959
1993 1960
1995 1969
1993 1972
1950 1995
1970 1980
1957 1974
1941 1977
1938 1967
1939 1964
1975 1960
1957 1960
1971 1957
1987 1960
1995 1957
1995 1970
1992 1971
1976 1988
1961 1973
1950 1980
1940 1971
1932 1969
1944 1987
1936 1944
1964 1964
1983 1961
1989 1963
1994 1967
1987 1972
1974 1974
1962 1982
1954 1982
1940 1979
1936 1975
1938 1957
1939 1969
1968 1960
1975 1957
1990 1967
1988 1967
1985 1967
1983 1966
1975 1978
1956 1977
1946 1977
1942 1977
1947 1975
1951 1967
1959 1962
1971 1961
1985 1958
1991 1959
1989 1962
1987 1968
1978 1973
1962 1974
1953 1975
1949 1975
1947 1976
1958 1972
1957 1968
1972 1958
1976 1953
1989 1952
1992 1960
1981 1966
1974 1966
1969 1971
1958 1977
1948 1976
1947 1978
1950 1975
1959 1972
1969 1965
1978 1963
1983 1959
1984 1958
1983 1963
1975 1967
1966 1969
1954 1976
1948 1981
1945 1978
1946 1974
1960 1975
1964 1973
1972 1961
1976 1967
1977 1964
1982 1954
1982 1966
1964 1968
1951 1972
1945 1982
1946 1978
1941 1977
1947 1975
1963 1974
1975 1967
1982 1958
1986 1958
1966 1968
1994 1963
1970 1959
1955 1966
1948 1974
1944 1977
1999 1954
1932 1988
1960 1967
1971 1964
1977 1950
1997 1956
1951 1978
1996 1958
1978 1957
1961 1961
1954 1970
1941 1969
2010 1930
1937 1973
1948 1970
1969 1973
1979 1963
1989 1960
1973 1974
1990 1958
1986 1963
1968 1959
1954 1968
1947 1971
1964 1953
1939 1974
1956 1981
1963 1976
1974 1971
1976 1972
1981 1973
1984 1967
1989 1958
1965 1963
1960 1969
1950 1969
1942 1974
1938 1963
1941 1981
1960 1976
1969 1974
1978 1974
1988 1960
1989 1973
1989 1958
1966 1957
1959 1962
1957 1970
1947 1989
1934 1960
1935 1991
1966 1970
1965 1968
1978 1968
1990 1931
1992 1982
1989 1961
1979 1957
1965 1961
1959 1963
1950 2029
1916 1941
1947 1972
1954 1972
1968 1972
1973 1968
1983 1938
2006 1974
1990 1970
1986 1961
1969 1961
1966 1967
1949 2024
1909 1954
1940 1959
1955 1980
1955 1968
1968 1967
1980 1937
2010 1977
1986 1979
1987 1959
1977 1965
1969 1969
1958 1987
1927 1958
1940 1962
1945 1974
1953 1975
1964 1970
1973 1975
1999 1971
1995 1983
1987 1962
1978 1967
1974 1970
1960 1957
1942 1966
1937 1954
1937 1970
1952 1965
1958 1967
1969 1970
1979 1963
1998 1980
1979 1966
1986 1965
1980 1967
1968 1962
1979 1958
1928 1955
1949 1966
1950 1967
1956 1961
1963 1965
1968 1970
1990 1975
1986 1967
1979 1963
1978 1972
1975 1970
1960 1966
1949 1962
1952 1983
1960 1965
1950 1957
1959 1963
1930 1989
1984 1980
1979 1972
1976 1972
1978 1975
1970 1970
1965 1965
1944 1961
1947 1968
1953 1969
1950 1961
1952 1964
1933 1996
1983 1973
1981 1968
1972 1971
1977 1976
1969 1970
1967 1970
1960 1962
1957 1982
1949 1963
1952 1955
1949 1956
1946 1976
1976 1973
1981 1969
1978 1972
1982 1972
1978 1968
2003 1939
1952 1957
1946 1963
1958 1964
1956 1960
1958 1958
1950 1977
1971 1973
1975 1971
1976 1976
1984 1976
1977 1971
2001 1964
1953 1958
1952 1966
1977 1972
1948 1961
1948 1963
1951 1952
1969 1974
1973 1967
1975 1976
1979 1973
1974 1971
1978 2008
1950 1954
1958 1970
1958 1965
1954 1966
1956 1966
1959 1929
1983 1975
1972 1965
1973 1973
1979 1972
1976 1974
1976 1975
1975 1974
1966 1976
1973 1970
1953 1967
1953 1962
1954 1966
1957 1963
1966 1965
1971 1968
1977 1969
1974 1970
1981 1973
1980 1973
1975 1970
1968 1968
1963 1969
1961 1962
1960 1960
1960 1961
1965 1964
1972 1967
1974 1970
1980 1972
1977 1972
1974 1973
1969 1971
1960 1989
1970 1962
1960 1966
1957 1958
1958 1962
1963 1961
1969 1967
1970 1974
1973 1973
1976 1975
1974 1974
1968 1972
1965 1967
1962 1968
1959 1965
1958 1965
1959 1967
1962 1964
1963 1967
1966 1968
1969 1972
1971 1975
1970 1973
1968 1975
1963 1967
1962 1971
1955 1965
1954 1963
1954 1966
1956 1959
1964 1962
1969 1967
1970 1973
1977 1976
1976 1972
1972 1971
1967 1965
1963 1970
1961 1964
1958 1961
1959 1962
1959 1962
1963 1965
1964 1968
1971 1970
1974 1969
1975 1969
1975 1971
1971 1972
1975 1974
1963 1966
1963 1959
1960 1955
1961 1964
1957 1967
1967 1966
1973 1969
1975 1972
1972 1971
1973 1972
1970 1972
1968 1971
1968 1966
1963 1966
1964 1967
1963 1968
1961 1965
1962 1968
1964 1971
1968 1974
1969 1974
1970 1974
1970 1970
1976 1973
1958 1968
1963 1959
1959 1961
1964 1969
1960 1968
1965 1967
1962 1970
1964 1970
1966 1969
1965 1973
1966 1972
1965 1971
1965 1970
1963 1968
1964 1965
1964 1961
1961 1962
1964 1964
1965 1967
1969 1968
1970 1970
1971 1972
1968 1974
1965 1968
1966 1970
1965 1965
1961 1960
1964 1961
1964 1965
1967 1966
1966 1967
1966 1967
1969 1969
1968 1967
1969 1969
1970 1970
1969 1969
1967 1967
1963 1967
1962 1963
1962 1963
1964 1964
1967 1966
1970 1971
1969 1970
1971 1974
1971 1977
1983 1977
1971 1972
1961 1969
1960 1966
1966 1969
1964 1966
1965 1967
1965 1964
1964 1966
1969 1969
1969 1970
1969 1974
1969 1972
1967 1971
1963 1967
1960 1967
1961 1965
1960 1966
1963 1966
1963 1966
1967 1965
1968 1965
1970 1968
1970 1970
1968 1983
1975 1965
1964 1970
1964 1966
1963 1964
1972 1962
1962 1962
1967 1964
1967 1964
1964 1968
1972 1966
1971 1968
1970 1967
1967 1966
1965 1965
1962 1964
1963 1964
1963 1960
1969 1962
1965 1960
1968 1963
1968 1964
1968 1965
1969 1970
1966 1980
1968 1964
1963 1968
1962 1964
1961 1965
1960 1963
1963 1964
1963 1965
1966 1964
1970 1967
1971 1969
1970 1972
1969 1969
1967 1968
1963 1967
1960 1968
1962 1968
1962 1968
1961 1966
1964 1966
1966 1967
1963 1967
1965 1971
1968 1973
1973 1979
1969 1971
1967 1970
1961 1969
1958 1966
1958 1966
1960 1963
1962 1962
1963 1966
1968 1969
1969 1968
1967 1965
1969 1967
1966 1966
1965 1967
1965 1967
1964 1969
1963 1965
1960 1963
1961 1964
1958 1964
1964 1963
1970 1966
1970 1969
1973 1958
1969 1969
1971 1968
1970 1967
1963 1962
1961 1965
1965 1962
1963 1967
1964 1964
1966 1966
1968 1966
1968 1965
1971 1967
1970 1969
1968 1965
1967 1965
1967 1967
1964 1964
1961 1964
1960 1962
1963 1966
1967 1963
1967 1966
1969 1969
1975 1979
1970 1977
1968 1968
1966 1962
1964 1970
1957 1964
1960 1965
1964 1969
1967 1966
1963 1966
1966 1959
1973 1974
1973 1972
1966 1964
1968 1971
1971 1973
1967 1972
1960 1963
1955 1964
1960 1966
1960 1965
1963 1965
1965 1970
1978 1971
1971 1931
1963 1971
1967 1973
1962 1969
1958 1968
1962 1965
1945 1955
1960 1969
1959 1964
1960 1963
1962 1967
1957 1966
1976 1974
1971 1973
1970 1968
1966 1968
1965 1965
2002 1955
1939 1956
1961 1967
1958 1967
1960 1962
1960 1963
1951 1973
1959 1924
1965 1970
1967 1967
1969 1963
1967 1963
2038 1930
1940 1958
1962 1959
1962 1964
1961 1957
1960 1962
1919 1986
1976 1963
1969 1972
1972 1964
1967 1962
1970 1965
1999 1943
1952 1962
1962 1965
1966 1964
1964 1964
1965 1966
1947 1979
1938 1913
1974 1971
1964 1964
1965 1965
1970 1969
2005 1929
1960 1962
1956 1960
1963 1966
1960 1964
1960 1967
1966 1985
1967 1971
1977 1975
1964 1966
1964 1970
1968 1972
1969 1961
1961 1960
1957 1970
1967 1970
1960 1969
1959 1968
1959 1964
1925 1914
1976 1975
1963 1969
1967 1971
1969 1970
1966 2000
1952 1950
1951 1967
1960 1968
1961 1967
1959 1965
1964 1943
1972 1978
1967 1965
1970 1971
1968 1967
1968 1971
1974 1997
1956 1950
1960 1966
1967 1959
1963 1965
1960 1961
1959 1927
1943 2018
1970 1971
1965 1968
1967 1967
1971 1965
1965 2044
1925 1943
1964 1960
1960 1964
1965 1964
1958 1961
1959 1939
1983 1974
1962 1968
1971 1966
1962 1964
1966 1965
1966 2013
1933 1955
1972 1960
1963 1967
1961 1959
1957 1962
1959 1945
1938 2026
1974 1976
1964 1962
1956 1966
1966 1967
1968 1997
1946 1959
1962 1954
1964 1967
1967 1965
1966 1965
1966 1965
1968 1965
1968 1973
1964 1965
1962 1967
1969 1966
1971 1970
1977 1965
1957 1958
1969 1970
1967 1968
1964 1966
1964 1966
1927 2010
1971 1970
1966 1976
1966 1970
1964 1973
1959 1968
2020 1949
1948 1965
1969 1968
1969 1968
1966 1965
1962 1966
1933 1971
1969 1970
1963 1962
1961 1965
1968 1967
1969 1970
2029 1942
1946 1963
1966 1968
1962 1971
1964 1968
1959 1967
1893 2029
1985 1971
1961 1968
1958 1958
1956 1980
1960 1967
2017 1938
1957 1969
1966 1964
1968 1970
1963 1969
1964 1970
1962 1968
1956 1966
1960 1967
1963 1966
1964 1967
1962 1965
1987 1946
1959 1964
1961 1969
1967 1969
1960 1968
1963 1972
1927 1990
1992 1966
1957 1971
1940 1970
1959 1961
1979 1965
1966 1961
1962 1956
1963 1971
1972 1970
1968 1965
1967 1964
1962 1957
1963 1975
1970 1963
1960 1965
1967 1969
1963 1963
1964 2001
1948 1942
1957 1969
1969 1965
1970 1965
1968 1972
1954 1927
1993 1981
1965 1943
1972 1979
1945 1970
1962 1963
1969 2027
1938 1944
1964 1963
1963 1960
1966 1961
1966 1965
1970 1917
1989 1978
1967 1964
1970 1967
1965 1963
1964 1965
1963 2042
1924 1948
1970 1963
1968 1965
1966 1963
1967 1905
2016 1957
1981 1967
1962 1969
1948 1987
1967 1954
1971 1959
1965 1967
1962 1972
1962 1964
1967 1965
1967 1972
1969 1967
1966 1965
1961 1965
1966 1969
1965 1967
1964 1967
1967 1970
1971 1971
1968 1967
1969 1967
1967 1969
1971 1973
1967 1936
2054 1997
1959 1961
1974 1949
1975 1959
1964 1977
1958 1977
1963 1966
1971 1964
1970 1971
1964 1976
1967 1968
1968 1964
1970 1967
1964 1969
1963 1968
1963 1968
1962 1970
1963 1969
1964 1971
1966 1972
1967 1971
1967 1969
1967 1971
2054 2021
1981 1989
1963 1967
1966 1954
1961 1989
1948 1973
1969 1958
1969 1965
1965 1977
1961 1975
1967 1969
1973 1968
1968 1968
1969 1965
1966 1968
1968 1968
1966 1968
1965 1968
1965 1970
1966 1971
1965 1966
1964 1969
1962 1970
1962 1969
1940 2142
1977 1968
1968 1975
1953 1961
1950 1984
1956 1961
1976 1960
1967 1970
1960 1974
1965 1967
1965 1965
1966 1968
1965 1969
1967 1969
1965 1968
1966 1969
1965 1964
1962 1966
1966 1966
1965 1966
1967 1963
1966 1965
1966 1967
1966 1964
1917 2020
1995 1954
1962 1974
1944 1971
1973 1952
1979 1960
1966 1967
1957 1968
1965 1961
1969 1963
1966 1961
1972 1965
1969 1968
1971 1963
1968 1966
1967 1967
1968 1965
1965 1966
1967 1968
1965 1966
1966 1965
1966 1964
1965 1968
1965 1827
2135 1973
1962 1970
1974 1958
1955 1989
1953 1971
1973 1958
1973 1967
1966 1973
1965 1968
1968 1968
1967 1965
1966 1966
1967 1965
1967 1967
1969 1966
1968 1965
1969 1965
1968 1965
1968 1968
1967 1970
1966 1969
1963 1967
1965 1969
1945 1951
2001 1984
1964 1960
1951 1978
1968 1954
1980 1961
1968 1975
1951 1977
1962 1969
1970 1964
1969 1971
1964 1975
1962 1972
1966 1968
1966 1967
1962 1970
1965 1969
1964 1969
1964 1971
1965 1972
1963 1972
1964 1970
1961 1968
1961 1969
1903 2052
1990 1958
1958 1964
1974 1943
1977 1973
1948 1977
1962 1968
1964 1968
1962 1968
1962 1970
1962 1970
1964 1967
1962 1968
1963 1966
1963 1969
1965 1967
1964 1970
1963 1970
1962 1968
1963 1969
1964 1970
1961 1971
1964 1966
1966 1840
2132 1956
1958 1964
1969 1957
1946 1988
1957 1962
1976 1955
1972 1966
1960 1972
1957 1967
1966 1967
1963 1968
1964 1966
1965 1965
1967 1967
1967 1965
1964 1964
1964 1963
1966 1965
1965 1966
1965 1967
1964 1967
1966 1966
1963 1969
1924 2071
1925 1990
1966 1964
1946 1972
1975 1950
1975 1958
1963 1968
1956 1967
1965 1960
1967 1966
1968 1965
1968 1966
1969 1966
1968 1967
1967 1967
1966 1964
1966 1968
1966 1966
1967 1965
1965 1961
1965 1965
1967 1965
1966 1967
1966 1966
1968 1936
2015 1961
1958 1951
1983 1950
1964 1978
1954 1920
1990 1977
1972 1967
1965 1963
1958 1962
1966 1965
1966 2033
1931 1944
1963 1964
1962 1966
1968 1967
1966 1965
1964 1907
1990 1974
1965 1965
1962 1963
1964 1966
1960 1960
1960 2032
1899 1989
1944 1957
1964 1963
1938 1984
1961 1959
1978 1933
1995 1970
1960 1973
1964 1966
1969 1966
1962 1963
1963 2015
1932 1951
1955 1958
1962 1966
1962 1963
1964 1966
1967 1962
1977 1963
1971 1969
1964 1965
1970 1962
1961 1962
1960 1976
1995 1959
1964 1965
1947 1955
1983 1954
1966 1969
1953 1970
1959 1966
1969 1960
1967 1967
1966 1962
1969 1967
1965 1964
1962 1965
1962 1968
1966 1971
1967 1972
1961 1967
1961 1967
1965 1969
1964 1967
1963 1969
1965 1971
1966 1894
2030 1973
1977 1968
1959 1952
1976 1967
1950 1983
1956 1975
1971 1964
1969 1967
1958 1971
1964 1971
1965 1968
1965 1969
1966 1970
1986 1957
1957 1961
1960 1967
1972 1972
1963 1966
1959 1966
1920 1999
1970 1973
1970 1965
1955 1966
1842 2111
1930 1991
1965 1960
1942 1968
1972 1954
1977 1964
1960 1975
1953 1968
1966 1976
1960 1977
1969 1966
1956 1966
1962 1969
1962 1962
1950 1958
1962 1954
1950 1969
1968 1967
1963 1964
1961 1965
1962 1964
1964 1975
1970 1965
1964 1855
2116 1931
1986 1967
1958 1968
1964 1952
1942 1981
1959 1964
1969 1960
1968 1968
1958 1960
1968 1981
1970 1964
1964 1963
1966 1969
1968 1964
1961 2027
1942 1940
1963 1965
1963 1968
1968 1967
1964 1969
1969 1945
1978 1974
1970 1968
1841 2106
1927 1987
1965 1962
1950 2004
1956 1940
1975 1959
1959 1975
1959 1972
1966 1964
1968 1935
1983 1977
1965 1974
1966 1961
1962 1966
1966 1963
1964 2013
1926 1957
1963 1954
1964 1969
1970 1964
1964 1965
1963 1952
1978 1965
1971 1928
1987 1990
1978 1966
1958 1947
1976 1989
1933 1979
1944 1956
1967 1961
1971 1965
1963 1967
1961 1967
1971 1968
1976 1975
1963 1964
1963 1969
1966 1967
1964 1968
1972 1962
1946 1958
1965 1970
1964 1967
1965 1963
1964 1967
1954 1970
1967 1941
2002 1979
1966 1964
1951 1979
1967 1955
2028 1944
1943 1968
1959 1965
1964 1965
1962 1963
1964 1965
1952 1975
1975 1973
1965 1966
1961 1966
1964 1969
1968 1969
1973 1965
1958 1964
1962 1971
1969 1969
1958 1961
1958 1963
1932 1975
1927 2022
1984 1967
1950 1950
1979 1963
1955 1979
1993 1941
1956 1957
1967 1964
1972 1969
1964 1966
1968 1966
1965 1966
1959 1964
1961 1970
1967 1970
1970 1970
1966 1966
1984 1950
1959 1962
1959 1968
1969 1968
1966 1967
1967 1968
1942 1950
1991 2002
1971 1959
1946 1979
1962 1956
1981 1963
1964 1974
1953 1958
1958 1964
1972 1969
1971 1967
1959 1964
1963 1960
1969 1982
1974 1966
1961 1968
1964 1968
1968 1967
1965 1966
1964 1964
1962 1968
1965 1968
1960 1964
1959 1961
1933 1965
2001 1977
1962 1953
1973 1953
1967 1977
1950 1968
1965 2017
1942 1940
1961 1966
1962 1964
1965 1968
1959 1961
1960 1952
1970 1973
1970 1959
1959 1958
1961 1968
1973 1974
1969 2034
1917 1943
1957 1957
1960 1967
1962 1963
1962 1939
1976 1944
1991 1967
1957 1970
1956 1960
1976 1961
1964 1964
1963 2028
1926 1946
1962 1962
1960 1965
1960 1964
1960 1967
1959 1923
1983 1974
1965 1973
1969 1969
1964 1967
1963 1965
1963 2003
1936 1953
1954 1958
1961 1968
1960 1961
1932 1977
1988 1959
1961 1971
1973 1965
1964 1975
1966 1967
1961 1963
1964 1968
1967 1966
1963 1967
1964 1966
1960 1965
1964 1966
1963 1966
1963 1967
1964 1965
1966 1970
1968 1969
1969 1968
1968 1969
1963 1966
1966 1967
1964 1967
1964 1940
1978 1991
1966 1960
1964 1974
1960 1966
1968 1969
1969 1967
1966 1967
1970 1971
1969 1969
1966 1971
1963 1966
1963 1968
1964 1967
1962 1966
1963 1968
1967 1969
1969 1971
1964 1967
1968 1968
1967 1967
1965 1969
1967 1969
1968 1970
1941 1966
1981 1968
1957 1966
1964 1966
1963 1964
1964 1965
1965 1969
1966 1966
1965 1967
1968 1965
1965 1966
1965 1964
1964 1965
1964 1966
1964 1962
1963 1965
1962 1963
1964 1966
1964 1964
1962 1965
1968 1965
1968 1964
1967 1964
1969 1934
1956 1977
1970 1962
1965 1968
1964 1965
1963 1967
1962 1968
1967 1970
1966 1971
1967 1969
1968 1970
1966 1966
1966 1966
1964 1967
1966 1968
1964 1966
1965 1969
1964 1968
1962 1969
1961 1967
1961 1969
1965 1969
1964 1970
1966 1968
1936 1989
1974 1966
1958 1966
1962 1965
1964 1967
1964 1969
1965 1969
1964 1968
1967 1966
1961 1966
1965 1967
1970 1965
1964 1969
1965 1966
1966 1967
1964 1965
1960 1965
1960 1964
1960 1965
1961 1965
1963 1966
1964 1970
1965 1966
1964 1943
1953 1973
1961 1962
1964 1964
1963 1967
1963 1971
1963 1965
1962 1966
1960 1966
1962 1967
1962 1969
1964 1968
1963 1968
1961 1969
1965 1969
1963 1970
1962 1967
1961 1967
1963 1968
1963 1969
1962 1967
1964 1968
1967 1970
1965 1968
1946 1976
1974 1965
1970 1969
1965 1963
1968 1965
1970 1967
1966 1966
1965 1968
1963 1967
1966 1967
1963 1965
1966 1966
1967 1969
1966 1966
1965 1965
1963 1967
1965 1964
1960 1962
1960 1967
1965 1968
1962 1970
1963 1969
1963 1969
1964 1979
2026 1957
1965 1967
1958 1967
1968 1965
1966 1965
1967 1963
1966 1961
1963 1963
1962 1962
1964 1963
1964 1965
1966 1967
1967 1966
1968 1965
1965 1963
1965 1961
1964 1960
1964 1963
1966 1965
1966 1966
1965 1966
1960 1966
1960 1968
1962 1952
1954 1973
1967 1969
1967 1967
1966 1964
1966 1967
1966 1966
1964 1964
1961 1965
1960 1964
1963 1970
1964 1966
1965 1968
1968 1967
1965 1965
1969 1967
1968 1965
1972 1965
1966 1962
1966 1965
1967 1966
1966 1964
1964 1964
1964 1964
1955 1940
1964 1961
1964 1966
1966 1966
1968 1966
1967 1966
1965 1966
1962 1965
1958 1966
1958 1966
1962 1968
1962 1970
1963 1968
1963 1969
1961 1964
1963 1967
1963 1966
1965 1965
1966 1965
1965 1966
1966 1966
1964 1965
1963 1963
1959 1961
1956 1972
1961 1968
1965 1968
1966 1966
1965 1964
1962 1963
1964 1963
1964 2026
1928 1947
1959 1955
1958 1967
1966 1966
1959 1964
1960 1936
1985 1971
1965 1969
1964 1968
1967 1968
1966 1960
1962 2000
1937 1947
1955 1954
1958 1963
1961 1958
1964 1965
1964 1962
1972 1972
1971 1971
1965 1965
1967 1965
1964 1963
1966 1968
1968 1945
1948 1956
1962 1967
1959 1964
1960 1966
1962 1968
1941 1977
1972 1972
1960 1969
1969 1969
1965 1963
1964 1968
1973 1963
1952 1961
1962 1968
1958 1965
1960 1968
1962 1971
1962 1972
1963 1969
1965 1967
1966 1967
1964 1966
1966 1965
1965 1969
1968 1969
1965 1967
1962 1963
1959 1966
1964 1968
1965 1968
1965 1968
1970 1969
1970 1968
1970 1966
1967 1964
1969 1964
1968 1963
1966 1972
1969 1967
1966 1967
1965 1965
1964 1963
1967 1964
1967 1964
1966 1963
1968 1966
1972 1967
1968 1962
1965 1963
1964 1963
1962 1967
1961 1966
1960 1967
1960 1969
1961 1967
1964 1965
1958 1965
1962 1968
1965 1966
1963 1967
1963 1962
1959 1972
1969 1969
1962 1965
1955 1963
1958 1949
1964 1983
1971 1964
1956 1962
1962 1965
1965 1967
1964 1976
1956 1959
1959 1966
1965 1970
1965 1965
1961 1958
1959 1927
1976 1982
1966 1965
1961 1962
1964 1966
1966 1964
1961 1979
1957 1956
1957 1966
1971 1970
1966 1963
1960 1959
1958 1916
1990 1980
1965 1966
1967 1958
1963 1964
1969 1966
1965 1970
1958 1957
1964 1963
1964 1966
1969 1968
1965 1965
1966 1946
1988 1970
1965 1970
1963 1959
1963 1967
1971 1964
1969 1979
1941 1961
1966 1939
1967 1967
1967 1962
1964 1964
1967 1961
1978 1966
1974 1974
1963 1959
1965 1966
1970 1963
1965 1957
1964 1964
1957 1955
1970 1971
1968 1965
1965 1965
1967 1969
1964 1969
1969 1970
1961 1962
1961 1965
1969 1971
1971 1965
1965 1961
1960 1959
1971 1968
1966 1964
1961 1963
1963 1967
1937 1974
1982 1974
1961 1962
1965 1966
1967 1966
1966 1961
2024 1940
1940 1960
1970 1965
1967 1967
1967 1963
1962 1966
1958 1972
1971 1970
1962 1962
1958 1961
1966 1971
1970 1969
1965 1961
1955 1967
1964 1965
1965 1966
1962 1960
1961 1965
1928 1988
1973 1967
1965 1963
1959 1960
1965 1966
1966 1964
1982 1941
1957 1962
1962 1967
1969 1967
1963 1962
1964 1966
1958 1967
1969 1968
1972 1964
1964 1961
1967 1967
1972 1969
1970 1964
1967 1958
1964 1968
1972 1967
1967 1964
1964 1962
1974 1963
1969 1975
1976 1962
1960 1966
1968 1968
1972 1966
1966 1974
1961 1951
1959 1968
1971 1966
1963 1965
1965 1967
1970 1968
1965 1962
1964 1967
1969 1969
1969 1967
1962 1963
1962 1998
1955 1949
1963 1966
1968 1966
1968 1967
1965 1967
1964 1953
1967 1977
1971 1968
1961 1959
1962 1965
1971 1971
1969 1966
1962 1962
1963 1965
1970 1969
1962 1960
1960 1964
1966 1950
1983 1978
1972 1965
1963 1960
1967 1963
1964 1963
1967 1994
1945 1953
1964 1959
1968 1966
1969 1968
1966 1963
1964 1949
1973 1969
1969 1968
1965 1961
1962 1963
1969 1971
1966 1964
1962 1962
1958 1965
1964 1970
1966 1968
1962 1964
1962 1940
1979 1969
1970 1973
1966 1962
1961 1966
1966 1966
1969 1983
1945 1948
1951 1956
1962 1965
1962 1962
1961 1964
1964 1961
1960 1971
1972 1972
1962 1966
1968 1965
1961 1962
1959 1963
1981 1949
1943 1957
1963 1967
1960 1963
1958 1965
1960 1968
1928 1981
1975 1971
1959 1968
1967 1967
1960 1965
1961 1968
2030 1937
1940 1960
1967 1964
1961 1963
1963 1964
1964 1965
1964 1963
1964 1964
1968 1970
1966 1965
1962 1966
1962 1965
1965 1968
1966 1964
1962 1961
1966 1968
1966 1968
1967 1964
1963 1963
1961 1965
1965 1964
1963 1964
1964 1974
1969 1967
1967 1965
1963 1962
1962 1963
1965 1967
1966 1966
1963 1966
1968 1968
1967 1966
1968 1963
1963 1964
1967 1966
1968 1965
1965 1965
1965 1967
1967 1969
1966 1965
1965 1965
1964 1965
1964 1966
1966 1967
1968 1965
1967 1969
1968 1966
1970 1965
1964 1965
1965 1966
1967 1968
1964 1967
1965 1968
1963 1968
1963 1970
1963 1966
1966 1968
1966 1969
1965 1970
1974 1968
1969 1969
1965 1968
1965 1967
1965 1966
1965 1975
1964 1974
1963 1965
1964 1967
1965 1967
1968 1968
1969 1968
1970 1961
1968 1970
1964 1966
1961 1966
1965 1967
1965 1969
1964 1969
1965 1969
1965 1969
1966 1966
1965 1966
1966 1968
1970 1967
1968 1965
1967 1965
1968 1965
1964 1963
1962 1965
1963 1967
1965 1966
1963 1967
1965 1967
1964 1968
1965 1965
1966 1965
1963 1965
1962 1966
1964 1967
1966 1967
1966 1967
1965 1965
1962 1964
1964 1965
1962 1962
1967 1967
1969 1965
1970 1966
1967 1964
1964 1965
1964 1963
1964 1962
1965 1966
1964 1965
1966 1966
1964 1964
1966 1965
1967 1965
1970 1964
1969 1962
1967 1965
1969 1964
1967 1965
1967 1966
1966 1967
1965 1968
1961 1968
1962 1968
1963 1967
1960 1964
1962 1967
1964 1967
1965 1966
1966 1968
1967 1968
1964 1968
1961 1969
1959 1971
1962 1971
1960 1969
1959 1969
1961 1969
1960 1965
1964 1962
1967 1963
1968 1966
1973 1966
1971 1968
1968 1971
1965 1966
1959 1971
1962 1970
1961 1969
1963 1967
1964 1964
1967 1962
1968 1959
1970 1959
1972 1961
1971 1963
1971 1968
1970 1970
1966 1972
1960 1969
1956 1966
1957 1965
1960 1962
1967 1958
1967 1956
1971 1956
1971 1958
1973 1960
1972 1967
1969 1968
1965 1969
1962 1972
1960 1969
1956 1968
1959 1965
1961 1960
1963 1956
1966 1955
1971 1959
1973 1962
1970 1965
1968 1970
1966 1975
1964 1976
1959 1977
1956 1974
1955 1969
1957 1958
1961 1963
1966 1961
1969 1959
1971 1961
1972 1964
1970 1970
1967 1973
1962 1977
1960 1978
1956 1975
1956 1975
1954 1968
1957 1961
1960 1959
1966 1959
1970 1959
1972 1964
1974 1967
1971 1971
1966 1977
1959 1970
1954 1973
1957 1976
1960 1972
1954 1960
1961 1942
1981 1960
1970 1965
1973 1953
1972 1964
1978 1966
1966 1986
1943 1972
1955 1962
1955 1978
1954 1969
1953 1965
1957 1965
1967 1956
1976 1961
1970 1949
1971 1955
1972 1961
1973 1969
1974 1966
1951 1965
1960 1977
1957 1970
1952 1965
1953 1966
1940 1968
1980 1967
1972 1954
1973 1954
1973 1960
1973 1965
2017 1948
1943 1967
1961 1977
1954 1973
1955 1972
1955 1965
1912 1978
1978 1958
1964 1956
1977 1958
1974 1960
1974 1965
2041 1935
1943 1966
1963 1973
1954 1977
1963 1971
1955 1969
1906 1989
1974 1961
1965 1964
1973 1961
1973 1959
1972 1964
2022 1937
1955 1971
1961 1970
1959 1976
1958 1976
1961 1973
1960 1967
1962 1961
1961 1957
1967 1958
1972 1962
1974 1963
1973 1967
1969 1973
1967 1973
1959 1967
1953 1972
1954 1970
1958 1969
1960 1964
1963 1966
1967 1960
1968 1960
1969 1961
1968 1967
1968 1966
1965 1972
1966 1976
1959 1972
1953 1970
1954 1963
1960 1975
1965 1959
1959 1961
1971 1962
1971 1965
1970 1973
1962 1954
1959 1969
1965 1974
1961 1972
1959 1965
1955 1936
1968 1980
1971 1962
1962 1959
1963 1961
1972 1962
1970 1981
1961 1954
1963 1966
1968 1972
1967 1970
1960 1967
1955 1922
1980 1982
1963 1961
1964 1961
1966 1960
1975 1961
1973 1976
1961 1952
1966 1963
1968 1970
1967 1971
1958 1962
1958 1926
1990 1976
1962 1971
1965 1961
1961 1960
1972 1964
1967 1962
1969 1963
1967 1965
1969 1972
1968 1972
1962 1967
1957 1945
1969 1972
1966 1973
1963 1963
1965 1966
1966 1960
1964 1970
1952 1963
1964 1957
1965 1972
1968 1966
1959 1968
1958 1974
1960 1970
1968 1976
1963 1961
1958 1961
1968 1966
1970 1964
1984 1963
1954 1956
1968 1973
1962 1968
1959 1972
1960 1975
1964 1972
1961 1964
1956 1962
1965 1968
1968 1967
1968 1961
1993 1959
1953 1965
1970 1972
1963 1976
1961 1969
1956 1970
1929 1980
1966 1977
1961 1964
1963 1962
1967 1963
1968 1961
2029 1939
1952 1966
1967 1967
1969 1971
1963 1966
1959 1971
1950 1980
1970 1972
1958 1962
1961 1962
1965 1965
1972 1964
1971 1960
1967 1962
1971 1969
1975 1971
1967 1964
1958 1969
1943 1992
1964 1972
1968 1968
1955 1961
1966 1965
1968 1959
1981 1948
1968 1956
1970 1966
1977 1970
1969 1969
1966 1972
1965 1976
1962 1980
1961 1967
1951 1961
1959 1964
1969 1965
1972 1959
1971 1956
1979 1965
1973 1967
1970 1961
1964 1970
1963 1965
1961 1986
1967 1969
1953 1968
1964 1965
1961 1957
1967 2000
1963 1936
1968 1961
1979 1962
1976 1967
1969 1970
1962 1975
1960 1978
1954 1976
1952 1972
1953 1972
1963 1968
1962 1956
1965 1956
1973 1959
1979 1960
1976 1962
1966 1966
1963 1966
1963 1987
1957 1980
1949 1970
1948 1972
1958 1972
1963 1962
1964 1952
1972 1958
1980 1958
1977 1959
1967 1964
1967 1959
1973 1987
1955 1976
1943 1977
1946 1976
1955 1977
1960 1963
1962 1954
1970 1952
1976 1952
1977 1956
1968 1957
1969 1979
1971 1978
1963 1986
1947 1975
1942 1975
1950 1975
1958 1972
1960 1956
1968 1953
1980 1953
1981 1951
1975 1952
1969 1961
1963 1969
1969 1979
1949 1975
1949 1978
1958 1980
1959 1969
1958 1955
1968 1954
1978 1953
1981 1948
1976 1947
1975 1956
1936 1972
1982 1980
1954 1974
1951 1979
1954 1979
1958 1971
2003 1939
1946 1948
1976 1951
1975 1948
1980 1953
1975 1955
1926 1981
1976 1972
1955 1976
1957 1980
1949 1973
1949 1972
2031 1936
1942 1960
1968 1954
1971 1950
1975 1952
1975 1957
1918 1985
1976 1968
1961 1977
1956 1978
1952 1977
1950 1977
2026 1933
1943 1960
1968 1957
1975 1954
1973 1953
1975 1955
1954 1970
1966 1969
1962 1979
1957 1977
1947 1975
1949 1979
1957 1977
1962 1967
1965 1961
1971 1962
1981 1960
1971 1952
1969 1958
1967 1970
1962 1977
1967 1975
1940 1981
1955 1982
1958 1976
1958 1967
1966 1966
1973 1962
1976 1956
1975 1958
1975 1965
1972 1966
1960 1969
1954 1975
1951 1979
1952 1979
1954 1976
1956 1973
1968 1964
1970 1960
1975 1958
1979 1955
1976 1961
1971 1963
1967 1972
1961 1973
1954 1978
1950 1979
1949 1978
1956 1972
1963 1969
1970 1965
1976 1956
1980 1956
1978 1957
1976 1961
1968 1965
1963 1970
1959 1974
1954 1976
1955 1974
1958 1972
1966 1968
1970 1962
1977 1957
1979 1955
1979 1953
1976 1956
1973 1962
1968 1968
1959 1975
1956 1976
1955 1973
1955 1973
1962 1967
1968 1966
1973 1962
1979 1959
1979 1959
1978 1958
1970 1958
1965 1966
1962 1970
1960 1975
1958 1974
1957 1973
1962 1969
1965 1964
1970 1968
1975 1961
1978 1960
1975 1959
1972 1965
1967 1968
1957 1970
1955 1971
1950 1974
1953 1975
1956 1974
1964 1973
1968 1966
1971 1962
1971 1960
1970 1963
1970 1964
1965 1967
1962 1970
1957 1970
1954 1971
1954 1972
1957 1972
1960 1970
1966 1972
1972 1969
1973 1965
1972 1962
1972 1965
1967 1963
1961 1966
1960 1970
1956 1972
1960 1971
1957 1972
1962 1974
1967 1970
1970 1971
1973 1965
1972 1965
1973 1962
1968 1962
1965 1966
1962 1968
1961 1971
1953 1971
1959 1969
1959 1968
1961 1969
1970 1968
1971 1966
1976 1965
1971 1961
1970 1966
1964 1962
1963 1965
1959 1967
1959 1968
1960 1968
1960 1971
1969 1969
1968 1968
1972 1964
1972 1963
1973 1965
1971 1963
1971 1966
1966 1962
1961 1963
1960 1966
1960 1967
1962 1969
1965 1967
1969 1966
1970 1965
1972 1963
1973 1965
1971 1963
1970 1963
1966 1965
1964 1964
1963 1969
1962 1967
1960 1966
1966 1966
1967 1966
1969 1967
1973 1967
1972 1965
1970 1963
1968 1964
1965 1966
1963 1966
1961 1964
1963 1965
1963 1961
1963 1960
1968 1964
1968 1964
1972 1957
1973 1972
1974 1968
1961 1957
1958 1967
1969 1972
1964 1971
1953 1957
1959 1963
1970 1973
1970 1963
1961 1960
1963 1946
