3232 2213
3073 2459
2632 2581
2028 2549
1409 2372
929 2088
741 1801
834 1506
1187 1364
1758 1366
2377 1511
2897 1764
3215 2033
3172 2364
2858 2531
2252 2557
1696 2505
1136 2213
760 1945
786 1620
1002 1432
1485 1378
2094 1460
2675 1670
3092 1933
3195 2232
3006 2447
2558 2531
1970 2486
1374 2299
907 2062
771 1744
887 1510
1273 1408
1829 1433
2420 1590
2908 1838
3139 2127
3082 2362
2743 2490
2250 2443
1633 2368
1121 2157
840 1845
843 1613
1108 1471
1587 1436
2162 1547
2680 1747
3019 2017
3078 2263
2873 2430
2433 2483
1883 2400
1378 2220
978 1948
871 1706
1019 1533
1406 1457
1922 1515
2419 1682
2857 1930
3018 2167
2932 2353
2579 2400
2124 2411
1651 2277
1163 2034
962 1811
994 1619
1269 1503
1717 1505
2170 1623
2660 1844
2902 2058
2926 2272
2699 2400
2300 2419
1823 2326
1380 2140
1097 1911
1036 1704
1204 1563
1548 1520
2002 1591
2437 1757
2741 1967
2853 2171
2722 2324
2442 2346
2031 2353
1599 2208
1273 2015
1116 1807
1177 1641
1435 1557
1822 1579
2233 1695
2571 1875
2751 2074
2731 2244
2518 2341
2173 2341
1785 2248
1450 2083
1256 1900
1229 1738
1380 1620
1685 1597
2048 1669
2387 1819
2599 1980
2666 2145
2519 2258
2304 2300
1952 2277
1623 2134
1394 1988
1302 1826
1376 1702
1597 1644
1905 1646
2226 1773
2456 1907
2569 2058
2523 2187
2350 2256
2060 2300
1779 2152
1547 2046
1416 1905
1423 1781
1566 1703
1813 1674
2077 1766
2306 1855
2458 1987
2490 2107
2358 2192
2128 2285
1904 2154
1674 2081
1529 1966
1491 1851
1571 1767
1764 1715
1979 1769
2187 1835
2338 1933
2391 2043
2340 2128
2167 2206
1992 2145
1795 2090
1630 2006
1571 1905
1607 1823
1734 1773
1910 1791
2090 1831
2240 1906
2327 2002
2333 2068
2196 2118
2038 2131
1873 2091
1730 2031
1643 1943
1657 1869
1742 1823
1882 1810
2024 1847
2157 1893
2242 1974
2244 2038
2196 2084
2050 2099
1932 2069
1801 2038
1721 1968
1700 1906
1743 1862
1859 1845
1977 1862
2095 1891
2181 1946
2156 2012
2168 2078
2080 2071
1959 2068
1856 2039
1773 1987
1743 1932
1740 1889
1870 1877
1951 1873
2052 1892
2133 1937
2163 1990
2168 2030
2066 2041
1993 2050
1899 2034
1820 1996
1782 1946
1778 1911
1862 1904
1930 1891
2015 1899
2087 1931
2125 1969
2176 1958
2065 2032
2006 2035
1927 2026
1857 2016
1819 1961
1782 1926
1861 1932
1924 1898
1986 1906
2055 1926
2092 1962
2098 1989
2066 2010
2016 2018
1953 2018
1891 1999
1850 1974
1841 1949
1869 1938
1914 1926
1960 1913
2020 1924
2065 1949
2033 1974
2071 2018
2021 2010
1964 2016
1906 1998
1874 1993
1868 1960
1874 1943
1916 1944
1946 1922
1996 1930
2032 1943
2047 1952
2038 1999
2015 1968
1986 1999
1939 1993
1906 1987
1889 1978
1890 1967
1901 1948
1935 1934
1978 1932
2012 1937
2031 1943
2090 1914
2019 1991
1993 1985
1955 1981
1929 1974
1902 1983
1901 1969
1914 1968
1934 1951
1959 1944
1984 1943
2004 1941
2010 1947
2010 1955
1998 1968
1978 1979
1950 1986
1928 1986
1916 1988
1912 1979
1925 1966
1946 1955
1972 1949
1985 1940
1910 1951
2004 2030
1998 1954
1973 1975
1969 1970
1945 1975
1951 1975
1932 1998
1930 1992
1935 1964
1949 1964
1962 1950
1971 1936
1989 1934
1994 1947
1985 1956
1975 1965
1968 1979
1956 1997
1937 2000
1935 1992
1940 1988
1945 1976
1948 1958
1977 1938
1931 1925
1995 1928
1978 1940
1984 1941
1969 1974
1948 2003
1980 2008
1951 2001
1940 2000
1940 1991
1938 1967
1992 1951
1937 1913
1970 1926
1975 1929
1980 1936
1984 1958
1938 1982
1983 2017
1961 2009
1958 2011
1948 2000
1936 1976
2009 1960
1922 1905
1957 1905
1953 1959
1965 1923
1968 1958
1956 1968
2000 2003
1973 2001
1965 2017
1952 2011
1939 1992
1936 1973
1934 1951
1946 1930
1956 1918
1971 1920
1985 1933
1990 1958
1987 1975
1981 1995
1971 2012
1960 2013
1945 2003
1938 1985
1934 1967
1878 1941
1980 1995
1954 1903
1985 1927
2001 1913
1983 1964
1985 1998
1981 2005
1966 2010
1947 2012
1937 2004
1927 1977
1931 1953
1942 1930
1959 1915
1975 1914
1989 1924
1996 1945
1993 1971
1990 1994
1971 2011
1953 2015
1938 2008
1927 1994
1928 1969
2064 1843
1940 1946
1971 1911
1971 1902
1988 1950
2007 1949
2000 1968
1982 1996
1962 2017
1944 2018
1926 2005
1925 1988
1928 1962
1943 1939
1963 1921
1982 1914
1996 1918
2006 1932
2005 1954
1994 1978
1974 2000
1955 2009
1935 2013
1921 2000
1953 1981
1927 1896
1954 1945
1960 1920
2009 1908
2013 1908
2002 1939
1997 1966
1988 1984
1964 2001
1943 2013
1932 2008
1923 1996
1932 1975
1943 1961
1962 1934
1983 1921
1997 1919
2007 1929
2004 1946
1992 1965
1975 1987
1955 2002
1936 2010
1926 2006
1895 1885
1969 1990
1948 1940
1950 1938
2001 1926
2017 1909
2006 1927
1998 1954
1980 1975
1958 1987
1943 2003
1934 2007
1927 1995
1933 1987
1949 1963
1965 1947
1981 1927
1996 1924
2000 1931
2001 1938
1985 1959
1966 1977
1951 1994
1934 2001
1931 2001
1954 1941
1948 2011
1971 1954
1988 1920
1983 1925
1985 1934
1996 1940
1994 1941
1969 1968
1956 1985
1941 1999
1931 2002
1932 1996
1938 1985
1957 1968
1971 1953
1988 1938
1995 1929
1992 1931
1985 1943
1969 1957
1956 1976
1945 1989
1937 2000
1844 2002
1948 2062
1955 1976
1951 1959
1995 1936
1993 1918
1984 1934
1976 1944
1976 1948
1962 1965
1951 1986
1945 1991
1937 1999
1945 1995
1951 1984
1961 1964
1973 1950
1981 1940
1984 1933
1980 1938
1972 1947
1960 1963
1951 1974
1947 1988
1947 1996
1932 1992
1986 1985
1955 1969
1985 1942
1968 1931
1965 1950
1978 1940
1973 1942
1963 1960
1956 1971
1949 1982
1952 1987
1951 1990
1957 1987
1964 1974
1969 1959
1972 1947
1970 1936
1968 1933
1964 1939
1960 1953
1959 1964
1956 1979
1955 1991
1958 1987
2106 1869
1948 2009
1971 1947
1961 1931
1965 1968
1971 1939
1964 1927
1978 1901
1955 1972
1954 1981
1955 1978
1963 1991
1965 1985
1971 1974
1972 1962
1976 1954
1971 1944
1962 1938
1957 1938
1965 1954
1956 1962
1949 1977
1959 1979
1964 1983
1971 1986
1964 1963
1961 2001
1962 1934
1956 1961
1978 1936
1966 1927
1936 1951
1962 1961
1950 1978
1954 1974
1965 1987
1970 1988
2005 1977
1953 1961
1980 1952
1969 1952
1962 1943
1955 1942
1937 1949
1957 1966
1951 1975
1956 1983
1959 1981
1974 1986
1910 1982
1987 1967
1974 1975
1971 1949
1952 1931
1934 1963
1901 1956
1964 1966
1948 1965
1948 1979
1972 1985
1971 1986
2020 1983
1968 1947
1977 1962
1978 1954
1965 1947
1957 1948
1921 1953
1950 1970
1948 1969
1949 1972
1959 1979
1974 1986
2017 1986
1940 1941
2002 1975
1975 1948
1945 1963
1949 1952
1922 1947
1950 1967
1946 1970
1936 1977
1961 1973
1967 1979
1994 1979
1978 1959
1975 1963
1981 1962
1968 1955
1960 1952
1953 1954
1947 1961
1951 1973
1943 1967
1957 1974
1962 1976
1967 1975
1978 1983
2087 1904
1990 2005
1969 1950
1943 1958
1977 1952
1967 1934
1951 1986
1953 1974
1952 1974
1956 1967
1962 1971
1959 1979
1962 1952
1972 1963
1974 1963
1966 1967
1963 1964
1974 1929
1963 1990
1954 1980
1957 1975
1964 1974
1958 1966
1944 1969
1947 1937
2039 1888
1951 1984
1969 1953
1978 1951
2022 1934
1975 2009
1978 2009
1983 1979
1972 1970
1949 1958
1923 1967
1933 1923
1930 1921
1940 1935
1952 1950
1962 1966
2010 1938
2009 2012
2015 2027
2008 2012
1992 1996
1969 1971
1930 1945
1909 1904
1899 1887
1908 1861
1911 1941
1952 1934
2012 1963
2037 2008
2031 2061
2050 2055
2041 2030
1998 2000
1951 1952
1899 1903
1870 1868
1859 1861
1866 1871
1904 1902
1945 1956
2034 2014
2064 2067
2093 2078
2092 2077
2053 2049
1995 1989
1911 1923
1862 1861
1826 1839
1892 1815
1829 1888
1896 1901
2010 1968
2043 2058
2102 2101
2138 2110
2115 2088
2052 2042
1957 1975
1878 1898
1812 1846
1775 1812
1782 1815
1806 1857
1943 1944
2027 2010
2107 2077
2159 2117
2157 2123
2151 2086
2015 2000
1925 1947
1835 1875
1665 1821
1784 1873
1786 1851
1845 1874
1964 1967
2085 2028
2151 2091
2170 2134
2180 2122
2084 2048
1981 1995
1882 1920
1794 1854
1749 1811
1747 1810
1810 1846
1907 1912
2011 1987
2110 2055
2174 2107
2178 2128
2128 2093
2045 2036
1941 1966
1833 1893
1820 1838
1735 1732
1780 1850
1839 1884
1968 1944
2074 2001
2137 2078
2163 2116
2150 2102
2085 2045
1993 2002
1885 1937
1801 1872
1766 1833
1778 1827
1833 1887
1915 1918
2014 1983
2099 2043
2144 2078
2148 2085
2106 2062
2028 2018
1931 1961
1840 1900
1730 1864
1794 1899
1823 1886
1865 1911
1994 1954
2072 2002
2111 2065
2128 2075
2108 2054
2049 2025
1963 1980
1880 1926
1824 1887
1813 1857
1825 1883
1876 1904
1957 1947
2040 1998
2100 2044
2114 2058
2096 2047
2047 2023
1975 1983
1898 1938
1845 1898
1775 1877
1857 1947
1875 1904
1941 1940
2038 1966
2071 2025
2099 2045
2088 2038
2054 2025
1983 1990
1910 1946
1855 1908
1836 1892
1847 1889
1877 1912
1949 1937
2018 1981
2077 2020
2099 2034
2081 2038
2041 2018
1980 1996
1904 1952
1852 1910
1829 1896
1809 1899
1909 1960
1943 1922
2017 1979
2067 2004
2124 2033
2065 2032
2045 2021
1983 1998
1909 1961
1854 1924
1826 1899
1834 1891
1878 1897
1948 1928
2025 1973
2079 2008
2113 2029
2084 2037
2053 2027
1989 2011
1907 1970
1846 1929
1775 1904
1842 1919
1830 1901
1954 1937
2007 1945
2078 1994
2187 2021
2089 2002
2065 2045
1997 2016
1918 1984
1851 1945
1764 1910
1821 1919
1855 1891
1927 1915
2002 1942
2072 1977
2160 2012
2106 1996
2077 2033
2016 2018
1934 1994
1864 1959
1792 1925
1805 1924
1841 1895
1878 1906
1995 1941
2062 1958
2120 1999
2135 2016
2102 2031
2045 2025
1960 2009
1870 1974
1811 1935
1795 1910
1821 1901
1879 1903
1963 1920
2050 1954
2111 1986
2132 2011
2117 2022
2063 2022
1982 2009
1897 1982
1828 1952
1796 1926
1803 1906
1858 1902
1939 1918
2027 1952
2095 1972
2135 1998
2132 2018
2081 2022
2003 2010
1918 1989
1843 1959
1800 1934
1799 1913
1841 1912
1912 1915
1997 1934
2076 1961
2128 1987
2136 2008
2100 2019
2029 2011
1944 1993
1866 1967
1811 1941
1799 1923
1826 1910
1892 1916
1978 1932
2056 1962
2111 1980
2129 2002
2108 2012
2050 2010
1971 1996
1889 1974
1830 1948
1803 1925
1825 1916
1871 1914
1949 1927
2028 1949
2088 1971
2123 1994
2115 2007
2067 2010
1993 2000
1913 1980
1846 1957
1809 1934
1814 1919
1859 1915
1930 1924
2009 1943
2074 1963
2114 1987
2115 2004
2077 2009
2014 2005
1935 1988
1867 1966
1826 1942
1818 1924
1845 1917
1908 1923
1984 1938
2053 1959
2101 1983
2113 2000
2086 2009
2026 2002
1953 1992
1886 1968
1840 1947
1822 1931
1842 1922
1892 1924
1960 1933
2035 1951
2083 1976
2106 1994
2091 2006
2045 2008
1977 1996
1906 1976
1849 1956
1825 1936
1838 1927
1881 1926
1947 1938
2013 1953
2068 1971
2093 1990
2086 2000
2049 2002
1992 1996
1928 1981
1873 1964
1839 1943
1839 1930
1872 1927
1924 1932
1990 1945
2050 1965
2083 1983
2086 1998
2060 2000
2008 1998
1949 1984
1890 1966
1853 1949
1844 1936
1866 1930
1913 1936
1980 1945
2029 1962
2065 1976
2082 1992
2062 2001
2016 1996
1964 1988
1908 1968
1874 1968
1845 1936
1865 1933
1898 1933
1953 1938
1999 1990
2045 1956
2072 1989
2061 1998
2024 1999
1974 1987
1932 1948
1890 1974
1863 1946
1866 1935
1898 1938
1937 1946
1970 1989
2026 1950
2055 1985
2057 1994
2035 1996
1997 1995
1949 1956
1906 1977
1867 1947
1867 1936
1894 1937
1933 1949
1968 1966
2010 1959
2048 1980
2052 1991
2027 1989
1996 1981
1986 1939
1919 1977
1890 1960
1876 1940
1896 1938
1923 1943
1930 1984
2002 1953
2027 1970
2049 1987
2033 1990
2010 1987
1992 1958
1933 1969
1903 1962
1885 1941
1895 1943
1918 1942
1937 1960
1985 1959
2019 1964
2037 1986
2027 1990
2012 1986
1983 1982
1955 1969
1915 1968
1894 1940
1900 1941
1917 1942
1955 1944
1966 1951
2014 1958
2033 1982
2032 1984
2017 1987
1967 1985
1968 1971
1923 1966
1908 1945
1907 1943
1917 1939
1985 1945
1948 1938
1999 1959
2016 1975
2027 1984
2016 1986
1968 1984
1983 1987
1936 1969
1915 1953
1910 1944
1915 1946
2014 1940
1941 1917
1990 1962
2014 1971
2015 1986
2014 1980
1955 1985
1985 2007
1949 1968
1931 1964
1917 1951
1916 1940
2012 1946
1930 1913
1977 1954
1996 1965
2013 1977
2012 1986
1955 1982
1989 1994
1957 1971
1942 1964
1926 1959
1922 1950
1998 1949
1930 1917
1964 1953
1990 1963
1998 1971
2004 1979
1968 1985
1981 2000
1965 1980
1943 1969
1933 1966
1922 1955
1952 1951
1930 1935
1956 1949
1983 1964
1994 1971
2000 1981
1993 1983
1985 1970
1972 1987
1951 1968
1938 1965
1931 1956
1938 1956
1949 1957
1955 1959
1971 1963
1987 1972
1989 1978
1987 1979
1984 1979
1972 1981
1956 1973
1944 1964
1939 1958
1941 1954
1946 1956
1960 1953
1974 1966
1984 1971
1986 1973
1986 1974
1984 1978
1972 1977
1956 1972
1953 1965
1950 1963
1945 1959
1943 1961
1953 1947
1969 1956
1982 1967
1981 1969
1987 1974
1991 1971
1980 1985
1959 1972
1953 1962
1952 1960
1953 1960
1953 1955
1960 1955
1969 1958
1976 1965
1978 1969
1979 1972
1980 1977
1971 1980
1963 1975
1956 1971
1950 1968
1946 1963
1940 1958
1950 1953
1963 1954
1977 1966
1979 1966
1980 1972
1977 1975
1980 1977
1961 1983
1953 1969
1947 1968
1954 1964
1955 1965
1957 1958
1965 1957
1971 1961
1975 1965
1973 1963
1962 1969
1984 1974
1962 1980
1960 1970
1955 1970
1950 1965
1984 1957
1943 1947
1966 1949
1974 1959
1978 1963
1979 1963
1958 1970
1982 1971
1961 1976
1958 1967
1954 1968
1963 1972
1958 1967
1957 1959
1960 1954
1968 1959
1976 1956
1972 1958
1962 1965
1983 1980
1967 1976
1959 1966
1959 1968
1956 1970
1963 1966
1947 1953
1964 1958
1974 1961
1972 1964
1969 1955
1954 1959
1971 1989
1972 1971
1959 1973
1963 1970
1956 1974
1955 1969
1954 1964
1961 1960
1965 1963
1967 1963
1967 1959
1967 1959
1972 1964
1969 1973
1957 1965
1959 1967
1963 1974
1957 1974
1959 1962
1963 1960
1973 1964
1970 1963
1966 1957
1972 1959
1970 1957
1973 1974
1955 1961
1960 1967
1960 1968
1960 1968
1962 1973
1960 1959
1971 1965
1973 1966
1969 1963
1970 1958
1977 1949
1966 1978
1955 1962
1958 1964
1957 1970
1958 1970
1959 1982
1962 1963
1967 1966
1970 1968
1965 1963
1969 1959
1991 1927
1968 1980
1961 1970
1957 1964
1956 1973
1952 1972
1950 1968
1958 1967
1968 1971
1970 1970
1969 1966
1968 1962
1970 1967
1961 1964
1960 1963
1962 1966
1960 1973
1955 1971
1960 1968
1963 1969
1969 1967
1967 1964
1971 1962
1975 1964
1971 1964
1971 1961
1967 1964
1961 1966
1957 1969
1958 1968
1962 1967
1963 1969
1965 1967
1970 1966
1972 1965
1974 1966
1971 1964
1970 1963
1966 1966
1961 1964
1959 1968
1959 1970
1961 1971
1960 1972
1962 1969
1966 1968
1982 1968
1972 1966
1971 1967
1969 1968
1963 1966
1960 1968
1956 1968
1956 1968
1957 1969
1961 1973
1961 1973
1966 1971
1967 1968
1968 1963
1970 1965
1966 1965
1968 1964
1957 1966
1960 1967
1955 1970
1954 1965
1958 1966
1959 1967
1965 1968
1973 1966
1975 1969
1971 1967
1969 1961
1965 1961
1966 1962
1961 1962
1960 1964
2017 1967
1944 1926
1953 1962
1967 1963
1967 1971
1968 1963
1943 1964
1977 1985
1971 1962
1965 1965
1962 1965
1953 1960
1986 1963
1942 1942
1949 1963
1963 1967
1960 1965
1968 1967
1966 1968
1971 1968
1969 1971
1967 1964
1962 1969
1954 1960
1951 1963
1940 1975
1948 1952
1959 1965
1960 1963
1963 1964
1968 1970
1977 1941
1972 1977
1968 1962
1963 1968
1958 1963
1959 1960
1961 1964
1959 1961
1960 1963
1966 1963
1966 1967
1965 1966
1960 1959
1968 1966
1967 1965
1963 1965
1965 1964
1963 1968
1964 1968
1957 1963
1960 1961
1965 1967
1968 1965
1966 1966
1965 1966
1967 1969
1963 1968
1964 1957
1964 1960
1965 1969
1962 1969
1962 1966
1962 1965
1963 1965
1965 1964
1965 1966
1967 1965
1967 1966
1968 1965
1964 1959
1963 1963
1964 1963
1963 1963
1966 1960
1966 1964
1968 1967
1966 1967
1966 1963
1966 1964
1967 1965
1969 1964
1968 1966
1966 1965
1965 1963
1968 1960
1965 1963
1964 1964
1962 1963
1962 1962
1966 1966
1966 1967
1969 1967
1967 1970
1967 1970
1961 1972
1962 1963
1960 1963
1960 1964
1961 1963
1960 1963
1963 1965
1966 1967
1969 1970
1966 1973
1967 1972
1968 1969
1969 1970
1966 1968
1964 1965
1960 1962
1959 1958
1960 1956
1960 1959
1966 1965
1969 1967
1971 1972
1974 1976
1973 1975
1971 1971
1971 1969
1961 1964
1958 1959
1955 1958
1957 1956
1957 1957
1958 1957
1963 1966
1972 1972
1977 1978
1976 1982
1974 1983
1968 1979
1959 1970
1954 1966
1950 1957
1945 1955
1949 1953
1954 1955
1958 1963
1967 1965
1973 1974
1972 1981
1979 1984
1977 1983
1970 1978
1960 1970
1953 1957
1947 1949
1945 1948
1949 1947
1957 1952
1967 1960
1975 1969
1983 1977
1986 1981
1985 1982
1979 1979
1972 1974
1959 1964
1951 1956
1943 1948
1945 1946
1947 1945
1956 1952
1964 1961
1975 1969
1982 1977
1986 1982
1984 1984
1977 1966
1973 1985
1947 1963
1942 1948
1939 1948
1940 1953
1933 1973
1950 1945
1968 1964
1984 1976
1984 1980
1985 1977
2007 1941
1978 1991
1968 1973
1951 1961
1945 1957
1935 1951
1910 1975
1941 1935
1956 1949
1973 1963
1984 1970
1990 1981
2005 1960
1988 1983
1977 1980
1966 1968
1949 1962
1940 1954
1903 1986
1935 1934
1939 1936
1955 1954
1968 1962
1981 1970
2008 1975
1994 1986
1990 1996
1975 1983
1955 1972
1945 1961
1929 1958
1925 1941
1936 1937
1946 1948
1960 1954
1972 1960
1981 1970
2004 1981
1992 1998
1981 1982
1970 1979
1955 1971
1969 1955
1915 1940
1938 1932
1942 1941
1955 1944
1969 1952
1963 1967
2007 1983
1994 1991
1986 1986
1979 1985
1961 1982
2002 1964
1912 1932
1935 1942
1938 1942
1949 1944
1962 1949
1956 1963
1997 1983
1998 1987
1993 1990
1983 1990
1967 1983
2011 1975
1914 1931
1929 1947
1936 1940
1945 1944
1957 1945
1939 1956
2002 1994
2003 1980
1994 1987
1989 1985
1974 1987
1971 1975
1938 1949
1936 1950
1938 1947
1941 1945
1951 1941
1946 1948
1990 1982
2008 1977
1995 1986
1992 1985
1980 1986
1993 1978
1934 1941
1924 1948
1934 1946
1937 1945
1949 1945
1952 1950
1988 1976
1994 1975
1994 1979
1995 1990
1980 1987
1992 1980
1936 1960
1928 1952
1931 1951
1932 1945
1946 1946
1961 1952
1980 1951
1989 1974
1992 1976
1996 1986
1981 1985
1970 1980
1933 2002
1930 1945
1937 1956
1933 1945
1944 1944
1955 1949
1985 1920
1988 1977
1993 1969
1997 1987
1987 1983
1974 1980
1928 2037
1946 1948
1935 1959
1931 1949
1941 1948
1953 1951
1969 1957
1981 1966
1987 1974
1987 1980
1984 1985
1974 1984
1962 1979
1948 1973
1943 1966
1935 1956
1945 1950
1947 1946
1961 1953
1975 1962
1984 1971
1989 1979
1986 1982
1976 1981
1966 1977
1956 1973
1946 1965
1942 1957
1943 1951
1953 1950
1959 1952
1972 1957
1982 1962
1986 1970
1988 1976
1984 1979
1972 1983
1962 1975
1953 1968
1946 1961
1946 1953
1949 1951
1958 1953
1968 1958
1976 1963
1982 1972
1983 1976
1980 1978
1969 1978
1962 1978
1957 1972
1949 1964
1946 1960
1949 1958
1953 1958
1962 1958
1970 1964
1975 1968
1981 1974
1980 1974
1977 1978
1971 1976
1964 1971
1954 1967
1953 1962
1953 1956
1958 1957
1966 1959
1970 1960
1978 1967
1980 1970
1978 1974
1978 1972
1962 1965
1964 1963
1966 1965
1959 1967
1954 1957
1945 1954
1969 1971
1971 1966
1967 1965
1976 1970
1975 1971
1970 1970
1967 1968
1960 1966
1957 1966
1955 1960
1957 1960
1961 1961
1966 1964
1966 1965
1967 1969
1967 1969
1970 1969
1963 1971
1965 1971
1961 1969
1955 1964
1955 1962
1959 1960
1965 1963
1967 1961
1972 1967
1974 1968
1973 1967
1971 1969
1968 1971
1961 1967
1956 1965
1957 1960
1959 1959
1957 1958
1962 1957
1966 1961
1973 1962
1973 1966
1973 1968
1972 1969
1968 1968
1967 1967
1963 1964
1959 1961
1956 1962
1959 1959
1960 1960
1963 1961
1968 1963
1972 1968
1974 1973
1972 1972
1968 1973
1963 1971
1958 1966
1956 1963
1955 1963
1957 1963
1961 1961
1965 1965
1964 1961
1968 1968
1968 1972
1970 1974
1970 1975
1962 1970
1960 1971
1957 1967
1956 1964
1958 1962
1962 1961
1965 1962
1967 1965
1969 1968
1970 1971
1969 1970
1968 1969
1964 1969
1963 1967
1960 1967
1957 1963
1964 1961
1964 1959
1969 1960
1968 1963
1973 1965
1975 1970
1973 1972
1968 1972
1965 1970
1963 1969
1958 1964
1959 1962
1962 1963
1965 1963
1967 1959
1969 1964
1972 1966
1973 1968
1969 1973
1967 1975
1961 1972
1957 1967
1958 1965
1959 1965
1959 1961
1960 1962
1965 1962
1969 1964
1974 1964
1973 1968
1972 1971
1969 1972
1962 1970
1959 1969
1956 1965
1955 1964
1957 1961
1963 1958
1966 1955
1969 1960
1973 1964
1972 1966
1972 1967
1968 1969
1965 1969
1963 1971
1960 1968
1956 1963
1956 1960
1957 1954
1964 1957
1969 1960
1972 1964
1972 1968
1970 1969
1966 1971
1963 1969
1961 1971
1958 1968
1956 1964
1957 1962
1959 1963
1961 1964
1965 1960
1968 1961
1967 1965
1969 1969
1968 1973
1964 1976
1956 1974
1954 1973
1953 1968
1954 1964
1957 1962
1968 1961
1971 1950
1973 1973
1965 1963
1966 1963
1970 1971
1962 1973
1943 1989
1948 1951
1963 1968
1955 1964
1959 1962
1962 1964
1974 1931
1973 1970
1975 1960
1974 1967
1967 1965
1967 1966
1938 2027
1956 1946
1959 1970
1957 1964
1959 1962
1962 1961
1988 1913
1972 1972
1975 1958
1975 1962
1970 1965
1970 1963
1929 2043
1962 1950
1958 1968
1956 1968
1958 1966
1960 1965
1962 1960
1966 1959
1971 1966
1973 1965
1970 1965
1972 1964
1968 1970
1960 1971
1954 1969
1956 1969
1960 1971
1959 1968
1963 1963
1965 1964
1967 1962
1970 1963
1971 1961
1969 1969
1967 1973
1961 1972
1958 1970
1959 1974
1960 1968
1958 1968
1960 1964
1965 1964
1965 1964
1963 1961
1966 1966
1964 1966
1964 1968
1959 1968
1959 1970
1959 1969
1957 1968
1960 1962
1961 1965
1962 1964
1968 1960
1968 1962
1968 1964
1966 1964
1966 1962
1964 1967
1961 1966
1960 1968
1962 1966
1964 1967
1963 1964
1970 1959
1967 1960
1970 1961
1971 1961
1969 1961
1965 1961
1963 1962
1964 1966
1961 1968
1964 1968
1964 1965
1963 1962
1963 1963
1966 1961
1967 1962
1967 1962
1967 1963
1967 1963
1965 1968
1960 1969
1958 1967
1960 1966
1961 1967
1962 1966
1965 1964
1965 1967
1963 1962
1966 1960
1965 1967
1969 1966
1968 1968
1964 1969
1964 1968
1961 1969
1961 1968
1956 1969
1961 1967
1962 1965
1963 1963
1966 1965
1965 1966
1963 1963
1966 1966
1965 1965
1965 1965
1964 1967
1966 1967
1963 1967
1962 1965
1963 1963
1967 1964
1968 1967
1965 1964
1969 1963
1969 1946
1972 1978
1960 1964
1964 1964
1963 1966
1966 1965
1947 2026
1962 1940
1967 1965
1966 1963
1963 1965
1966 1962
1981 1933
1972 1977
1966 1966
1964 1963
1967 1965
1963 1965
1935 2017
1968 1946
1964 1964
1966 1964
1960 1960
1966 1962
1979 1945
1966 1975
1959 1967
1958 1962
1960 1964
1963 1963
1925 2018
1963 1954
1960 1955
1967 1965
1961 1964
1963 1962
1982 1946
1964 1968
1963 1973
1958 1965
1963 1967
1960 1971
1938 1985
1955 1963
1962 1957
1965 1970
1962 1965
1964 1967
1963 1968
1968 1965
1955 1972
1960 1960
1961 1970
1962 1968
1971 1970
1946 1961
1964 1954
1961 1969
1961 1966
1962 1966
1945 1968
1978 1970
1959 1975
1962 1968
1964 1970
1961 1969
2004 1962
1940 1951
1967 1960
1964 1968
1962 1969
1961 1964
1944 1967
1974 1973
1964 1976
1963 1963
1963 1964
1966 1962
2027 1965
1948 1938
1964 1965
1964 1964
1962 1967
1964 1961
1934 1966
1980 1988
1967 1970
1964 1966
1968 1963
1968 1966
2018 1961
1953 1924
1962 1965
1972 1959
1967 1966
1968 1962
1959 1969
1972 1974
1969 1972
1962 1965
1967 1962
1970 1968
1969 1970
1962 1962
1963 1959
1969 1963
1967 1964
1964 1961
1959 1962
1967 1978
1972 1971
1960 1965
1967 1963
1965 1965
1951 1967
1963 1958
1953 1950
1968 1962
1965 1963
1963 1963
1967 1966
1968 1960
1972 1974
1961 1967
1961 1964
1962 1964
1961 1968
1951 1996
1953 1949
1966 1966
1964 1967
1962 1964
1962 1961
1977 1926
1969 1985
1961 1967
1962 1966
1965 1968
1957 1967
1929 2029
1958 1944
1959 1965
1960 1962
1961 1964
1963 1969
1983 1915
1961 1981
1962 1967
1963 1969
1961 1966
1964 1964
1925 2041
1959 1944
1958 1963
1960 1963
1964 1967
1961 1969
1991 1926
1956 1976
1965 1968
1965 1973
1962 1968
1965 1967
1938 1997
1964 1959
1958 1961
1966 1965
1967 1969
1965 1973
1960 1968
1961 1967
1965 1972
1961 1968
1961 1966
1963 1966
1968 1967
1967 1967
1965 1962
1966 1965
1965 1966
1964 1965
1965 1965
1970 1967
1966 1970
1967 1968
1967 1967
1967 1967
1968 1965
1965 1963
1969 1965
1968 1965
1967 1968
1963 1967
1964 1966
1967 1967
1967 1969
1968 1969
1969 1970
1970 1968
1967 1968
1966 1961
1967 1964
1968 1965
1965 1964
1966 1963
1967 1965
1967 1969
1967 1964
1969 1968
1968 1968
1968 1963
1968 1967
1971 1965
1966 1966
1966 1963
1967 1964
1967 1963
1967 1966
1965 1966
1967 1968
1965 1965
1969 1964
1970 1965
1968 1965
1967 1967
1968 1965
1965 1967
1963 1964
1964 1965
1965 1965
1966 1967
1964 1969
1967 1970
1965 1970
1964 1967
1965 1965
1964 1963
1968 1965
1967 1964
1966 1967
1962 1965
1962 1966
1962 1967
1962 1967
1962 1969
1963 1967
1963 1967
1962 1965
1965 1962
1967 1963
1966 1963
1964 1964
1964 1965
1964 1966
1965 1968
1964 1971
1963 1970
1961 1969
1960 1970
1962 1969
1965 1966
1959 1973
1962 1961
1965 1963
1967 1965
1968 1967
1964 1969
1962 1968
1961 1969
1959 1969
1960 1971
1963 1967
1960 1968
1962 1965
1965 1963
1963 1963
1963 1962
1963 1964
1962 1965
1962 1969
1964 1973
1962 1975
1959 1971
1960 1969
1960 1966
1963 1964
1962 1963
1962 1961
1964 1963
1964 1963
1963 1967
1964 1970
1961 1972
1962 1971
1964 1974
1965 1974
1962 1971
1961 1967
1963 1965
1962 1961
1964 1962
1962 1964
1965 1966
1961 1966
1961 1967
1963 1970
1962 1972
1965 1970
1963 1970
1965 1973
1965 1961
1967 1960
1966 1964
1964 1960
1963 1963
1965 1964
1964 1964
1965 1968
1967 1970
1966 1971
1965 1970
1966 1968
1966 1964
1963 1963
1964 1960
1966 1959
1964 1961
1965 1962
1968 1964
1968 1969
1963 1971
1965 1971
1967 1969
1966 1968
1968 1965
1969 1963
1965 1960
1963 1958
1963 1957
1967 1960
1967 1965
1965 1968
1968 1970
1971 1972
1967 1969
1965 1971
1963 1967
1965 1967
1964 1962
1964 1960
1964 1962
1961 1960
1964 1961
1966 1965
1964 1967
1968 1969
1967 1971
1967 1973
1964 1970
1963 1966
1964 1965
1965 1961
1961 1960
1966 1960
1964 1960
1964 1961
1965 1964
1966 1969
1968 1969
1968 1970
1967 1970
1969 1968
1964 1962
1965 1960
1963 1948
1964 1960
1960 1961
1963 1961
1960 1965
1964 1965
1965 1969
1966 1968
1967 1970
1966 1968
1966 1968
1963 1966
1962 1961
1962 1960
1963 1960
1962 1961
1963 1962
1965 1964
1965 1969
1964 1966
1964 1967
1965 1967
1962 1965
1962 1963
1964 1961
1968 1934
1966 1970
1960 1960
1962 1963
1963 1964
1966 1968
1933 2038
1960 1945
1959 1960
1968 1964
1963 1963
1963 1958
1986 1912
1961 1974
1962 1962
1964 1961
1962 1965
1962 1962
1926 2040
1965 1945
1964 1965
1963 1962
1964 1960
1964 1961
1990 1916
1966 1972
1967 1964
1967 1967
1962 1968
1967 1966
1933 2020
1962 1954
1964 1960
1964 1966
1964 1960
1963 1965
1971 1961
1964 1961
1964 1967
1968 1967
1965 1968
1968 1968
1963 1967
1967 1967
1968 1970
1963 1969
1966 1965
1964 1965
1961 1965
1962 1961
1962 1963
1965 1966
1966 1965
1966 1968
1968 1968
1967 1970
1963 1968
1965 1965
1965 1968
1966 1963
1962 1966
1963 1963
1963 1963
1960 1961
1965 1965
1966 1968
1968 1969
1964 1969
1965 1969
1965 1969
1964 1965
1963 1967
1962 1966
1959 1966
1961 1964
1962 1966
1958 1968
1962 1965
1961 1969
1964 1968
1964 1970
1961 1962
1963 1967
1959 1964
1960 1964
1959 1963
1959 1965
1960 1965
1962 1966
1961 1969
1962 1971
1963 1967
1962 1969
1961 1968
1961 1967
1962 1968
1974 1966
1959 1969
1966 1966
1958 1959
1960 1966
1963 1967
1965 1970
1959 1966
1959 1963
1967 1971
1965 1975
1957 1963
1960 1961
1963 1961
1969 1975
1950 1962
1960 1962
1961 1967
1961 1966
1957 1975
1960 1958
1967 1970
1963 1970
1961 1963
1961 1961
1970 1934
1968 1980
1960 1964
1960 1963
1964 1961
1961 1964
1950 1989
1962 1957
1967 1968
1968 1970
1962 1974
1961 1963
1975 1925
1966 1980
1962 1969
1959 1962
1965 1966
1961 1967
1927 2027
1963 1948
1963 1968
1967 1968
1963 1967
1966 1967
1980 1938
1964 1975
1962 1968
1957 1964
1964 1966
1961 1966
1923 2016
1963 1955
1961 1959
1969 1969
1962 1966
1964 1962
1982 1950
1964 1966
1966 1972
1960 1962
1965 1964
1962 1968
1943 1982
1959 1966
1963 1957
1962 1970
1963 1963
1965 1965
1968 1974
1973 1966
1962 1970
1965 1959
1964 1966
1967 1964
1977 1963
1950 1958
1965 1952
1968 1969
1965 1967
1961 1961
1950 1963
1973 1967
1966 1970
1963 1965
1965 1961
1966 1962
1999 1960
1945 1951
1965 1958
1964 1968
1962 1965
1966 1964
1940 1968
1979 1972
1958 1967
1961 1955
1967 1963
1967 1961
2044 1963
1946 1931
1964 1960
1963 1959
1966 1970
1962 1964
1930 1965
1973 1985
1964 1962
1967 1968
1965 1960
1961 1961
2011 1964
1952 1928
1959 1964
1965 1959
1962 1966
1963 1964
1957 1969
1973 1972
1962 1970
1961 1958
1962 1958
1970 1966
1965 1966
1959 1958
1966 1961
1969 1967
1965 1967
1958 1959
1966 1962
1967 1977
1976 1974
1963 1964
1969 1965
1966 1970
1965 1959
1965 1955
1955 1950
1971 1965
1965 1963
1967 1964
1966 1966
1969 1959
1971 1969
1961 1964
1961 1958
1968 1964
1969 1969
1959 1961
1964 1960
1970 1967
1964 1967
1960 1963
1965 1961
1974 1937
1972 1982
1962 1963
1964 1963
1968 1967
1966 1965
1953 2001
1963 1950
1966 1968
1965 1964
1967 1964
1968 1969
1965 1956
1966 1973
1968 1967
1961 1962
1969 1966
1959 1970
1924 2034
1962 1945
1965 1961
1971 1971
1960 1965
1964 1963
1991 1920
1962 1980
1965 1971
1967 1970
1966 1973
1959 1964
1925 2036
1961 1946
1961 1961
1963 1966
1967 1964
1969 1969
1985 1935
1965 1974
1967 1970
1968 1969
1964 1969
1966 1962
1937 2002
1959 1949
1961 1956
1963 1967
1964 1965
1968 1968
1974 1968
1971 1974
1965 1974
1969 1969
1965 1970
1964 1966
1975 1968
1955 1960
1962 1962
1962 1963
1964 1964
1967 1967
1963 1966
1965 1965
1970 1967
1968 1971
1962 1965
1964 1963
1967 1968
1967 1971
1962 1967
1963 1963
1963 1967
1962 1966
1958 1965
1964 1966
1967 1968
1965 1967
1967 1967
1965 1970
1966 1968
1961 1966
1962 1964
1963 1967
1962 1968
1963 1966
1960 1964
1963 1965
1961 1967
1963 1965
1965 1967
1963 1967
1967 1970
1964 1966
1964 1967
1966 1967
1963 1966
1963 1964
1966 1965
1964 1967
1961 1965
1962 1966
1965 1970
1965 1969
1966 1968
1958 1968
1966 1968
1961 1965
1966 1965
1966 1967
1964 1966
1964 1968
1965 1968
1965 1969
1962 1967
1964 1969
1966 1970
1968 1969
1965 1971
1963 1969
1961 1970
1958 1966
1961 1966
1965 1969
1964 1972
1964 1969
1966 1969
1964 1968
1965 1965
1962 1968
1965 1968
1963 1968
1961 1966
1964 1968
1963 1968
1962 1967
1961 1966
1965 1968
1965 1969
1968 1969
1968 1969
1967 1970
1963 1967
1964 1967
1963 1969
1962 1967
1961 1969
1960 1965
1963 1963
1967 1966
1966 1973
1964 1967
1966 1967
1966 1968
1966 1968
1965 1969
1965 1966
1966 1966
1963 1966
1966 1964
1967 1964
1970 1965
1964 1964
1967 1964
1966 1965
1968 1965
1967 1967
1967 1967
1968 1968
1963 1965
1964 1965
1961 1967
1966 1956
1963 1970
1962 1963
1962 1962
1953 1969
1967 1971
1973 1962
1970 1963
1964 1970
1968 1971
1969 1965
1964 1964
1964 1964
1964 1966
1965 1967
1966 1965
1967 1967
1967 1966
1965 1966
1964 1966
1966 1968
1967 1966
1967 1968
1966 1969
1950 1970
1977 1959
1960 1978
1966 1968
1965 1960
1976 1958
1961 1967
1962 1977
1972 1969
1973 1962
1966 1967
1963 1969
1966 1969
1967 1965
1965 1965
1964 1968
1968 1969
1971 1966
1970 1965
1971 1968
1970 1967
1970 1963
1970 1960
1969 1968
1969 1966
1969 1967
1956 1940
1974 1973
1968 1965
1961 1963
1975 1963
1978 1953
1965 1967
1967 1977
1974 1970
1971 1962
1965 1966
1966 1971
1969 1970
1970 1966
1971 1966
1970 1966
1968 1964
1971 1965
1971 1966
1973 1968
1970 1967
1969 1969
1965 1967
1968 1968
1967 1969
1962 1962
1972 1979
1968 1962
1962 1967
1961 1964
1970 1975
1979 1961
1971 1964
1967 1972
1969 1969
1968 1969
1967 1969
1968 1968
1968 1969
1968 1967
1966 1970
1970 1969
1971 1969
1969 1972
1969 1970
1968 1971
1967 1972
1967 1969
1968 1972
1968 1972
1970 1969
1973 1960
1965 1973
1964 1966
1968 1960
1957 1975
1970 1977
1972 1963
1967 1965
1963 1973
1968 1972
1968 1969
1967 1971
1969 1973
1966 1969
1967 1969
1968 1970
1968 1970
1967 1970
1970 1971
1966 1969
1966 1966
1968 1968
1966 1970
1968 1970
1968 1969
1990 1958
1963 1977
1970 1966
1968 1961
1978 1957
1961 1968
1962 1977
1971 1969
1970 1964
1964 1966
1961 1971
1964 1970
1966 1965
1970 1969
1967 1970
1966 1968
1966 1966
1965 1964
1965 1969
1964 1967
1964 1967
1963 1968
1960 1969
1964 1966
1966 1969
1980 1948
1969 1976
1963 1967
1961 1970
1971 1969
1973 1959
1959 1975
1957 1977
1965 1972
1966 1965
1962 1972
1960 1972
1964 1970
1964 1969
1960 1970
1966 1970
1967 1971
1973 1972
1957 1966
1961 1966
1966 1972
1964 1974
1961 1965
1936 1965
1972 1989
1967 1966
1969 1987
1972 1964
1963 1971
2013 1964
1956 1934
1968 1962
1974 1960
1960 1972
1967 1970
1950 1966
1969 1983
1975 1972
1966 1971
1967 1964
1965 1965
1990 1967
1964 1953
1962 1962
1972 1969
1969 1968
1966 1964
1973 1966
1969 1969
1972 1978
1935 1966
1974 1977
1966 1976
1965 1971
1955 1970
1945 1960
1969 1974
1975 1963
1970 1967
1961 1972
1971 1957
1975 1982
1966 1966
1965 1969
1971 1973
1965 1972
1943 2014
1962 1943
1966 1967
1971 1967
1966 1967
1968 1968
1981 1939
1969 1978
1974 1969
1963 1966
1975 1966
1963 1977
1933 2031
1968 1935
1957 1963
1962 1972
1967 1968
1971 1962
1990 1922
1966 1979
1974 1974
1966 1964
1970 1963
1970 1968
1946 1997
1968 1955
1970 1964
1968 1972
1967 1968
1969 1967
1984 1941
1973 1972
1970 1975
1970 1964
1961 1969
1986 1953
1933 2014
1963 1962
1972 1944
1964 1971
1957 1978
1968 1971
1988 1962
1972 1967
1966 1979
1967 1968
1971 1961
1974 1968
1962 1969
1954 1961
1969 1958
1966 1968
1970 1970
1972 1968
1958 1971
1978 1967
1967 1975
1968 1965
1973 1967
1968 1968
2024 1962
1940 1956
1967 1957
1965 1956
1971 1960
1961 1965
1934 1975
1985 1980
1974 1963
1969 1970
1965 1966
1969 1966
1982 1967
1957 1958
1966 1963
1973 1971
1966 1972
1961 1962
1922 1963
1981 1991
1973 1969
1962 1969
1972 1967
1967 1972
1989 1968
1983 1942
1962 1969
1969 1969
1966 1965
1971 1958
1919 1964
1968 2001
1977 1972
1968 1967
1968 1967
1965 1975
1982 1972
1962 1953
1961 1965
1969 1972
1965 1975
1961 1968
1958 1962
1964 1990
1971 1975
1961 1970
1966 1965
1969 1972
1971 1972
1971 1969
1983 1973
1963 1969
1954 1967
1959 1964
1952 1975
1967 1970
1980 1974
1960 1965
1964 1970
1966 1972
1971 1968
1962 1973
1962 1958
1971 1976
1969 1970
1965 1967
1965 1967
1970 1952
1972 1982
1966 1967
1967 1969
1967 1972
1965 1968
1947 2016
1964 1947
1968 1958
1970 1970
1960 1969
1961 1961
1964 1951
1970 1987
1969 1962
1968 1966
1963 1975
1964 1976
1932 2043
1969 1949
1964 1968
1967 1975
1965 1971
1966 1967
1979 1958
1968 1976
1968 1975
1965 1968
1968 1970
1972 1972
1958 1999
1961 1965
1966 1966
1965 1971
1972 1983
1961 1964
1980 1943
1975 1976
1976 1969
1966 1961
1965 1975
1969 1975
1971 1965
1969 1963
1968 1974
1969 1973
1963 1968
1965 1967
1978 1972
1981 1969
1967 1979
1968 1964
1972 1967
1971 1971
1975 1969
1951 1957
1971 1962
1965 1970
1967 1970
1978 1984
1951 1962
1973 1975
1972 1970
1984 1958
1967 1969
1965 1972
2016 1971
1951 1940
1971 1964
1967 1967
1969 1971
1970 1969
1934 1968
1982 1986
1972 1969
1974 1970
1970 1968
1970 1966
2035 1969
1951 1939
1967 1969
1966 1967
1971 1970
1971 1973
1972 1969
1972 1972
1973 1961
1957 1973
1974 1972
1982 1966
1974 1966
1965 1970
1971 1970
1975 1972
1966 1970
1967 1967
1974 1969
1974 1971
1973 1972
1971 1967
1975 1971
1971 1970
1970 1968
1970 1968
1969 1970
1970 1971
1970 1970
1972 1969
1990 1977
1969 1974
1967 1968
1963 1968
1966 1981
1978 1967
1973 1961
1969 1966
1967 1975
1966 1969
1966 1971
1969 1972
1967 1973
1964 1969
1970 1967
1970 1970
1971 1967
1971 1969
1972 1971
1970 1971
1964 1971
1966 1967
1967 1969
1969 1973
1967 1969
1986 1976
1965 1977
1962 1969
1958 1968
1966 1978
1975 1969
1970 1961
1963 1972
1969 1978
1965 1970
1966 1967
1966 1970
1968 1971
1970 1969
1968 1970
1970 1970
1971 1972
1968 1966
1968 1969
1967 1968
1970 1971
1971 1969
1971 1969
1969 1968
1970 1966
1982 1966
1964 1979
1960 1968
1959 1974
1972 1972
1974 1959
1962 1969
1964 1973
1968 1969
1968 1969
1968 1970
1965 1971
1967 1968
1969 1970
1967 1970
1966 1972
1968 1971
1969 1970
1964 1970
1966 1970
1966 1970
1971 1973
1968 1975
1969 1971
1966 1972
1978 1971
1962 1980
1955 1966
1961 1978
1974 1975
1974 1962
1963 1972
1961 1974
1968 1971
1967 1967
1965 1971
1964 1974
1967 1974
1970 1972
1967 1972
1963 1971
1966 1972
1968 1971
1961 1971
1963 1972
1967 1972
1963 1972
1966 1972
1967 1973
1969 1980
1971 1985
1965 1978
1958 1971
1965 1974
1977 1962
1969 1965
1963 1974
1967 1976
1968 1969
1970 1969
1966 1971
1968 1973
1968 1972
1967 1971
1970 1970
1971 1970
1970 1969
1969 1967
1970 1970
1969 1968
1969 1970
1969 1971
1971 1974
1969 1969
1963 1972
1973 1980
1969 1976
1959 1969
1974 1975
1977 1960
1961 1965
1961 1973
1971 1972
1976 1967
1969 1966
1970 1973
1972 1973
1971 1969
1972 1970
1971 1971
1972 1969
1970 1969
1970 1969
1969 1968
1968 1971
1967 1968
1967 1971
1969 1969
1970 1970
1975 1972
1972 1989
1967 1972
1963 1968
1974 1965
1970 1961
1961 1972
1966 1977
1973 1972
1969 1965
1966 1969
1968 1971
1971 1969
1969 1973
1968 1970
1971 1971
1977 1968
1969 1967
1971 1970
1970 1971
1970 1972
1971 1970
1968 1970
1970 1967
1969 1968
1965 1966
1978 1980
1970 1963
1977 1960
1977 1958
1962 1970
1968 1976
1972 1969
1966 1968
1967 1970
1966 1971
1966 1967
1969 1966
1971 1966
1974 1967
1975 1966
1975 1967
1975 1969
1974 1969
1971 1970
1968 1973
1967 1973
1964 1970
1964 1973
1968 1969
1966 1973
1972 1963
1969 1960
1970 1956
1964 1974
1975 1974
1980 1967
1966 1971
1961 1975
1963 1973
1962 1973
1965 1972
1964 1965
1949 1961
1983 1970
1975 1969
1973 1963
1972 1963
1973 1972
1999 1973
1941 1953
1962 1968
1957 1971
1960 1970
1964 1963
1948 1959
1980 1983
1967 1961
1968 1961
1975 1972
1976 1960
2041 1964
1941 1945
1962 1979
1961 1972
1956 1967
1959 1968
1912 1966
1978 1983
1974 1960
1977 1964
1977 1966
1971 1963
2045 1969
1955 1934
1959 1971
1961 1973
1959 1972
1962 1970
1977 1967
1970 1987
1971 1965
1967 1961
1978 1965
1984 1953
1974 1966
1966 1977
1965 1980
1964 1972
1961 1976
1961 1976
1960 1968
1962 1965
1968 1961
1972 1963
1974 1958
1979 1964
1977 1971
1973 1973
1966 1975
1965 1977
1960 1981
1955 1977
1957 1973
1963 1969
1968 1983
1963 1957
1970 1957
1985 1953
1975 1961
1966 1976
1975 1979
1969 1979
1959 1979
1958 1976
1961 1973
1963 1972
1963 1966
1971 1960
1977 1962
1976 1962
1974 1962
1974 1968
1972 1976
1967 1977
1962 1979
1960 1977
1958 1976
1959 1973
1956 1957
1972 1969
1969 1960
1982 1951
1973 1963
1949 2004
1975 1963
1974 1970
1968 1980
1960 1982
1960 1980
1977 1950
1962 1973
1964 1971
1967 1959
1974 1963
1974 1963
1943 2001
1969 1966
1965 1963
1967 1977
1961 1977
1963 1980
1972 1980
1969 1975
1980 1952
1965 1962
1967 1964
1969 1955
1947 1997
1963 1970
1977 1958
1966 1977
1958 1980
1958 1980
1963 1979
1965 1974
1966 1975
1966 1971
1967 1961
1971 1964
1981 1963
1960 1964
1973 1965
1971 1980
1968 1980
1963 1978
1952 1975
1974 1971
1960 1976
1976 1959
1966 1974
1968 1967
1964 1973
1973 1961
1983 1962
1971 1977
1964 1982
1964 1972
1928 1976
1977 1991
1962 1974
1961 1968
1970 1964
1974 1968
2003 1966
1958 1950
1972 1966
1975 1974
1970 1979
1968 1975
1941 1978
1973 1992
1965 1977
1957 1968
1972 1981
1966 1962
2035 1963
1968 1914
1965 1961
1967 1974
1970 1978
1970 1971
1942 1976
1965 1997
1969 1972
1965 1977
1962 1968
1968 1963
1990 1967
1969 1944
1963 1960
1978 1971
1971 1973
1965 1972
1972 1973
1962 1981
1967 1982
1959 1963
1970 1972
1967 1967
1962 1964
1962 1961
1949 1958
1974 1972
1979 1963
1967 1968
1966 1975
1970 1967
1969 1981
1960 1967
1960 1966
1967 1966
1968 1971
1967 1967
1966 1964
1971 1969
1970 1973
1965 1970
1967 1972
1976 1957
1970 1987
1957 1967
1972 1967
1966 1968
1966 1974
1932 2016
1962 1957
1979 1965
1975 1962
1963 1973
1968 1980
1978 1954
1967 1984
1959 1971
1963 1967
1965 1965
1966 1969
1951 1996
1969 1959
1972 1966
1975 1976
1970 1975
1965 1975
1980 1940
1970 1978
1959 1980
1964 1969
1963 1971
1972 1982
1934 1998
1971 1953
1975 1945
1965 1978
1969 1977
1975 1971
1978 1972
1974 1979
1962 1976
1962 1966
1964 1969
1969 1968
1969 1966
1969 1964
1976 1962
1977 1967
1974 1968
1975 1969
1968 1975
1982 1979
1958 1984
1963 1969
1965 1970
1965 1976
1972 1970
1968 1963
1975 1959
1987 1960
1979 1959
1969 1970
1943 1976
1989 1981
1969 1983
1968 1977
1964 1973
1964 1973
2016 1966
1947 1936
1971 1958
1976 1959
1977 1965
1977 1963
1935 1965
1982 1995
1965 1979
1964 1982
1960 1981
1952 1975
2042 1992
1943 1940
1970 1959
1971 1951
1966 1963
1982 1968
1935 1964
1981 1991
1965 1978
1965 1983
1963 1982
1955 1978
2035 1976
1948 1931
1962 1959
1977 1959
1980 1955
1982 1959
1958 1962
1976 1988
1973 1971
1967 1976
1958 1983
1959 1977
1954 1986
1966 1974
1963 1963
1980 1950
1978 1955
1966 1964
1979 1959
1985 1956
1977 1966
1963 1976
1959 1977
1959 1979
1956 1981
1960 1976
1967 1969
1978 1970
1978 1959
1980 1953
1983 1954
1983 1960
1973 1962
1966 1969
1966 1977
1959 1984
1954 1982
1977 1975
1958 1986
1959 1969
1967 1970
1987 1961
1990 1947
1975 1955
1973 1963
1972 1968
1963 1973
1959 1980
1958 1984
1958 1983
1960 1979
1966 1974
1974 1966
1981 1961
1983 1959
1983 1959
1975 1962
1971 1962
1966 1969
1959 1978
1957 1984
1951 1971
1968 1995
1964 1971
1961 1970
1975 1968
1988 1956
1988 1951
1979 1960
1975 1965
1969 1967
1963 1973
1959 1978
1959 1981
1960 1980
1970 1977
1973 1974
1976 1966
1981 1960
1982 1958
1981 1958
1977 1960
1972 1967
1963 1972
1962 1974
1950 1979
1990 1972
1959 1989
1971 1972
1979 1961
1977 1968
1979 1966
1984 1959
1979 1958
1968 1966
1967 1972
1962 1976
1957 1977
1955 1979
1960 1977
1967 1977
1974 1973
1977 1968
1982 1964
1982 1960
1978 1958
1975 1963
1976 1970
1961 1974
1960 1976
1956 1975
1969 1982
1959 1971
1958 1974
1979 1967
1990 1958
1984 1957
1976 1967
1974 1966
1969 1962
1960 1971
1958 1973
1955 1977
1955 1980
1966 1978
1969 1973
1976 1970
1981 1967
1983 1964
1980 1961
1978 1959
1971 1963
1966 1967
1960 1969
1961 1975
1965 1994
1959 1982
1969 1972
1972 1967
1966 1969
1982 1967
1990 1956
1977 1957
