3233 2242
3050 2471
2582 2596
1972 2558
1368 2362
899 2068
750 1765
853 1506
1229 1363
1810 1375
2436 1533
2946 1805
3210 2112
3161 2381
2820 2545
2269 2564
1643 2438
1098 2195
777 1896
791 1621
1033 1432
1536 1381
2168 1475
2715 1705
3098 1980
3186 2263
2988 2476
2529 2539
1918 2479
1328 2293
908 2021
776 1734
916 1515
1314 1409
1886 1447
2475 1619
2933 1873
3148 2153
3069 2382
2714 2507
2175 2494
1591 2349
1105 2114
840 1844
857 1611
1148 1467
1664 1448
2212 1566
2718 1775
3025 2037
3074 2295
2854 2443
2403 2481
1840 2398
1320 2207
975 1949
875 1701
1048 1527
1446 1463
1973 1530
2492 1705
2873 1946
3025 2189
2911 2375
2563 2457
2073 2417
1558 2265
1150 2043
951 1805
1008 1609
1324 1516
1766 1528
2260 1641
2688 1837
2912 2085
2907 2296
2679 2410
2267 2415
1781 2316
1356 2133
1091 1900
1041 1692
1226 1557
1590 1526
2042 1604
2472 1773
2768 1988
2861 2196
2728 2343
2412 2394
1989 2344
1564 2200
1247 2003
1114 1799
1197 1641
1472 1584
1860 1586
2273 1705
2610 1880
2759 2091
2716 2269
2500 2358
2151 2343
1758 2246
1431 2083
1243 1892
1235 1724
1412 1622
1722 1606
2085 1682
2412 1824
2624 2004
2671 2166
2540 2278
2272 2313
1937 2263
1607 2143
1384 1980
1305 1820
1419 1696
1627 1657
1942 1674
2252 1765
2474 1923
2574 2084
2530 2202
2336 2262
2058 2255
1767 2172
1534 2042
1413 1895
1440 1774
1590 1704
1833 1701
2106 1764
2320 1874
2486 2008
2470 2125
2352 2193
2143 2213
1889 2173
1720 2077
1505 1935
1519 1833
1590 1766
1772 1737
1996 1754
2179 1832
2362 1971
2394 2070
2339 2142
2186 2175
1976 2155
1853 2090
1611 1963
1573 1903
1614 1823
1737 1782
1925 1789
2059 1844
2265 1951
2321 2010
2297 2092
2188 2132
2027 2128
1927 2093
1702 1986
1638 1951
1664 1870
1746 1820
1894 1806
2035 1845
2164 1911
2251 1985
2253 2048
2178 2092
2053 2108
1919 2086
1794 2033
1711 1965
1702 1906
1757 1864
1862 1850
1989 1863
2110 1904
2189 1958
2208 2017
2162 2056
2073 2080
1958 2075
1844 2040
1766 1988
1752 1954
1784 1893
1857 1863
1977 1861
2066 1897
2135 1955
2164 2005
2143 2034
2075 2060
1981 2058
1890 2032
1819 1994
1790 1957
1800 1912
1860 1894
1944 1891
2029 1906
2096 1938
2132 1974
2124 2012
2074 2034
2001 2039
1925 2028
1834 2006
1830 1969
1825 1944
1856 1910
1928 1906
2006 1909
2064 1928
2093 1967
2098 2000
2073 2017
2016 2029
1948 2023
1890 2002
1855 1977
1850 1951
1876 1932
1923 1921
1981 1922
2033 1933
2070 1950
2078 1976
2060 1997
2019 2010
1969 2016
1919 2005
1907 1966
1875 1967
1880 1947
1908 1929
1953 1939
2011 1932
2042 1942
2053 1966
2051 1983
2025 1993
1984 2005
1942 2000
1909 1994
1886 1982
1890 1964
1910 1952
1944 1942
1985 1938
2019 1941
2039 1953
2037 1964
2020 1978
1989 1991
1958 1998
1927 1999
1918 2002
1904 1975
1916 1957
1934 1943
1965 1950
1988 1959
2011 1950
2022 1948
2019 1967
1997 1979
1972 1978
1952 1990
1933 1997
1914 1990
1916 1982
1903 1974
1963 1975
1971 1950
1989 1938
2009 1942
2005 1950
2073 1957
1967 1934
1960 1986
1968 1987
1928 2008
1919 1987
1890 1992
1955 1996
1970 1951
1963 1953
1981 1942
1995 1941
2042 1948
1981 1919
1968 1969
1968 1987
1950 1997
1943 2003
1930 1999
1943 2003
1953 1981
1956 1955
1966 1941
1974 1930
2009 1936
1981 1923
1975 1948
1978 1957
1979 1999
1957 1998
1961 1994
1945 2003
1947 2004
1946 1971
1963 1945
1970 1937
1972 1927
1975 1927
1978 1928
1986 1957
1980 1983
1972 1999
1966 2011
1965 2002
1965 2021
1956 1992
1954 1965
1961 1949
1958 1927
1948 1962
1963 1896
1990 1935
1991 1976
1978 1986
1972 2006
1995 1999
1985 2036
1966 2021
1948 2004
1957 1973
1952 1942
1924 1957
1953 1883
1959 1900
1967 1919
1974 1946
1991 1988
2002 2001
1999 2058
1988 2057
1975 2044
1966 2021
1948 1984
1914 1957
1920 1886
1933 1867
1939 1883
1968 1894
1984 1931
2035 1947
2013 2056
2020 2102
2008 2093
1983 2085
1950 2050
1899 2002
1899 1912
1901 1849
1916 1824
1944 1821
1980 1852
2021 1919
2045 1991
2046 2076
2038 2124
2011 2156
1969 2133
1926 2071
1879 1984
1877 1882
1893 1814
1910 1782
1949 1760
1992 1807
2058 1891
2068 2006
2066 2123
2048 2190
2010 2207
1967 2175
1883 2085
1868 1972
1852 1855
1870 1755
1917 1704
1976 1719
2028 1788
2072 1899
2096 2041
2080 2163
2038 2240
2042 2256
1901 2178
1870 2091
1844 1951
1858 1817
1870 1704
1889 1656
1998 1705
2052 1795
2103 1924
2111 2079
2075 2212
2098 2286
1937 2247
1893 2204
1845 2070
1826 1910
1845 1763
1840 1664
1966 1662
2029 1688
2083 1811
2110 1973
2099 2130
2138 2252
1982 2267
1922 2273
1870 2171
1825 2018
1836 1871
1816 1716
1926 1658
1988 1637
2040 1732
2094 1877
2107 2024
2102 2176
2032 2267
1966 2291
1899 2240
1850 2113
1830 1963
1840 1807
1879 1692
1948 1645
2016 1687
2065 1791
2098 1935
2098 2089
2068 2227
2005 2279
1940 2257
1880 2172
1861 2026
1832 1893
1854 1750
1913 1688
1986 1683
2045 1744
2077 1872
2090 2022
2076 2153
2033 2228
1971 2249
1915 2199
1871 2088
1849 1949
1863 1817
1897 1728
1953 1699
2010 1734
2063 1834
2083 1963
2078 2092
2048 2185
1999 2226
1942 2204
1885 2118
1871 2014
1858 1869
1885 1763
1940 1711
1980 1740
2032 1819
2072 1923
2079 2042
2055 2150
2012 2208
1961 2197
1910 2138
1875 2031
1864 1912
1877 1809
1917 1749
1964 1744
2016 1799
2051 1895
2068 2009
2060 2116
2027 2182
1979 2197
1929 2147
1911 2068
1869 1954
1873 1844
1896 1769
1939 1761
2001 1788
2041 1859
2063 1972
2064 2081
2038 2158
1998 2188
1948 2163
1903 2088
1877 1983
1872 1876
1894 1795
1934 1758
1981 1778
2025 1844
2053 1939
2058 2043
2044 2129
2012 2173
1964 2167
1916 2111
1892 2021
1880 1919
1881 1825
1928 1773
1972 1759
2006 1817
2041 1907
2059 2002
2048 2091
2019 2155
1982 2168
1937 2133
1904 2055
1889 1957
1893 1865
1916 1795
1954 1773
1995 1798
2029 1863
2049 1957
2046 2051
2025 2124
1986 2159
1952 2143
1911 2097
1906 2019
1899 1907
1906 1832
1949 1793
1994 1783
2017 1831
2037 1916
2039 2005
2023 2085
1992 2136
1957 2147
1924 2113
1907 2043
1904 1958
1919 1877
1946 1819
1980 1801
2007 1823
2025 1878
2030 1960
2019 2042
1992 2105
1959 2134
1931 2125
1932 2079
1902 2011
1921 1921
1947 1843
1974 1815
2000 1822
2026 1861
2034 1919
2014 1998
1990 2063
1959 2110
1932 2121
1912 2092
1907 2036
1923 1964
1944 1894
1978 1846
2006 1827
2027 1843
2031 1892
2019 1957
1994 2024
1963 2075
1932 2107
1915 2098
1910 2082
1919 1997
1941 1932
1966 1874
2002 1850
2033 1838
2037 1865
2020 1927
2001 1990
1970 2048
1933 2085
1912 2091
1901 2069
1911 2020
1935 1960
1970 1909
2006 1867
2025 1853
2037 1866
2029 1907
2008 1964
1972 2019
1939 2063
1912 2082
1895 2084
1905 2044
1924 1991
1957 1933
1999 1880
2020 1858
2030 1873
2036 1899
2017 1934
1982 1991
1946 2041
1917 2069
1897 2074
1896 2055
1915 2012
1949 1960
1986 1917
2018 1880
2038 1871
2041 1885
2023 1924
1993 1970
1955 2015
1919 2052
1876 2068
1894 2054
1900 2035
1939 1981
1972 1927
2001 1897
2030 1887
2050 1881
2034 1903
2006 1946
1969 1991
1929 2027
1902 2053
1889 2052
1899 2036
1926 1999
1964 1958
2000 1918
2029 1888
2045 1882
2046 1896
2022 1929
1986 1971
1888 2012
1916 2067
1892 2053
1890 2062
1910 2005
1935 1977
2053 1937
2007 1867
2048 1879
2047 1889
2023 1923
1998 1957
1923 1992
1926 2049
1897 2044
1888 2042
1902 2022
1930 1989
2023 1954
1995 1886
2028 1895
2048 1898
2032 1911
2010 1940
1957 1978
1940 2025
1912 2042
1889 2024
1905 2037
1907 1996
1969 1966
1976 1935
2022 1888
2040 1903
2033 1912
2023 1936
1985 1965
1948 1998
1918 2023
1899 2040
1891 2034
1906 2008
1943 1981
1976 1952
2007 1925
2029 1906
2041 1909
2030 1925
2003 1955
1966 1984
1936 2011
1910 2029
1920 2028
1903 2023
1935 1993
1963 1955
1996 1925
2017 1917
2033 1921
2039 1920
2014 1937
1984 1971
1952 1998
1921 2015
1905 2022
1905 2020
1921 2005
1947 1976
1980 1950
2008 1929
2026 1917
2028 1917
2019 1935
1994 1959
1966 1981
1935 2006
1933 2020
1917 2037
1912 2013
1936 1983
1964 1954
1986 1945
2011 1935
2027 1923
2021 1926
1998 1951
1972 1974
1952 1994
1932 2007
1917 2017
1917 2012
1928 1994
1952 1974
1975 1950
1998 1936
2014 1928
2017 1931
2005 1945
1989 1963
1965 1985
1940 2001
1920 2008
1927 2022
1928 1996
1932 1982
1956 1963
1988 1948
2013 1926
2008 1934
2006 1950
1997 1961
1973 1974
1955 1992
1936 2000
1927 2004
1929 1995
1934 1984
1953 1966
1974 1954
1988 1943
1999 1935
1984 1939
2009 1964
1984 1973
1964 1981
1951 1995
1938 1993
1975 1998
1921 1965
1946 1959
1954 1966
1984 1958
2001 1940
1974 1937
2009 1968
1998 1966
1978 1976
1966 1983
1946 1997
1989 1993
1927 1947
1935 1973
1957 1963
1970 1956
1985 1946
1977 1948
1999 1967
2004 1962
1983 1968
1973 1976
1959 1987
1994 1985
1936 1973
1922 1967
1947 1976
1976 1961
1977 1944
1989 1950
1991 1965
2003 1973
1987 1958
1980 1972
1969 1986
1956 1983
1945 1995
1934 1962
1946 1977
1952 1965
1962 1958
1972 1955
1984 1947
1995 1971
1987 1969
1984 1975
1975 1978
1953 1985
1949 2031
1948 1967
1948 1973
1951 1961
1940 1969
1960 1963
1988 1929
1979 1979
1979 1972
1986 1973
1991 1984
1978 1984
1964 1996
1960 1966
1961 1972
1953 1971
1945 1957
1949 1953
1980 1919
1970 1978
1974 1973
1982 1975
1995 1986
1990 1985
1979 1998
1973 1964
1967 1967
1958 1967
1936 1955
1941 1958
1983 1917
1965 1963
1963 1981
1977 1978
1998 1985
2000 1984
1987 1988
1984 1971
1978 1963
1966 1961
1947 1952
1937 1947
1956 1957
1958 1961
1957 1978
1972 1975
1990 1986
2004 1990
2001 1987
1987 1976
1989 1984
1971 1960
1945 1954
1943 1930
1921 1947
1940 1969
1947 1982
1968 1971
1987 1988
1997 2000
2009 1992
2001 1982
1996 1972
1981 1966
1957 1955
1937 1947
1904 1947
1939 1962
1930 1971
1949 1976
1977 1991
1994 2001
2051 1995
1992 1970
1996 1977
2000 1982
1963 1952
1955 1935
1906 1943
1926 1967
1921 1968
1939 1966
1963 1979
1983 2000
2025 2002
2008 1981
2013 1977
2006 1973
1977 1960
1951 1943
1901 1938
1930 1974
1926 1963
1930 1975
1951 1989
1974 1998
2060 1997
2000 1952
2009 1977
2020 1971
1999 1961
1959 1940
1911 1932
1928 1967
1921 1964
1927 1974
1952 1982
1961 1993
2021 1999
1995 1981
2005 1976
2009 1974
1992 1953
1976 1943
1953 1940
1935 1943
1932 1958
1933 1964
1946 1984
1961 1994
1985 2005
1982 2021
1998 1975
2002 1978
1981 1969
1977 1945
1952 1931
1950 1907
1927 1953
1937 1962
1951 1974
1966 1992
1982 2011
1993 2011
2002 2002
2001 1989
1985 1968
1964 1946
1952 1930
1942 1927
1937 1936
1940 1947
1953 1972
1970 1991
1983 2012
1994 2017
2001 2015
1994 2006
1978 1978
1956 1955
1945 1934
1931 1920
1928 1914
1951 1925
1959 1947
1971 1987
1993 2009
2009 2023
2008 2029
1996 2019
1980 1997
1959 1969
1939 1945
1925 1920
1923 1913
1931 1918
1950 1935
1976 1960
2002 1990
2013 2015
2015 2026
2010 2026
1993 2011
1965 1987
1955 1951
1918 1934
1915 1915
1924 1893
1945 1908
1965 1943
1996 1976
2023 2002
2031 2025
2022 2035
2002 2026
1975 2007
1947 1978
1920 1946
1912 1920
1915 1904
1930 1905
1958 1922
1989 1951
2015 1984
2031 2009
2031 2029
2018 2036
1989 2020
1956 1995
1945 1961
1906 1942
1912 1912
1920 1898
1953 1910
1970 1939
2000 1971
2031 1998
2036 2015
2026 2033
2002 2026
1971 2008
1939 1979
1918 1950
1909 1926
1913 1912
1936 1914
1963 1928
1992 1956
2014 1984
2028 2010
2025 2026
2009 2028
1982 2017
1953 1993
1946 1963
1909 1946
1912 1923
1923 1909
1952 1922
1968 1950
2000 1984
2024 1998
2024 2013
2010 2022
1990 2014
1964 1999
1936 1976
1920 1955
1912 1933
1920 1923
1941 1929
1970 1944
1994 1966
2014 1990
2021 2009
2018 2015
1997 2014
1974 2002
1948 1979
1940 1955
1921 1938
1925 1927
1938 1923
1970 1930
1985 1949
1999 1986
2016 2005
2016 2009
2001 2009
1976 2003
1953 1979
1936 1959
1925 1942
1927 1931
1938 1927
1957 1936
1977 1952
1996 1972
2009 1995
2013 2009
2003 2012
1982 2003
1963 1989
1942 1964
1925 1956
1930 1930
1933 1927
1951 1927
1983 1940
1991 1961
1999 1994
2007 2008
1999 2010
1987 2007
1970 1994
1954 1978
1937 1954
1935 1935
1939 1927
1953 1928
1968 1942
1984 1962
1994 1983
2000 2000
1996 2008
1987 2010
1970 2002
1955 1983
1948 1962
1965 1937
1948 1940
1946 1926
1956 1938
1979 1954
1993 1965
1994 1988
1989 2008
1984 2014
1971 2006
1959 1993
1951 1974
1948 1955
1947 1944
1953 1936
1961 1938
1970 1945
1984 1964
1989 1983
1989 2000
1982 2009
1974 2007
1960 1996
1955 1981
1954 1966
1955 1951
1964 1941
1961 1934
1966 1946
1980 1954
1991 1964
1984 1981
1975 2005
1975 2008
1972 1998
1961 1987
1955 1975
1955 1961
1959 1946
1966 1939
1974 1940
1980 1950
1979 1963
1981 1976
1977 1988
1975 1998
1969 1998
1965 1992
1963 1983
1969 1966
1964 1949
1981 1951
1972 1940
1967 1948
1975 1960
1985 1965
1977 1971
1964 1990
1967 1997
1965 1994
1962 1985
1965 1975
1968 1964
1973 1954
1969 1943
1968 1942
1975 1952
1973 1963
1966 1968
1949 1980
1964 2004
1970 1999
1959 1989
1964 1978
1972 1976
2001 1968
1971 1959
1962 1932
1961 1950
1966 1960
1970 1959
1966 1971
1963 1981
1961 1999
1965 1983
1971 1985
1970 1976
1976 1968
1954 1988
1971 1941
1971 1959
1961 1956
1959 1960
1954 1966
1972 1941
1962 1992
1969 1982
1974 1987
1974 1977
1981 1973
1955 2024
1987 1965
1974 1956
1960 1957
1955 1959
1959 1967
1962 1962
1961 1968
1963 1976
1973 1977
1989 1980
1986 1977
1986 1974
1987 1971
1979 1971
1970 1966
1961 1964
1957 1966
1951 1969
1952 1966
1959 1969
1968 1973
1980 1975
1986 1976
1990 1977
1997 1978
1981 1959
1971 1976
1959 1964
1947 1962
1937 1971
1956 1972
1964 1963
1963 1966
1971 1977
1984 1979
1991 1980
1988 1977
1986 1978
1974 1977
1964 1974
1952 1974
1947 1970
1944 1967
1952 1967
1961 1968
1971 1971
1982 1974
1989 1978
1993 1977
1985 1977
1990 1973
1961 1983
1955 1971
1932 1959
1961 1957
1935 1976
1951 1968
1973 1963
1987 1973
1988 1976
1990 1974
1995 1974
1986 1979
1970 1977
1959 1966
1920 1968
1953 1980
1942 1968
1947 1963
1968 1969
1975 1974
2060 1969
1978 1937
1993 1974
1995 1973
1977 1971
1968 1973
1923 1971
1949 1981
1951 1960
1942 1958
1951 1964
1970 1972
2037 1967
1989 1933
1989 1977
1996 1978
1984 1973
1969 1969
1949 1968
1947 1979
1943 1969
1941 1961
1952 1963
1966 1965
1998 1970
1986 1955
1989 1968
1998 1979
1987 1980
1973 1981
1970 1992
1948 1965
1941 1976
1932 1959
1950 1967
1966 1960
1971 1970
1971 1982
1986 1959
2000 1975
1992 1976
1975 1978
1969 1976
1958 1956
1950 1983
1940 1962
1946 1962
1958 1968
1964 1966
1961 2005
1983 1948
1993 1977
1989 1977
1979 1974
1972 1975
1971 1953
1956 1983
1941 1965
1939 1964
1951 1972
1970 1965
1942 2034
1983 1947
1984 1973
1990 1975
1984 1972
1976 1972
1983 1938
1956 1975
1960 1973
1946 1967
1953 1959
1960 1960
1944 2011
1976 1958
1982 1964
1988 1974
1982 1973
1979 1972
1967 1967
1982 1976
1945 1980
1951 1961
1961 1955
1957 1962
1937 1990
1970 1962
1980 1960
1981 1972
1977 1972
1981 1975
1976 1969
1973 1974
1954 1976
1953 1962
1962 1965
1962 1972
1956 1968
1957 1961
1973 1962
1980 1975
1973 1971
1973 1968
1971 1976
1987 1976
1973 1969
1960 1969
1960 1969
1958 1962
1988 1960
1941 1958
1960 1963
1966 1967
1976 1969
1968 1969
1942 1976
1987 1984
1970 1980
1964 1972
1968 1968
1965 1974
1966 1970
1956 1968
1960 1970
1965 1971
1963 1972
1962 1964
1929 1968
1982 1990
1974 1984
1965 1970
1984 1996
1966 1972
1995 1971
1949 1951
1966 1969
1966 1964
1956 1972
1958 1973
1946 1966
1972 1974
1976 1973
1972 1968
1978 1970
1977 1972
1997 1976
1965 1953
1962 1966
1967 1969
1961 1971
1960 1969
1957 1968
1965 1967
1970 1968
1968 1963
1974 1964
1990 1986
1979 1985
1970 1971
1968 1970
1958 1979
1962 1977
1957 1963
1957 1964
1961 1970
1975 1975
1965 1964
1972 1960
1981 1970
1977 1973
1962 1972
1965 1960
1971 1977
1960 1974
1957 1971
1955 1970
1967 1949
1963 1975
1964 1964
1973 1971
1971 1965
1977 1965
1951 2008
1967 1955
1966 1976
1966 1968
1959 1973
1951 1972
1972 1930
1962 1977
1969 1961
1967 1968
1972 1965
1977 1966
1944 2041
1972 1953
1971 1979
1963 1976
1960 1973
1963 1974
1977 1936
1960 1973
1970 1962
1970 1963
1971 1960
1974 1967
1976 1970
1980 1996
1968 1973
1957 1976
1960 1973
1960 1972
1961 1966
1957 1965
1965 1968
1971 1963
1975 1957
1976 1964
1979 1970
1976 1975
1974 1976
1966 1978
1960 1974
1959 1974
1957 1966
1960 1963
1964 1961
1971 1959
1975 1959
1979 1964
1979 1968
1971 1972
1975 1981
1966 1982
1957 1974
1953 1973
1960 1963
1961 1957
1960 1960
1968 1960
1974 1960
1978 1964
1976 1968
1973 1973
1975 1974
1971 1978
1961 1978
1958 1975
1955 1971
1956 1966
1955 1960
1963 1958
1968 1956
1976 1959
1979 1965
1977 1970
1973 1975
1986 1975
1961 1977
1954 1976
1948 1968
1948 1974
1963 1966
1962 1957
1967 1956
1969 1958
1977 1966
1981 1967
1972 1971
1969 1976
1962 1977
1958 1973
1954 1972
1954 1969
1957 1963
1962 1960
1971 1958
1975 1955
1980 1961
1982 1964
1978 1970
1974 1972
1953 1973
1963 1993
1952 1968
1951 1967
1956 1959
1958 1959
1964 1958
1975 1960
1983 1960
1981 1958
1975 1968
1975 1972
1968 1974
1958 1974
1954 1973
1945 1971
1950 1964
1955 1959
1963 1962
1971 1958
1977 1961
1980 1963
1978 1967
1974 1970
1971 1974
1959 1975
1971 1968
1949 1981
1947 1967
1950 1967
1961 1958
1971 1952
1975 1958
1979 1964
1985 1967
1980 1970
1973 1974
1964 1972
1956 1975
1952 1974
1950 1971
1951 1965
1959 1962
1962 1958
1973 1958
1976 1962
1980 1963
1980 1968
1972 1973
1967 1975
1960 1977
1953 1975
1958 1990
1949 1965
1946 1966
1963 1964
1971 1958
1976 1958
1976 1964
1978 1965
1974 1970
1969 1974
1964 1980
1958 1978
1955 1975
1951 1973
1956 1967
1960 1967
1967 1965
1973 1963
1974 1961
1975 1962
1976 1966
1975 1975
1966 1974
1962 1976
1957 1975
1969 1976
1951 1978
1962 1965
1966 1957
1971 1962
1979 1963
1977 1964
1977 1963
1969 1962
1964 1975
1962 1976
1960 1973
1957 1975
1956 1972
1957 1971
1963 1963
1968 1961
1975 1962
1979 1962
1980 1963
1977 1965
1969 1968
1964 1972
1959 1978
1957 1978
1955 1976
1967 1987
1960 1964
1965 1961
1977 1959
1969 1964
1972 1967
1979 1961
1976 1963
1965 1972
1961 1973
1956 1975
1954 1974
1954 1972
1957 1968
1961 1969
1968 1965
1968 1959
1971 1960
1974 1962
1972 1967
1969 1971
1962 1975
1956 1974
1954 1973
1956 1972
1967 1972
1954 1976
1957 1964
1962 1964
1976 1965
1974 1955
1967 1965
1966 1970
1961 1969
1960 1974
1958 1975
1954 1979
1958 1975
1960 1971
1964 1967
1970 1963
1969 1962
1971 1962
1969 1964
1965 1965
1965 1967
1962 1971
1962 1973
1960 1974
1962 1975
1963 1974
1970 1986
1966 1961
1971 1956
1975 1956
1971 1962
1970 1965
1964 1967
1968 1968
1960 1971
1960 1974
1964 1975
1968 1972
1969 1970
1968 1965
1972 1961
1973 1960
1973 1961
1970 1961
1968 1964
1964 1965
1963 1968
1961 1970
1964 1970
1963 1969
1960 1984
1982 1959
1973 1968
1974 1969
1962 1959
1967 1957
1997 1931
1970 1968
1960 1977
1956 1969
1960 1971
1959 1971
1954 1972
1962 1963
1971 1963
1974 1967
1970 1965
1966 1958
1988 1965
1970 1966
1962 1978
1956 1967
1959 1975
1955 1974
1951 1969
1953 1964
1971 1963
1974 1980
1968 1965
1966 1962
1966 1965
1981 1959
1959 1983
1961 1970
1962 1973
1961 1974
1970 1973
1949 1964
1963 1962
1966 1966
1969 1967
1970 1965
1947 1966
1981 1970
1965 1977
1962 1971
1964 1973
1959 1976
2023 1969
1938 1949
1963 1964
1965 1964
1973 1958
1965 1962
1927 1961
1973 1976
1968 1969
1966 1972
1957 1965
1963 1969
2001 1973
1948 1946
1965 1963
1967 1966
1968 1966
1967 1962
1943 1962
1971 1973
1966 1967
1961 1965
1961 1969
1964 1971
2009 1971
1953 1936
1958 1966
1970 1964
1967 1965
1976 1960
1948 1958
1967 1986
1974 1963
1960 1961
1961 1964
1960 1974
1988 1972
1957 1943
1952 1960
1969 1966
1968 1965
1970 1962
1973 1961
1970 1972
1975 1974
1963 1964
1965 1963
1967 1971
1961 1973
1958 1974
1952 1954
1967 1971
1962 1967
1966 1967
1968 1967
1973 1954
1981 1992
1964 1962
1960 1971
1960 1972
1961 1966
1937 2020
1953 1946
1961 1972
1960 1969
1960 1966
1962 1961
1978 1937
1966 1974
1972 1969
1965 1969
1964 1968
1959 1972
1926 2039
1954 1947
1956 1968
1960 1968
1961 1965
1966 1966
1979 1939
1970 1971
1978 1965
1964 1964
1965 1967
1963 1963
1926 2034
1962 1952
1957 1962
1965 1967
1959 1966
1965 1964
1984 1946
1971 1972
1969 1970
1966 1963
1969 1971
1965 1969
1936 1996
1958 1967
1960 1960
1964 1971
1965 1965
1967 1967
1975 1971
1975 1969
1966 1969
1972 1963
1969 1976
1969 1976
1961 1968
1959 1961
1966 1962
1971 1973
1963 1971
1962 1960
1967 1960
1985 1967
1971 1977
1969 1963
1971 1968
1964 1966
1961 1963
1959 1966
1962 1966
1965 1966
1961 1968
1964 1962
1941 1964
1983 1969
1966 1970
1967 1961
1969 1968
1965 1970
2027 1971
1933 1938
1957 1960
1959 1959
1953 1970
1960 1965
1943 1966
1978 1978
1966 1969
1963 1966
1964 1965
1966 1968
2003 1969
1950 1950
1959 1965
1959 1966
1959 1966
1959 1965
1951 1965
1972 1975
1971 1974
1959 1964
1968 1962
1974 1970
1969 1976
1966 1968
1961 1965
1960 1971
1953 1966
1955 1962
1939 1964
1964 1989
1970 1973
1960 1967
1970 1967
1979 1974
1970 1966
1962 1956
1961 1962
1969 1970
1963 1970
1964 1965
1962 1964
1967 1962
1972 1973
1964 1964
1968 1965
1970 1966
1971 1970
1965 1967
1965 1963
1965 1963
1960 1973
1960 1961
1961 1962
1968 1951
1972 1978
1959 1964
1965 1964
1970 1970
1965 1967
1957 2000
1956 1947
1961 1966
1958 1962
1957 1962
1968 1970
1982 1915
1975 1987
1966 1965
1965 1962
1969 1963
1968 1965
1928 2038
1963 1943
1962 1963
1957 1963
1965 1977
1961 1961
1990 1912
1969 1971
1967 1966
1973 1971
1968 1969
1966 1965
1924 2034
1960 1947
1957 1962
1958 1965
1961 1966
1960 1973
1988 1935
1961 1976
1968 1972
1967 1970
1966 1969
1971 1968
1937 1999
1960 1960
1960 1964
1963 1970
1960 1971
1941 1965
1967 1969
1962 1974
1968 1960
1962 1968
1970 1970
1970 1975
1966 1972
1965 1969
1965 1968
1965 1970
1960 1968
1961 1966
1965 1966
1965 1966
1962 1966
1963 1962
1970 1968
1968 1968
1967 1967
1969 1969
1968 1970
1960 1965
1961 1963
1963 1966
1965 1963
2002 1937
1964 1966
1971 1967
1964 1964
1964 1965
1968 1965
1968 1963
1965 1967
1966 1968
1966 1969
1965 1968
1961 1964
1965 1965
1965 1966
1969 1966
1969 1966
1970 1967
1969 1970
1968 1966
1967 1965
1965 1964
1968 1965
1966 1967
1967 1965
1969 1968
1966 1964
1994 1941
1966 1977
1974 1967
1969 1960
1972 1963
1964 1965
1969 1966
1966 1968
1964 1968
1959 1967
1960 1967
1964 1969
1966 1969
1967 1970
1968 1970
1968 1971
1966 1969
1966 1968
1963 1968
1962 1969
1960 1969
1962 1967
1962 1970
1962 1970
1965 1969
1962 1967
1985 1944
1958 1993
1972 1962
1964 1965
1967 1968
1966 1966
1964 1967
1960 1967
1961 1966
1962 1967
1963 1966
1965 1967
1968 1968
1966 1966
1963 1965
1965 1964
1965 1967
1964 1966
1964 1968
1965 1971
1965 1972
1963 1968
1962 1968
1962 1965
1965 1964
1978 1967
1966 1951
1967 1974
1955 1963
1968 1965
1965 1960
1964 1966
1962 1966
1966 1965
1966 1966
1965 1966
1967 1963
1964 1965
1966 1964
1963 1963
1966 1966
1966 1966
1966 1965
1965 1969
1966 1967
1965 1966
1966 1965
1966 1964
1969 1969
1971 1968
1968 1967
1928 1966
1983 2012
1963 1960
1962 1971
1978 1958
1960 1963
1966 1969
1966 1968
1968 1970
1967 1970
1964 1968
1965 1968
1962 1965
1968 1969
1965 1969
1965 1967
1963 1967
1965 1967
1963 1968
1964 1968
1967 1969
1965 1970
1966 1967
1967 1969
1967 1970
1963 1968
1926 1966
1998 1996
1955 1961
1967 1969
1969 1965
1962 1972
1961 1970
1965 1969
1966 1967
1965 1970
1966 1970
1967 1969
1965 1969
1963 1967
1962 1967
1963 1968
1962 1968
1963 1969
1966 1970
1964 1968
1962 1968
1962 1966
1961 1966
1963 1966
1963 1964
1965 1966
1935 1944
1978 1966
1961 1969
1970 1955
1953 1970
1959 1979
1969 1966
1962 1965
1963 1967
1966 1964
1961 1963
1961 1962
1963 1964
1964 1962
1965 1965
1965 1961
1969 1967
1968 1967
1968 1968
1966 1965
1967 1965
1965 1966
1964 1962
1964 1962
1962 1960
1966 1963
1908 1892
1979 1978
1969 1961
1950 1959
1984 1962
1972 1955
1962 1971
1964 1967
1965 1966
1964 1956
1959 1960
1964 1962
1963 1965
1964 1964
1968 1967
1966 1969
1965 1969
1968 1968
1966 1969
1966 1970
1964 1966
1964 1967
1962 1967
1961 1967
1959 1973
1959 1959
1962 1883
1964 1999
1973 1966
1962 1950
1995 1912
1954 1978
1959 1985
1962 1963
1962 1968
1962 1968
1917 2039
1958 1945
1965 1960
1962 1968
1967 1965
1964 1969
1993 1945
1966 1978
1963 1969
1966 1971
1960 1970
1961 1962
1929 2014
1957 1956
1961 1962
1915 1969
1982 1937
1957 2006
1985 1930
1980 1954
1953 1969
1956 1979
1961 1975
1967 1961
1964 1956
1943 1954
1968 1957
1961 1966
1966 1963
1968 1966
1968 1968
1968 1967
1970 1968
1966 1971
1959 1964
1958 1962
1963 1966
1965 1968
1963 1964
1968 1963
1970 1968
1874 1971
1964 2099
1968 1990
1966 1972
1958 1950
1947 1986
1971 1970
1973 1961
1958 1972
1961 1964
1965 1963
1969 1964
1968 1967
1954 1965
1975 1975
1965 1970
1965 1964
1963 1961
1967 1967
1963 1967
1960 1962
1966 1960
1969 1960
1964 1964
1964 1963
1928 1961
1909 1989
1984 2148
1960 1961
1959 1971
1953 1958
1988 1981
1972 1921
1957 1947
1967 1967
1964 1963
1965 1962
1969 1961
1963 1980
1975 1972
1966 1970
1965 1966
1966 1968
1964 1962
1961 1962
1951 1951
1968 1968
1963 1967
1967 1965
1969 1969
1967 1960
1971 1976
1904 1963
1993 2027
1965 1961
1942 1978
1953 1979
1969 1938
1970 1962
1960 1969
1964 1973
1973 1968
1974 1944
1969 1982
1965 1971
1965 1966
1968 1967
1960 1968
1939 2019
1960 1943
1962 1965
1966 1967
1962 1965
1968 1969
1982 1936
1973 1982
1966 1976
1964 1966
1960 2038
1982 2019
1915 2040
1940 1950
1968 1964
1978 1951
1960 1962
1963 1971
1994 1936
1966 1973
1973 1977
1966 1969
1963 1973
1964 1970
1945 1977
1958 1959
1963 1965
1966 1972
1962 1963
1960 1967
1975 1963
1974 1972
1965 1977
1964 1967
1967 1970
1966 1963
1887 1954
1952 1994
1965 1955
1954 1962
1981 1948
1956 1955
1965 1981
1978 1967
1963 1975
1965 1962
1967 1969
1966 1970
1964 1965
1962 1968
1964 1965
1963 1965
1965 1963
1965 1961
1951 1967
1979 1969
1960 1972
1964 1961
1964 1967
1964 1968
1989 1969
1950 1959
2082 1924
1954 1990
1971 1962
1973 1944
1917 1953
1969 1993
1964 1975
1966 1966
1964 1964
1964 1968
1964 1963
1960 1962
1965 1961
1966 1967
1963 1966
1962 1963
1947 1962
1975 1979
1965 1966
1961 1962
1969 1968
1963 1965
2020 1961
1954 1921
1958 1960
1965 1958
1974 2132
1964 1958
1929 1967
1951 1981
1966 1984
1975 1955
1967 1957
1963 1970
1992 1962
1964 1944
1956 1955
1966 1965
1962 1963
1963 1960
1966 1967
1964 1965
1963 1964
1967 1964
1969 1967
1967 1967
1962 1963
1965 1970
1962 1956
1970 1969
1965 1961
1950 2040
1982 2019
1962 1955
1946 1979
1969 1967
1976 1943
1968 1965
1960 1977
1962 1968
1967 1959
1967 1969
1968 1969
1961 1961
1963 1963
1969 1957
1967 1977
1960 1961
1963 1963
1971 1968
1970 1972
1964 1967
1966 1964
1969 1968
1966 1968
1965 1962
1968 1963
2090 1956
1954 1996
1971 1953
1972 1935
1967 1960
1958 1981
1961 1978
1974 1955
1969 1962
1967 1973
1960 1964
1968 1961
2000 1922
1968 1972
1966 1973
1964 1959
1969 1969
1966 1967
1928 2025
1962 1953
1963 1958
1966 1968
1964 1965
1963 1964
1992 1910
1978 1971
1998 1912
1968 1971
1957 1972
1956 1948
1924 2030
1961 1959
1966 1949
1960 1970
1962 1966
1964 1966
1962 1955
1972 1970
1964 1972
1968 1968
1967 1971
1968 1967
1989 1964
1947 1948
1968 1959
1961 1965
1965 1964
1968 1960
1946 1966
1974 1973
1962 1968
1976 1850
1999 1984
1961 1961
1949 1977
1970 1973
1975 1954
1965 1965
1955 1973
1959 1972
1965 1963
1962 1968
1960 1969
1959 1966
1969 1970
1968 1969
1967 1970
1966 1968
1971 1969
1965 1970
1961 1965
1963 1966
1962 1966
1962 1968
1964 1966
1964 1965
1964 1969
1980 1876
1958 1977
1973 1965
1957 1961
1983 1953
1962 1957
1953 1980
1964 1968
1967 1960
1966 1965
1962 1970
1965 1968
1965 1964
1964 1965
1965 1966
1965 1966
1965 1969
1963 1966
1964 1965
1963 1963
1963 1969
1963 1965
1964 1966
1963 1965
1966 1965
1848 1970
1950 2089
1961 1985
1962 1963
1961 1949
1945 1983
1968 1973
1971 1958
1967 1962
1961 1968
1967 1967
1966 1966
1965 1968
1967 1966
1967 1966
1968 1967
1966 1963
1967 1967
1966 1963
1965 1964
1964 1965
1960 1973
1964 1966
1967 1966
1967 1968
1968 1967
1954 1871
2001 1945
1963 1957
1946 1972
1954 1970
1973 1964
1976 1955
1963 1963
1967 1970
1969 1965
1965 1968
1968 1964
1967 1967
1968 1969
1969 1966
1966 1968
1967 1967
1965 1965
1965 1965
1967 1965
1963 1964
1966 1963
1968 1967
1968 1966
1969 1965
1915 1966
1949 1933
1957 2001
1974 1961
1978 1945
1961 1964
1953 1979
1964 1971
1971 1960
1962 1965
1966 1971
1966 1966
1967 1969
1958 1967
1965 1967
1965 1968
1967 1968
1964 1969
1964 1968
1967 1971
1965 1968
1967 1969
1967 1969
1965 1967
1964 1966
1965 1965
1897 1958
1987 1998
1956 1958
1945 1974
1949 1975
1968 1972
1973 1959
1958 1967
1960 1971
1963 1964
1962 1970
1967 1968
1960 1968
1963 1968
1960 1965
1959 1965
1963 1964
1963 1968
1965 1966
1966 1967
1965 1967
1966 1967
1961 1964
1963 1966
1960 1966
1956 1964
1968 1918
1950 2002
1968 1962
1970 1944
1955 1962
1949 1978
1965 1973
1971 1962
1963 1968
1962 1968
1961 1964
1963 1968
1964 1965
1962 1966
1961 1967
1963 1965
1961 1965
1962 1962
1964 1963
1963 1962
1965 1965
1965 1966
1967 1968
1963 1965
1964 1965
1926 1964
1994 2032
1960 1959
1953 1973
1947 1971
1968 1968
1974 1954
1965 1960
1966 1968
1967 1965
1966 1966
1965 1962
1966 1965
1969 1966
1966 1966
1967 1965
1964 1965
1964 1966
1961 1964
1963 1962
1963 1964
1964 1964
1964 1965
1965 1966
1965 1966
1966 1964
2045 1928
1958 1994
1976 1959
1967 1953
1974 1947
1967 1976
1957 1970
1963 1955
1971 1959
1966 1970
1962 1965
1966 1963
1971 1973
1966 1973
1957 1963
1961 1963
1982 1939
1966 1976
1963 1971
1965 1965
1962 1969
1956 1962
1924 2002
1959 1969
1960 1957
1920 1973
1980 1995
1960 1961
1972 1972
1965 1963
1960 1977
1963 1960
1962 1961
1967 1968
1939 2004
1956 1952
1962 1960
1959 1967
1963 1964
1963 1968
1970 1968
1968 1976
1963 1973
1966 1969
1962 1970
1960 1963
1964 1968
1950 1952
1959 1956
1961 1967
1963 1964
1987 1919
1936 1985
1981 1974
1958 1962
1965 1962
1965 1968
1964 1963
2009 1968
1943 1947
1964 1959
1960 1967
1959 1963
1963 1966
1911 1966
1978 1986
1962 1965
1968 1968
1962 1963
1959 1960
1965 1964
1969 1967
1967 1965
1967 1964
1970 1968
1966 1969
1912 1964
1978 1994
1969 1961
1964 1966
1967 1963
1968 1965
1968 1966
1962 1963
1960 1962
1964 1964
1965 1966
1965 1968
1964 1966
1964 1965
1962 1965
1962 1965
1962 1963
1966 1966
1965 1965
1965 1964
1962 1963
1963 1964
1961 1964
1961 1962
1959 1965
1959 1965
1975 1953
1966 1973
1967 1962
1969 1967
1967 1965
1959 1965
1955 1952
1968 1967
1966 1967
1965 1964
1961 1962
1964 1952
1968 1982
1958 1963
1962 1965
1963 1966
1962 1964
1948 2012
1956 1942
1963 1968
1963 1968
1960 1965
1958 1965
1966 1949
1967 1979
2024 1971
1967 1958
1962 1970
1964 1968
1934 2021
1962 1946
1966 1959
1967 1966
1959 1968
1963 1966
1976 1943
1963 1978
1956 1965
1961 1964
1960 1966
1967 1968
1942 2001
1964 1956
1962 1961
1965 1967
1963 1966
1967 1967
1965 1965
1962 1967
1962 1964
1935 1964
1973 1925
1967 1964
1948 1982
1963 1961
1967 1953
1970 1968
1968 1963
1968 1965
1969 1963
1972 1967
1960 1971
1961 1959
1965 1962
1969 1969
1963 1966
1962 1961
1966 1959
1971 1967
1964 1965
1964 1959
1955 1967
1979 1966
1961 1976
1961 1959
1964 1965
1974 1950
1977 1973
1956 1960
1969 1960
1965 1967
1964 1969
1962 1965
1928 1961
1978 1975
1963 1972
1961 1968
1959 1964
1961 1970
1967 1967
1954 1962
1966 1964
1970 1973
1962 1972
1957 1961
1923 1964
1979 1986
1962 1970
1955 1966
1965 1966
1961 1970
1955 1965
1964 1959
1965 1968
1965 1970
1964 1966
1965 1963
1950 1966
1974 1981
1965 1966
1960 1963
1965 1964
1960 1967
1998 1963
1956 1932
1957 1966
1969 1962
1969 1969
1969 1964
1972 1964
1971 1968
1968 1969
1956 1956
1964 1955
1969 1968
1964 1969
1942 1963
1980 1953
1968 1971
1963 1962
1965 1964
1972 1964
1967 1967
1974 1976
1961 1960
1963 1964
1960 1965
1957 1964
1957 1982
1955 1948
1971 1968
1968 1968
1962 1963
1969 1964
1969 1962
1969 1968
1961 1963
1966 1964
1969 1972
1958 1966
1956 1962
1963 1965
1949 1954
1956 1969
1962 1966
1965 1968
1967 1960
1965 1971
1960 1963
1959 1962
1966 1967
1964 1972
1958 1967
1962 1967
1964 1969
1963 1970
1961 1963
1968 1963
1968 1968
1964 1965
1964 1961
1968 1966
1967 1968
1962 1965
1958 1979
1960 1964
1967 1968
1961 1969
1963 1972
1963 1963
1978 1952
1969 1970
1961 1972
1963 1963
1960 1965
1965 1966
1953 1977
1961 1965
1965 1963
1970 1969
1965 1967
1966 1964
1968 1967
1971 1964
1969 1967
1966 1963
1970 1964
1959 1965
1972 1969
1947 1950
1966 1956
1967 1970
1964 1970
1962 1945
1960 1962
1975 1971
1965 1967
1969 1964
1967 1968
1963 1963
1990 1964
1942 1945
1961 1957
1960 1968
1962 1967
1965 1969
1927 1970
1980 1985
1962 1970
1967 1967
1962 1967
1960 1963
2029 1966
1939 1940
1962 1964
1958 1966
1961 1967
1961 1970
1917 1960
1981 1995
1968 1969
1969 1972
1964 1966
1962 1961
1965 1965
1963 1967
1962 1965
1960 1967
1964 1967
1968 1966
1967 1971
1964 1967
1966 1966
1969 1968
1967 1968
1966 1963
1969 1964
1970 1968
1964 1967
1965 1967
1965 1968
1966 1968
1961 1968
1966 1959
1972 1966
1972 1968
1968 1965
1968 1964
1968 1966
1962 1964
1963 1964
1966 1966
1969 1971
1966 1968
1965 1970
1966 1969
1964 1967
1965 1966
1967 1965
1967 1966
1965 1964
1963 1965
1965 1968
1963 1967
1961 1966
1964 1969
1965 1969
1967 1970
1970 1972
1967 1971
1963 1968
1962 1966
1961 1966
1962 1965
1963 1968
1964 1968
1960 1966
1963 1969
1964 1967
1965 1968
1967 1967
1968 1969
1968 1968
1972 1969
1965 1966
1964 1970
1961 1965
1964 1969
1963 1967
1965 1967
1962 1969
1965 1966
1968 1969
1959 1969
1965 1977
1967 1963
1969 1967
1964 1967
1967 1964
1966 1965
1965 1966
1965 1966
1964 1964
1968 1965
1966 1965
1969 1965
1968 1967
1969 1970
1967 1965
1968 1966
1967 1965
1967 1965
1964 1964
1966 1964
1965 1969
1964 1966
1967 1965
1967 1967
1962 1966
1966 1963
1966 1965
1966 1966
1968 1967
1968 1968
1964 1969
1961 1966
1960 1965
1964 1966
1968 1966
1967 1968
1967 1966
1967 1967
1966 1964
1968 1962
1966 1965
1966 1964
1966 1967
1967 1964
1967 1970
1966 1966
1964 1966
1963 1966
1966 1966
1967 1966
1965 1969
1963 1968
1962 1964
1965 1968
1963 1965
1965 1966
1966 1968
1974 1973
1963 1969
1964 1967
1962 1969
1965 1967
1963 1966
1965 1967
1964 1969
1964 1970
1964 1967
1963 1967
1964 1969
1962 1967
1964 1967
1966 1968
1965 1969
1961 1969
1965 1967
1963 1971
1961 1965
1963 1966
1965 1967
1964 1968
1963 1967
1965 1968
1965 1969
1963 1968
1965 1968
1965 1970
1962 1968
1962 1965
1964 1971
1966 1969
1966 1967
1966 1967
1965 1965
1962 1964
1965 1964
1965 1965
1968 1966
1967 1968
1966 1965
1966 1966
1944 1969
1966 1966
1968 1963
1966 1966
1965 1965
1968 1967
1969 1967
1966 1965
1962 1965
1964 1965
1964 1966
1967 1964
1967 1966
1964 1966
1964 1964
1964 1961
1965 1963
1968 1965
1969 1964
1968 1965
1968 1966
1967 1964
1966 1963
1965 1964
1965 1954
1967 1970
1964 1964
1961 1963
1968 1964
1968 1969
1945 1984
1961 1958
1967 1966
1971 1969
1963 1968
1963 1965
1985 1946
1964 1969
1965 1973
1961 1960
1968 1966
1963 1964
1952 1973
1960 1961
1970 1958
1967 1970
1966 1966
1969 1967
1963 1963
1970 1961
1962 1975
1962 1960
1964 1967
1963 1965
1983 1964
1945 1953
1961 1953
1965 1967
1964 1967
1963 1966
1946 1968
1974 1971
1962 1971
1963 1970
1962 1966
1964 1964
2016 1969
1941 1942
1964 1958
1961 1966
1960 1968
1962 1966
1919 1966
1977 1989
1960 1971
1966 1967
1962 1966
1959 1959
2035 1963
1939 1933
1964 1963
1962 1964
1962 1967
1964 1965
1911 1965
1974 1990
1963 1964
1968 1970
1965 1966
1959 1965
2025 1964
1944 1927
1958 1963
1961 1961
1962 1963
1966 1967
1929 1968
1971 1991
1969 1965
1967 1969
1961 1968
1961 1959
1967 1968
1964 1968
1961 1965
1959 1964
1965 1970
1962 1973
1962 1966
1961 1966
1964 1968
1965 1967
1963 1965
1964 1966
1965 1968
1962 1968
1961 1966
1964 1969
1961 1966
1963 1967
1962 1965
1963 1969
1963 1970
1962 1968
1962 1969
1965 1968
1961 1969
1964 1963
1964 1970
1965 1971
1967 1971
1963 1967
1967 1966
1967 1968
1971 1977
1960 1970
1959 1965
1967 1971
1965 1972
1960 1966
1964 1962
1970 1970
1966 1972
1964 1964
1965 1965
1977 1938
1966 1981
1960 1963
1965 1964
1967 1968
1967 1968
1925 2041
1964 1945
1958 1963
1969 1966
1962 1965
1963 1965
1985 1939
1963 1971
1970 1967
1962 1965
1965 1965
1961 1967
1942 1985
1965 1961
1966 1964
1967 1971
1964 1967
1965 1967
1966 1961
1967 1967
1965 1969
1960 1962
1965 1966
1971 1971
1965 1969
1962 1963
1967 1965
1969 1969
1961 1963
1963 1961
1963 1969
1973 1964
1959 1975
1960 1959
1964 1968
1958 1965
1984 1959
1944 1961
1970 1954
1964 1969
1961 1963
1963 1963
1960 1963
1971 1967
1960 1969
1959 1961
1964 1964
1968 1969
1961 1968
1965 1966
1964 1958
1966 1966
1964 1964
1964 1958
1940 1967
1981 1977
1962 1969
1960 1963
1964 1965
1953 1968
2024 1965
1944 1936
1960 1963
1965 1960
1965 1963
1968 1961
1966 1963
1978 1972
1966 1970
1963 1961
1966 1964
1967 1972
1960 1970
1957 1960
1965 1966
1969 1966
1965 1961
1968 1954
1960 1960
1977 1974
1973 1966
1967 1964
1969 1970
1960 1971
1974 1968
1955 1954
1955 1960
1966 1963
1967 1963
1970 1962
1969 1955
1974 1962
1978 1970
1965 1965
1964 1966
1963 1971
1959 1976
1956 1970
1957 1968
1960 1969
1962 1963
1963 1958
1970 1954
1972 1952
1976 1969
1964 1962
1970 1966
1963 1971
1959 1974
1949 2001
1947 1957
1957 1967
1958 1963
1961 1958
1967 1959
1968 1958
1967 1959
1967 1963
1963 1968
1961 1970
1959 1972
1952 1992
1950 1964
1958 1971
1961 1971
1952 1959
1958 1951
1995 1922
1970 1973
1968 1961
1965 1961
1967 1973
1958 1972
1956 1972
1955 1969
1960 1968
1959 1968
1959 1961
1962 1957
1967 1957
1965 1957
1965 1958
1971 1962
1967 1969
1964 1974
1960 1972
1959 1973
1955 1974
1957 1965
1955 1965
1959 1959
1964 1958
1968 1956
1972 1957
1970 1963
1967 1967
1963 1969
1963 1969
1962 1976
1959 1972
1958 1967
1960 1967
1963 1963
1964 1958
1968 1956
1969 1957
1967 1960
1968 1963
1969 1968
1966 1973
1964 1973
1960 1973
1961 1970
1959 1966
1960 1962
1966 1960
1967 1959
1972 1960
1970 1960
1968 1964
1963 1964
1963 1968
1962 1972
1962 1973
1962 1973
1963 1970
1959 1967
1911 1960
1979 1979
1967 1963
1965 1959
1967 1957
1969 1968
2035 1971
1935 1931
1960 1968
1958 1968
1959 1969
1959 1966
1911 1963
1975 1986
1967 1956
1967 1962
1963 1963
1958 1962
2032 1963
1942 1931
1957 1969
1958 1969
1955 1967
1960 1966
1930 1964
1973 1982
1966 1961
1964 1961
1964 1962
1961 1959
1991 1965
1945 1948
1953 1961
1960 1969
1955 1967
1961 1967
1965 1967
1960 1963
1967 1960
1968 1964
1967 1961
1962 1959
1966 1963
1965 1971
1959 1970
1960 1968
1964 1969
1961 1970
1957 1966
1963 1963
1967 1963
1968 1962
1966 1959
1968 1959
1969 1966
1963 1964
1963 1965
1962 1967
1967 1970
1962 1969
1964 1966
1965 1969
1964 1963
1965 1962
1969 1961
1971 1964
1967 1968
1966 1968
1965 1969
1962 1967
1959 1969
1959 1969
1962 1968
1964 1968
1964 1967
1965 1963
1965 1963
1967 1964
1968 1966
1966 1967
1967 1967
1964 1969
1963 1969
1963 1967
1959 1967
1964 1968
1964 1969
1970 1965
1973 1964
1967 1963
1967 1963
1968 1963
1968 1964
1968 1966
1967 1968
1964 1968
1962 1965
1965 1963
1965 1965
1967 1961
1967 1960
1969 1963
1971 1964
1967 1960
1966 1965
1963 1967
1961 1966
1960 1967
1963 1968
1963 1967
1961 1969
1965 1961
1968 1961
1969 1963
1965 1964
1967 1961
1966 1966
1962 1964
1961 1967
1960 1969
1958 1968
1959 1968
1960 1964
1962 1964
1962 1960
1965 1960
1968 1964
1967 1964
1968 1966
1966 1966
1960 1965
1960 1966
1959 1966
1956 1968
1958 1965
1963 1966
1962 1965
1965 1962
1966 1961
1969 1960
1970 1963
1969 1965
1967 1968
1963 1967
1957 1968
1958 1965
1958 1963
1958 1966
1964 1962
1967 1963
1970 1959
1969 1958
1971 1958
1972 1963
1967 1966
1964 1967
1961 1969
1957 1972
1954 1972
1954 1970
1955 1970
1960 1962
1966 1963
1973 1961
1975 1963
1971 1961
1972 1965
1965 1967
1961 1971
1956 1973
1956 1975
1955 1973
1954 1969
1958 1971
1962 1965
1967 1961
1971 1960
1974 1960
1971 1962
1967 1962
1964 1969
1959 1973
1956 1976
1951 1977
1946 1974
1955 1966
1963 1963
1972 1960
1981 1936
1982 1966
1974 1955
1972 1957
1970 1963
1962 1970
1951 1980
1947 1969
1956 1974
1961 1979
1958 1970
1963 1959
1995 1915
1978 1968
1977 1954
1974 1953
1974 1962
1964 1970
1944 1988
1945 1968
1950 1980
1960 1985
1952 1974
1960 1961
2000 1934
1976 1964
1978 1959
1971 1949
1973 1959
1963 1968
1935 1984
1947 1973
1942 1971
1949 1983
1951 1978
1958 1972
1976 1959
1978 1955
1979 1961
1974 1946
1976 1953
1968 1958
1952 1966
1940 1971
1951 1967
1945 1984
1947 1975
1954 1969
1954 1964
1982 1958
1981 1957
1981 1946
1977 1949
1974 1954
1995 1959
1936 1961
1953 1966
1946 1980
1948 1976
1953 1972
1941 1964
1980 1964
1979 1959
1978 1945
1981 1947
1975 1953
2030 1961
1932 1940
1950 1970
1946 1978
1949 1982
1946 1976
1917 1967
1974 1982
1974 1958
1978 1956
1978 1943
1982 1953
2033 1958
1943 1922
1948 1968
1949 1972
1946 1982
1947 1976
1909 1976
1973 1993
1976 1960
1980 1956
1979 1946
1979 1948
2042 1956
1946 1920
1955 1962
1949 1970
1942 1977
1949 1976
1917 1978
1965 1990
1972 1964
1980 1960
1982 1956
1974 1951
2014 1952
1951 1929
1951 1961
1951 1969
1943 1979
1945 1980
1942 1980
1959 1981
1967 1974
1972 1960
1982 1961
1981 1952
1986 1953
1955 1972
1956 1949
1956 1971
1944 1973
1945 1979
1942 1981
1951 1975
1962 1969
1977 1967
1979 1960
1980 1952
1981 1952
1978 1959
1966 1965
1953 1964
1951 1971
1949 1979
1949 1980
1952 1976
1961 1972
1969 1967
1976 1957
1985 1951
1987 1958
1979 1958
1971 1960
1966 1966
1957 1974
1948 1977
1947 1975
1950 1980
1959 1976
1968 1969
1974 1966
1979 1962
1981 1956
1979 1956
