3234 2280
3011 2505
2527 2598
1904 2535
1292 2330
855 2032
759 1724
885 1475
1289 1351
1888 1385
2509 1560
2995 1838
3225 2137
3144 2406
2791 2564
2196 2561
1565 2409
1028 2151
759 1867
816 1590
1093 1408
1606 1383
2224 1495
2785 1723
3135 2012
3196 2292
2948 2485
2457 2547
1843 2464
1270 2258
872 1982
780 1702
950 1491
1379 1403
1962 1462
2541 1640
2976 1908
3160 2185
3041 2405
2660 2516
2101 2485
1519 2317
1043 2089
824 1817
883 1578
1196 1454
1706 1459
2281 1585
2775 1806
3062 2070
3070 2312
2805 2461
2335 2487
1778 2380
1271 2174
948 1917
882 1676
1086 1511
1508 1461
2041 1543
2550 1732
2910 1980
3051 2224
2890 2398
2511 2458
2017 2394
1493 2243
1109 2023
949 1775
1035 1583
1351 1499
1823 1525
2320 1666
2724 1877
2933 2112
2901 2311
2634 2422
2205 2421
1724 2303
1307 2103
1065 1872
1047 1670
1260 1545
1639 1529
2099 1623
2513 1802
2782 2015
2865 2234
2697 2352
2372 2386
1929 2325
1507 2186
1217 1980
1116 1766
1218 1618
1508 1563
1910 1598
2316 1727
2626 1917
2768 2118
2705 2276
2461 2358
2099 2339
1712 2229
1398 2057
1230 1865
1247 1705
1439 1611
1759 1609
2126 1698
2442 1847
2649 2044
2660 2184
2516 2281
2227 2302
1884 2258
1560 2125
1370 1952
1312 1805
1419 1692
1658 1643
1953 1679
2294 1797
2499 1947
2580 2095
2512 2213
2304 2272
2063 2244
1705 2131
1507 2016
1405 1876
1445 1765
1614 1699
1831 1710
2142 1791
2364 1900
2476 2020
2477 2125
2326 2201
2171 2223
1840 2137
1646 2059
1511 1940
1501 1836
1609 1760
1750 1738
2038 1801
2235 1859
2372 1968
2399 2076
2319 2149
2235 2178
1937 2112
1753 2081
1621 1986
1571 1889
1627 1815
1725 1784
1963 1794
2145 1861
2271 1935
2333 2017
2283 2089
2166 2141
2011 2139
1846 2082
1704 2015
1643 1936
1671 1867
1767 1821
1911 1818
2063 1855
2188 1921
2251 1999
2242 2062
2166 2104
2041 2111
1901 2082
1780 2025
1713 1961
1710 1902
1773 1859
1889 1859
2019 1872
2124 1910
2203 1956
2201 2027
2151 2079
2063 2087
1943 2066
1832 2032
1763 1985
1748 1926
1788 1886
1876 1867
1981 1878
2071 1909
2142 1954
2166 2003
2135 2045
2055 2078
1965 2045
1881 2028
1814 1994
1780 1945
1804 1905
1884 1857
1964 1927
2036 1909
2091 1941
2134 1982
2125 2008
2050 2056
1984 2034
1916 2029
1859 2000
1822 1963
1834 1929
1882 1877
1942 1906
2008 1916
2069 1934
2100 1970
2100 2000
2041 2045
2001 2020
1941 2011
1886 2002
1851 1974
1853 1950
1879 1931
1938 1930
1983 1920
2026 1931
2079 1955
2088 1974
2045 2003
1997 2015
1961 2010
1917 2009
1877 1987
1871 1962
1883 1940
1931 1933
1962 1936
2007 1930
2045 1948
2057 1968
2061 1985
1997 1989
1980 1996
1932 2001
1898 1992
1885 1979
1892 1977
1932 1961
1943 1945
1996 1923
2015 1941
2030 1960
2080 1969
1999 1961
1985 1988
1953 1999
1924 1997
1909 1989
1906 1978
1921 1966
1940 1950
1972 1944
1998 1948
2015 1951
2067 1956
1997 1938
1993 1976
1972 1986
1945 1998
1932 1996
1894 2007
1932 1995
1932 1976
1951 1944
1967 1952
2001 1954
2018 1941
2004 1944
1994 1960
1990 1985
1966 1990
1945 1989
1907 1996
1939 2016
1945 1991
1942 1973
1961 1962
1976 1951
1994 1944
1992 1937
1993 1945
1994 1963
1981 1979
1961 1983
1983 1979
1945 2019
1951 2013
1930 1986
1945 1977
1967 1951
1974 1934
1981 1937
1987 1938
1992 1947
1991 1965
1983 1980
1973 1991
1968 1996
1960 2017
1944 1996
1947 1983
1952 1966
1959 1950
1957 1956
1971 1917
1984 1936
1995 1948
1989 1970
1995 1990
1974 1999
1963 2019
1949 2013
1956 1985
1959 1969
1952 1964
1949 1948
1963 1923
1980 1930
1984 1943
1987 1954
1991 1973
2007 1963
1977 2023
1963 2012
1952 2006
1946 1997
1942 1968
1910 2011
1959 1921
1966 1915
1980 1928
1974 1940
2000 1982
1994 1994
1989 2009
1970 2010
1945 2014
1951 2007
1946 1983
1937 1956
1944 1935
1963 1930
1969 1929
1980 1933
1992 1945
1999 1967
1995 2000
1979 2014
1959 2017
1957 2016
1940 2006
1929 1974
1937 1947
1952 1931
1966 1924
1975 1920
1999 1956
1993 1961
1998 1987
1969 2012
1966 2019
1962 2012
1941 2015
1928 1998
1929 1964
1946 1945
1961 1930
1975 1918
1993 1923
2002 1942
2006 1967
1990 1988
1978 2005
1963 2020
1946 2024
1966 2005
1913 1964
1942 1956
1955 1934
1993 1918
1999 1922
1951 1929
2028 1954
2003 1974
1977 2004
1973 2010
1955 2017
2006 2017
1908 1962
1931 1975
1944 1951
1959 1932
1985 1917
1951 1917
2018 1956
2011 1950
2001 1976
1982 2002
1956 2013
2016 2016
1919 1968
1926 1991
1943 1969
1970 1945
1974 1934
1955 1926
2003 1942
2001 1948
2006 1962
1997 1979
1968 1997
1982 2015
1926 1999
1925 1995
1935 1992
1945 1965
1968 1949
1989 1933
2002 1926
2010 1933
2008 1949
1991 1968
1975 1985
1961 2006
1950 2019
1936 2012
1932 1994
1952 1974
1957 1972
1970 1942
1983 1933
2008 1939
2013 1934
1988 1949
1980 1974
1965 1993
1945 2008
1938 2010
1939 2012
1945 2000
1953 1978
1970 1955
1988 1942
1998 1934
2000 1935
1994 1950
1986 1966
1967 1983
1954 1996
1942 2011
1940 2011
1946 1994
1954 1990
1956 1966
1988 1950
2002 1926
1993 1937
1989 1949
1983 1958
1968 1973
1955 1992
1944 2001
1941 2004
1944 2003
1956 1994
1966 1977
1978 1958
1986 1946
1994 1938
1988 1937
1979 1951
1973 1969
1959 1986
1952 2000
1938 2001
1954 2014
1954 1991
1955 1982
1968 1968
1990 1948
1992 1933
1984 1939
1982 1948
1971 1957
1962 1976
1955 1990
1955 2000
1954 2001
1959 1994
1965 1978
1974 1965
1980 1953
1981 1942
1979 1941
1975 1946
1969 1956
1963 1968
1958 1982
1978 1988
1960 1999
1965 1994
1972 1973
1976 1963
1969 1960
1976 1954
1979 1938
1974 1942
1968 1954
1964 1968
1959 1976
1960 1989
1962 1995
1966 1994
1973 1984
1978 1973
1980 1960
1978 1945
1976 1945
1972 1945
1965 1954
1956 1965
1973 1975
1960 1989
1964 1993
1957 1990
1976 1984
1981 1964
1974 1964
1972 1961
1973 1949
1970 1944
1966 1957
1965 1965
1964 1977
1966 1986
1968 1991
1968 1990
1972 1980
1971 1972
1970 1960
1968 1950
1971 1949
1969 1954
1971 1964
1975 1974
1970 1981
1984 2002
1969 1989
1972 1975
1955 1971
1943 1968
1948 1947
1953 1939
1956 1944
1969 1956
1984 1972
1998 1989
2001 2004
1996 2009
1986 2005
1966 1991
1946 1971
1924 1948
1917 1930
1920 1921
1934 1925
1962 1944
1995 1969
2026 2000
2062 2009
2041 2042
2017 2027
1972 2006
1929 1985
1896 1936
1870 1903
1866 1893
1890 1898
1939 1919
1998 1957
2055 2000
2093 2039
2102 2061
2076 2063
2016 2038
1943 1995
1871 1946
1819 1900
1808 1869
1829 1863
1892 1884
1975 1925
2055 1979
2133 2040
2161 2077
2139 2090
2084 2082
1980 2032
1870 1979
1798 1904
1749 1868
1750 1843
1821 1837
1931 1881
2052 1938
2142 2029
2209 2066
2222 2099
2159 2116
2046 2081
1910 2023
1787 1955
1710 1880
1679 1840
1737 1813
1856 1844
1988 1883
2167 1977
2222 2028
2271 2088
2235 2124
2130 2111
1979 2061
1802 2002
1708 1931
1641 1867
1658 1822
1765 1817
1915 1856
2123 1915
2209 1978
2314 2059
2306 2111
2217 2121
2071 2094
1873 2043
1743 1971
1625 1900
1613 1838
1686 1819
1850 1840
2021 1887
2171 1937
2304 2007
2348 2078
2279 2117
2144 2106
1924 2063
1804 2031
1666 1943
1598 1879
1633 1838
1751 1839
1997 1865
2082 1877
2252 1980
2336 2044
2319 2084
2223 2097
2013 2079
1882 2062
1715 1971
1617 1914
1608 1871
1692 1873
1917 1863
2002 1868
2174 1951
2296 2019
2331 2053
2264 2074
2087 2077
1953 2059
1785 1998
1658 1934
1620 1895
1660 1868
1820 1872
1939 1881
2114 1931
2252 1996
2304 2033
2278 2062
2169 2066
2014 2034
1851 2013
1716 1955
1661 1916
1653 1891
1750 1882
1894 1894
2060 1927
2190 1975
2274 2033
2276 2051
2192 2051
2065 2042
1909 2014
1765 1972
1676 1931
1667 1904
1733 1893
1850 1900
2006 1925
2147 1966
2238 2007
2260 2035
2212 2049
2099 2042
1948 2021
1803 1984
1718 1969
1682 1914
1716 1899
1798 1933
1951 1916
2103 1947
2205 1987
2239 2024
2213 2040
2132 2027
2001 2034
1856 2003
1749 1958
1703 1927
1724 1913
1800 1906
1918 1909
2056 1937
2163 1973
2218 1999
2213 2023
2161 2041
2043 2034
1925 2014
1796 1979
1732 1950
1724 1909
1772 1920
1866 1902
2007 1917
2129 1950
2193 1983
2204 2011
2162 2029
2073 2033
1953 2027
1840 2000
1762 1964
1738 1936
1784 1914
1848 1901
1971 1908
2081 1936
2155 1965
2187 1992
2150 2015
2103 2032
1991 2050
1878 2008
1793 1986
1753 1952
1803 1938
1832 1896
1935 1900
2036 1924
2121 1949
2166 1975
2160 2004
2105 2019
2021 2026
1925 2016
1841 1997
1789 1969
1826 1943
1821 1906
1907 1913
2003 1920
2081 1937
2135 1959
2130 1983
2135 2003
2042 2029
1951 2018
1874 1991
1836 1975
1799 1962
1823 1940
1895 1918
1974 1923
2047 1933
2099 1946
2098 1973
2106 2011
2058 2017
1976 2013
1915 2010
1852 1998
1857 1970
1838 1926
1875 1923
1954 1924
2019 1928
2070 1943
2098 1962
2095 2007
2058 2007
1989 2013
1921 2006
1880 2010
1863 1984
1857 1960
1886 1938
1944 1932
2000 1934
2045 1938
2074 1953
2079 1966
2053 2005
1997 2000
1951 2010
1905 2002
1878 1992
1868 1985
1892 1947
1937 1943
1986 1940
2023 1934
2068 1936
2067 1955
2047 1998
2002 1990
1969 1994
1912 2004
1887 2001
1861 2037
1902 1943
1934 1948
1979 1943
2011 1938
2039 1945
2051 1950
2033 1984
1997 1988
1962 1997
1935 2008
1908 2005
1894 1984
1909 1968
1939 1959
1967 1947
1990 1935
2032 1960
2039 1948
2022 1974
1984 1980
1959 2001
1947 2000
1917 2002
1903 1991
1913 1974
1939 1964
1968 1952
1993 1938
2021 1939
2032 1950
2021 1965
1997 1969
1971 1987
1943 2002
1917 2002
1905 1995
1915 1985
1940 1972
1965 1957
2009 1934
2008 1942
2020 1950
2026 1955
2004 1964
1964 1979
1941 2000
1927 2006
1907 1996
1913 1984
1939 1977
1966 1969
1984 1952
2004 1940
2022 1945
2020 1956
2000 1962
1979 1975
1956 1994
1928 1998
1915 1992
1917 1986
1934 1983
1943 1966
1984 1973
2006 1943
2014 1947
2005 1947
1999 1966
1990 1969
1958 1981
1933 1993
1922 1995
1922 1994
1928 1981
1949 1969
1976 1958
2000 1949
2011 1946
2012 1948
2003 1954
1987 1961
1964 1974
1942 1984
1977 1992
1918 1951
1925 1979
1970 1972
1967 1964
1990 1950
1974 1939
2020 1963
2000 1954
1986 1969
1966 1970
1947 1980
1961 1989
1914 1969
1921 1976
1946 1977
1964 1966
1985 1961
1998 1952
2007 1952
2007 1957
1993 1959
1970 1969
1952 1975
1938 1985
1920 1993
1926 1973
1947 1998
1963 1968
1977 1962
1990 1954
2003 1937
2017 1962
1994 1950
1975 1962
1962 1980
1944 1981
1933 1981
1934 1984
1944 1984
1953 1975
1972 1962
1993 1954
2002 1956
2002 1952
1994 1950
1986 1963
1965 1971
1947 1975
1938 1979
1956 1985
1937 1988
1951 1973
1971 1961
1991 1954
1991 1956
1994 1958
1999 1958
1986 1961
1967 1964
1956 1975
1948 1980
1941 1984
1942 1983
1953 1980
1963 1973
1977 1965
1988 1957
1995 1953
1996 1952
1987 1955
1975 1963
1957 1971
1937 1978
1946 2003
1945 1982
1946 1982
1954 1975
1969 1973
1984 1956
1990 1950
1990 1952
1986 1953
1978 1959
1969 1968
1957 1974
1951 1978
1949 1983
1954 1983
1960 1980
1969 1973
1978 1966
1985 1958
1986 1952
1985 1953
1978 1955
1972 1959
1989 1971
1959 1982
1959 1985
1956 1976
1966 1976
1964 1978
1968 1976
1980 1966
1985 1952
1978 1955
1971 1958
1970 1960
1969 1962
1965 1973
1961 1982
1962 1984
1962 1986
1967 1983
1970 1976
1972 1969
1973 1964
1974 1958
1971 1955
1979 1955
1973 1991
1963 1974
1961 1972
1963 1973
1960 1984
1966 1988
1975 1976
1971 1966
1960 1970
1970 1966
1972 1956
1971 1956
1967 1959
1965 1963
1965 1967
1970 1975
1968 1979
1968 1981
1969 1982
1969 1976
1968 1971
1967 1963
1968 1962
1960 1959
1976 1978
1964 1958
1963 1967
1967 1970
1976 1968
1970 1974
1964 1982
1970 1982
1974 1971
1969 1970
1962 1966
1965 1962
1965 1960
1966 1961
1967 1965
1972 1971
1970 1976
1968 1976
1970 1977
1971 1968
1972 1989
1960 1969
1961 1963
1985 1959
1963 1974
1961 1962
1963 1954
1977 1966
1961 1978
1959 1981
1973 1971
1990 1935
1969 1991
1967 1974
1965 1969
1967 1970
1962 1968
1940 2005
1962 1954
1967 1968
1970 1974
1968 1973
1971 1978
1988 1944
1969 1983
1966 1980
1943 1967
1968 1962
1963 1973
1921 2017
1955 1957
1957 1964
1978 1969
1971 1965
1967 1974
1991 1958
1970 1974
1972 1980
1964 1974
1960 1965
1968 1967
1954 1982
1958 1964
1967 1961
1966 1973
1965 1970
1967 1973
1965 1974
1974 1972
1966 1980
1967 1966
1975 1989
1965 1963
1974 1969
1948 1959
1977 1952
1968 1961
1963 1974
1966 1974
1949 1970
1978 1979
1966 1979
1969 1978
1963 1971
1969 1972
1998 1973
1954 1954
1971 1960
1971 1970
1968 1969
1971 1969
1936 1973
1981 1980
1964 1973
1977 1959
1965 1976
1971 1970
2053 1960
1948 1927
1955 1970
1969 1969
1972 1966
1965 1967
1922 1972
1974 1999
1967 1972
1967 1979
1964 1973
1967 1972
2001 1973
1959 1949
1963 1963
1975 1967
1970 1971
1968 1970
1938 1974
1966 1989
1965 1976
1965 1985
1968 1969
1964 1968
2007 1960
1969 1923
1954 1963
1974 1970
1973 1965
1970 1965
1947 1967
1973 1982
1973 1976
1969 1975
1966 1973
1970 1970
2001 1972
1957 1950
1961 1957
1971 1967
1968 1965
1969 1967
1969 1968
1974 1970
1972 1983
1978 1972
1971 1974
1973 1959
1965 1969
1947 1991
1969 1951
1974 1961
1966 1960
1970 1969
1969 1967
1983 1941
1972 1982
1970 1969
1972 1971
1968 1967
1975 1966
1943 2028
1970 1949
1973 1970
1969 1966
1967 1965
1968 1969
1976 1950
1985 1975
1973 1971
1966 1971
1962 1962
1964 1980
1982 1978
1978 1965
1973 1963
1974 1973
1972 1974
1966 1966
1967 1966
1969 1969
1969 1972
1969 1965
1972 1971
1975 1977
1973 1972
1974 1968
1980 1970
1979 1970
1974 1967
1973 1968
1972 1972
1983 1960
1962 1977
1960 1970
1962 1977
1976 1975
1980 1964
1975 1970
1971 1974
1973 1973
1977 1966
1971 1967
1969 1969
1968 1968
1967 1972
1964 1972
1966 1972
1967 1974
1977 1972
1964 1970
1975 1965
1983 1975
1969 1969
1968 1960
1950 1962
1985 1974
1960 1983
1950 1963
1967 1974
1972 1964
1990 1968
1956 1963
1977 1970
1983 1973
1975 1969
1968 1965
1949 1963
1980 1975
1962 1969
1962 1964
1966 1971
1969 1975
1990 1973
1966 1964
1977 1970
1985 1971
1974 1972
1967 1966
1959 1964
1970 2003
1963 1965
1953 1958
1973 1965
1967 1967
2012 1977
1962 1949
1974 1973
1982 1969
1974 1975
1968 1968
1969 1968
1962 1966
1954 1960
1953 1962
1963 1967
1966 1975
1970 1977
1979 1979
1986 1983
1982 1982
1976 1974
1971 1970
1955 1966
1960 1981
1951 1949
1955 1955
1964 1957
1957 1965
1968 1978
1981 1988
1986 1975
1990 1988
1984 1991
1967 1974
1958 1956
1955 1947
1952 1965
1942 1951
1952 1955
1961 1968
1966 1973
1974 2003
1985 1974
1994 1996
1989 1992
1978 1983
1978 1983
1961 1955
1943 1955
1940 1940
1935 1948
1952 1962
1974 1976
1985 1974
1989 1990
1998 2001
1998 1998
1982 1988
1970 1977
1960 1962
1944 1956
1930 1943
1936 1938
1952 1950
1965 1963
1976 1972
1993 1985
2002 2001
1994 2004
1986 1992
1989 1996
1959 1979
1939 1960
1931 1942
1934 1947
1946 1947
1962 1945
1966 1969
1987 1979
2004 1988
2006 2006
1989 2000
1968 1984
1970 1980
1955 1969
1933 1961
1935 1943
1944 1950
1957 1952
1969 1960
1978 1971
2000 1977
2002 1995
1990 1994
1989 1986
1959 1985
1946 1971
1933 1961
1939 1953
1954 1941
1962 1954
1970 1967
1995 1970
1998 1974
1998 1983
1989 1986
1976 1980
1967 1978
1949 1971
1938 1962
1942 1954
1953 1956
1962 1963
1978 1967
1993 1976
2001 1984
1998 1981
1989 1976
1989 1972
1955 1977
1937 1959
1929 1956
1946 1958
1956 1951
1962 1960
1987 1974
2001 1980
2008 1988
2005 1985
1991 1983
1970 1973
1955 1961
1938 1949
1929 1946
1932 1947
1941 1953
1965 1967
1982 1976
2001 1986
2010 1993
2011 1995
1998 1988
1996 1976
1951 1969
1928 1945
1917 1942
1927 1937
1936 1938
1951 1959
1981 1974
2000 1988
2015 1999
2018 2001
2008 1999
1987 1985
1964 1969
1937 1951
1922 1940
1912 1932
1924 1935
1943 1946
1969 1963
1980 1992
2005 1974
2025 2003
2018 2000
2015 1990
1964 1982
1946 1941
1923 1957
1919 1930
1923 1929
1932 1938
1955 1952
1959 2013
2001 1969
2016 2004
2016 2002
2002 1999
1984 1983
1976 1926
1933 1962
1922 1936
1920 1935
1927 1936
1946 1946
1932 2037
1991 1962
2010 1992
2011 2001
2023 1998
1988 2002
1980 1925
1933 1972
1934 1943
1922 1940
1923 1938
1942 1946
1967 1965
1983 1977
2001 1987
2012 2000
2006 2004
1987 1990
1969 1978
1954 1967
1933 1954
1923 1940
1932 1939
1944 1949
1960 1959
1979 1970
2000 1987
1988 2001
2003 1998
1988 1998
1965 1981
1955 1973
1938 1952
1926 1944
1926 1942
1939 1947
1955 1956
1978 1970
1995 1984
2004 1994
2001 1996
1992 1991
1977 1985
1955 1970
1940 1957
1936 1944
1930 1941
1939 1944
1954 1951
1973 1966
1989 1978
2015 1992
2007 2022
1992 2005
1972 1984
1960 1977
1943 1959
1930 1950
1922 1945
1934 1947
1954 1951
1965 1960
1981 1975
1997 1986
2003 1994
1994 1994
1983 1988
1965 1978
1948 1965
1935 1950
1928 1945
1931 1944
1942 1949
1960 1959
1980 1971
1992 1984
2000 1984
1999 1999
1985 1989
1975 1981
1955 1968
1941 1958
1924 1951
1930 1949
1944 1944
1958 1953
1976 1966
1988 1976
1999 1984
1997 1987
1993 1986
1979 1982
1965 1971
1950 1963
1940 1953
1937 1948
1938 1947
1953 1952
1965 1957
1983 1969
1997 1969
1999 1989
1989 1983
1985 1981
1973 1970
1954 1965
1939 1963
1942 1954
1946 1948
1949 1951
1963 1954
1976 1964
1988 1973
1995 1981
1994 1980
1987 1983
1972 1976
1960 1968
1949 1962
1941 1957
1941 1952
1948 1950
1959 1953
1969 1961
1989 1967
1984 1981
1986 1979
1975 1992
1973 1965
1970 1964
1956 1974
1941 1958
1941 1948
1969 1915
1956 1968
1962 1959
1975 1962
1983 1973
1984 1974
1982 1975
1976 1973
1971 1975
1957 1970
1949 1960
1942 1955
1960 1937
1960 1963
1959 1961
1985 1961
1976 1970
1980 1976
1942 2006
1974 1973
1972 1956
1965 1968
1953 1966
1951 1959
1965 1979
1960 1957
1956 1969
1965 1960
1977 1969
1978 1971
1972 1970
1963 1969
1970 1958
1962 1972
1954 1965
1948 1961
1947 1960
1963 1966
1958 1968
1953 1959
1976 1967
1978 1973
1999 1971
1962 1959
1973 1959
1961 1973
1954 1965
1951 1962
1927 1964
1971 1972
1957 1970
1965 1965
1974 1973
1973 1973
2028 1971
1950 1948
1971 1969
1963 1969
1954 1969
1949 1963
1927 1965
1966 1977
1959 1969
1957 1963
1978 1970
1972 1970
2050 1969
1963 1928
1970 1965
1968 1968
1960 1969
1952 1963
1918 1962
1957 1985
1965 1967
1963 1972
1969 1966
1978 1972
1999 1974
1973 1952
1968 1968
1969 1970
1960 1968
1955 1966
1938 1967
1957 1974
1957 1969
1957 1964
1973 1973
1976 1966
1999 1969
1977 1952
1969 1966
1975 1969
1966 1967
1959 1963
1961 1967
1954 1965
1966 1974
1955 1960
1968 1966
1970 1966
1973 1966
1970 1986
1964 1949
1976 1971
1973 1967
1961 1974
1957 1963
1960 1950
1958 1974
1958 1969
1965 1985
1970 1962
1967 1968
1954 2008
1965 1944
1969 1968
1970 1966
1964 1960
1964 1963
1969 1941
1964 1974
1958 1966
1960 1963
1964 1966
1969 1966
1947 2026
1971 1948
1969 1963
1970 1966
1966 1965
1965 1965
1972 1946
1962 1976
1956 1964
1960 1988
1965 1965
1966 1967
1942 2005
1968 1955
1963 1965
1963 1971
1963 1964
1965 1965
1963 1965
1957 1967
1957 1965
1959 1965
1963 1970
1966 1972
1946 1992
1964 1968
1972 1962
1969 1974
1965 1965
1960 1964
1967 1964
1965 1965
1947 1973
1962 1969
1963 1976
1960 1964
1963 1970
1957 1960
1970 1952
1967 1973
1968 1968
1962 1966
1951 1968
1959 1964
1960 1972
1956 1967
1962 1966
1963 1965
1992 1968
1958 1962
1973 1961
1969 1969
1968 1968
1966 1966
1953 1964
1969 1967
1958 1971
1947 1968
1967 1962
1967 1975
1962 1967
1967 1959
1976 1964
1972 1975
1967 1966
1964 1963
1940 1965
1976 1978
1960 1969
1958 1966
1963 1968
1961 1966
2034 1967
1953 1933
1969 1969
1971 1966
1967 1973
1964 1963
1958 1965
1972 1971
1964 1971
1959 1963
1969 1977
1971 1970
1960 1970
1960 1964
1974 1962
1976 1972
1971 1967
1967 1961
1964 1967
1968 1978
1971 1969
1960 1964
1968 1964
1966 1969
1981 1967
1963 1952
1957 1956
1971 1965
1970 1966
1966 1964
1968 1965
1968 1969
1962 1972
1951 1960
1962 1964
1970 1974
1959 1969
1966 1964
1971 1961
1974 1972
1965 1967
1963 1963
1965 1964
1963 1957
1964 1977
1954 1961
1960 1963
1966 1971
1962 1973
1960 1965
1963 1965
1972 1973
1967 1972
1960 1965
1965 1964
1968 1955
1965 1978
1953 1962
1964 1958
1961 1976
1955 1969
1960 1963
1965 1965
1969 1972
1967 1972
1960 1966
1965 1967
1973 1946
1967 1978
1957 1964
1958 1961
1961 1965
1964 1968
1964 1967
1960 1951
1969 1967
1969 1968
1968 1965
1969 1964
1969 1965
1965 1967
1962 1963
1974 1960
1974 1972
1962 1968
1955 1976
1960 1963
1966 1965
1969 1972
1961 1966
1964 1964
1975 1966
1977 1970
1965 1974
1964 1961
1963 1966
1962 1961
1968 1966
1956 1964
1970 1961
1970 1972
1965 1970
1970 1964
1961 1965
1962 1964
1965 1965
1965 1966
1972 1983
1966 1964
1965 1968
1966 1964
1967 1966
1970 1964
1966 1968
1970 1968
1965 1966
1967 1966
1965 1966
1965 1967
1964 1966
1963 1966
1966 1967
1965 1965
1970 1966
1969 1968
1966 1968
1965 1966
1966 1962
1969 1968
1962 1965
1964 1966
1963 1988
1963 1970
1961 1966
1963 1965
1959 1966
1964 1966
1965 1961
1966 1967
1968 1968
1963 1968
1965 1967
1963 1966
1961 1965
1960 1965
1963 1966
1966 1966
1965 1966
1962 1967
1963 1964
1961 1962
1963 1966
1967 1968
1966 1967
1967 1969
1968 1964
1961 1969
1962 1963
1961 1959
1964 1959
1963 1965
1968 1965
1966 1965
1962 1968
1963 1963
1964 1966
1964 1964
1965 1964
1966 1964
1969 1967
1966 1965
1965 1962
1962 1965
1963 1963
1962 1965
1963 1964
1964 1966
1967 1965
1967 1966
1964 1966
1976 1983
1965 1963
1964 1974
1963 1952
1966 1967
1967 1971
1957 1964
1960 1958
1988 1919
1966 1983
1965 1970
1962 1964
1968 1966
1966 1967
1922 2040
1966 1943
1959 1965
1961 1965
1964 1965
1966 1966
1995 1927
1960 1978
1967 1967
1962 1970
1965 1961
1961 1978
1923 2019
1960 1954
1962 1957
1966 1968
1967 1969
1961 1968
1986 1936
1965 1970
1968 1972
1970 1969
1963 1968
1967 1968
1963 1972
1957 1964
1958 1962
1966 1965
1967 1977
1963 1966
1963 1967
1964 1967
1966 1969
1964 1970
1971 1958
1975 1973
1960 1970
1964 1965
1960 1968
1962 1967
1958 1968
1961 1962
1963 1964
1967 1969
1964 1968
1963 1967
1966 1970
1964 1970
1962 1969
1964 1967
1964 1971
1961 1970
1957 1968
1957 1964
1958 1963
1958 1963
1962 1963
1965 1967
1986 1971
1964 1995
1968 1973
1962 1967
1964 1966
1962 1962
1959 1963
1959 1964
1961 1959
1963 1960
1967 1963
1964 1963
1965 1965
1967 1966
1968 1968
1967 1967
1967 1969
1967 1969
1966 1967
1962 1966
1962 1963
1957 1963
1962 1960
1964 1963
1968 1963
2002 1943
1967 1967
1970 1971
1965 1963
1961 1968
1965 1967
1962 1961
1968 1963
1958 1956
1961 1956
1971 1963
1967 1967
1961 1959
1964 1962
1971 1970
1981 1980
1961 1969
1966 1964
1961 1966
1961 1961
1959 1963
1960 1956
1974 1966
1968 1971
1932 1962
1978 1990
1977 1938
1975 1990
1969 1958
1963 1966
1970 1971
1962 1966
1955 1987
1960 1951
1966 1963
1969 1962
1969 1966
1970 1962
1980 1932
1973 1982
1963 1970
1960 1963
1964 1967
1961 1967
1925 2029
1958 1939
1961 1960
1965 1961
1963 1958
1999 1922
1970 1975
1970 1969
1953 1967
1964 1968
1965 1968
1964 1974
1921 2026
1960 1951
1955 1957
1965 1961
1960 1960
1964 1964
1987 1947
1964 1973
1970 1977
1957 1969
1962 1969
1962 1973
1943 1981
1956 1961
1961 1958
1958 1964
1959 1962
1933 1963
1999 1995
1962 1957
1968 1974
1968 1962
1969 1973
1964 1973
1962 1963
1945 1963
1962 1952
1962 1968
1958 1963
1960 1960
1951 1962
1970 1962
1966 1970
1965 1970
1964 1969
1968 1972
2007 1973
1939 1959
1961 1955
1958 1964
1958 1960
1958 1957
1981 1905
1964 1995
1971 1960
1957 1967
1959 1967
1972 1971
2031 1969
1938 1944
1964 1969
1960 1965
1960 1967
1960 1963
1933 1963
1969 1974
1966 1967
1964 1968
1967 1966
1966 1971
2029 1971
1948 1938
1960 1970
1965 1966
1965 1969
1962 1960
1889 1960
1983 2020
1969 1959
1956 1966
1985 1953
1966 1963
1994 1977
1962 1935
1959 1967
1970 1966
1964 1968
1962 1962
1968 1961
1962 1971
1973 1963
1964 1963
1970 1963
1967 1969
1968 1969
1961 1961
1956 1959
1968 1970
1962 1969
1962 1965
1965 1962
2038 1929
1987 1987
1957 1955
1947 1962
1977 1970
1975 1949
1954 2002
1961 1951
1965 1967
1964 1965
1958 1963
1963 1961
1969 1945
1965 1970
1972 1963
1962 1962
1965 1959
1968 1962
1952 2009
1963 1953
1965 1969
1967 1968
1965 1966
1965 1966
1943 1959
1991 1940
1959 1988
1969 1956
1971 1944
1954 1978
1926 2054
1967 1948
1964 1964
1971 1970
1966 1968
1967 1966
1991 1906
1963 1970
1965 1963
1968 1964
1967 1968
1964 1964
1923 2044
1962 1948
1965 1962
1963 1970
1964 1966
1964 1969
1991 1927
1910 1973
1991 2035
1965 1951
1951 1975
1955 1967
1932 2015
1968 1947
1959 1958
1957 1975
1964 1967
1965 1969
1979 1970
1975 1974
1968 1974
1973 1967
1966 1969
1965 1966
1970 1970
1960 1965
1966 1964
1963 1969
1962 1968
1961 1968
1966 1965
1964 1966
2017 1970
1959 1999
1980 1962
1972 1953
1974 1958
1959 1974
1960 1981
1968 1970
1964 1967
1964 1971
1965 1969
1966 1966
1967 1966
1966 1966
1969 1967
1969 1972
1969 1969
1967 1968
1967 1970
1965 1970
1962 1969
1963 1970
1966 1968
1963 1970
1865 1967
1979 2078
1964 1966
1958 1978
1962 1954
1953 1990
1974 1974
1971 1959
1963 1970
1959 1974
1962 1971
1965 1964
1963 1967
1962 1969
1963 1963
1964 1967
1964 1966
1964 1969
1963 1969
1963 1970
1959 1969
1962 1971
1963 1969
1964 1969
1968 1967
1835 1902
1977 1986
1969 1967
1945 1962
1982 1964
1972 1947
1957 1972
1960 1975
1967 1969
1968 1962
1961 1965
1965 1969
1965 1965
1967 1968
1969 1968
1967 1966
1965 1968
1965 1966
1965 1968
1963 1966
1964 1965
1966 1964
1967 1965
1966 1961
1964 1963
2078 1908
1963 1986
1976 1960
1969 1953
1976 1953
1958 1963
1961 1972
1966 1966
1967 1969
1967 1965
1969 1966
1967 1969
1970 1964
1966 1966
1966 1960
1969 1968
1971 1969
1970 1969
1966 1966
1967 1965
1966 1965
1966 1965
1969 1967
1966 1965
1904 1968
1983 1843
1968 1978
1964 1969
1965 1942
1948 1984
1972 1976
1975 1961
1968 1964
1962 1970
1965 1972
1971 1965
1967 1963
1970 1967
1970 1966
1967 1969
1969 1963
1968 1963
1967 1966
1965 1963
1965 1970
1966 1971
1965 1966
1966 1966
1968 1968
1949 1967
1999 2036
1963 1955
1954 1973
1949 1962
1960 1981
1979 1959
1967 1958
1962 1972
1966 1969
1963 1967
1965 1963
1966 1967
1968 1965
1968 1962
1966 1967
1968 1966
1966 1968
1961 1959
1963 1964
1964 1965
1965 1964
1966 1965
1966 1968
1968 1964
2128 1852
1988 1964
1964 1962
1942 1967
1976 1967
1976 1949
1959 1970
1957 1972
1964 1966
1965 1961
1965 1966
1966 1965
1967 1968
1966 1966
1966 1965
1964 1965
1971 1965
1965 1966
1964 1965
1962 1966
1964 1966
1964 1963
1965 1965
1963 1963
1966 1966
1921 1965
1953 2000
1971 1965
1957 1955
1984 1956
1959 1959
1961 1974
1968 1966
1965 1966
1965 1967
1964 1965
1965 1966
1965 1965
1965 1968
1967 1967
1966 1968
1963 1965
1965 1964
1965 1966
1969 1965
1967 1967
1967 1965
1969 1967
1963 1964
1904 1966
1975 2073
1962 1985
1967 1963
1969 1944
1947 1980
1964 1974
1972 1959
1970 1958
1961 1965
1966 1968
1969 1961
1963 1965
1968 1964
1965 1964
1966 1964
1966 1963
1965 1963
1965 1961
1964 1958
1966 1960
1968 1961
1967 1963
1966 1964
1966 1966
1973 1964
2002 1937
1963 1950
1954 1969
1951 1959
1961 1982
2011 1901
1970 1957
1961 1976
1959 1959
1972 1965
1971 1960
1932 2002
1958 1957
1965 1956
1965 1967
1967 1964
1962 1966
1971 1951
1970 1968
1965 1969
1970 1966
1962 1966
1961 1960
1966 1966
1939 2025
1981 1995
1955 1960
1941 1967
1972 1965
1963 1947
1972 1972
1954 1975
1968 1967
1966 1959
1963 1959
1999 1962
1942 1938
1970 1958
1961 1961
1963 1961
1967 1964
1963 1964
1963 1962
1966 1963
1967 1966
1964 1963
1964 1959
1965 1965
1964 1964
1819 1940
1965 1990
1967 1966
1943 1961
1980 1961
1974 1946
1961 1971
1959 1969
1968 1960
1968 1961
1966 1966
1963 1964
1964 1961
1962 1964
1963 1960
1962 1963
1962 1963
1967 1963
1967 1963
1966 1960
1965 1961
1965 1962
1965 1965
1966 1961
1967 1962
2014 1850
1960 1971
1970 1962
1964 1950
1978 1947
1955 1961
1958 1976
1973 1965
1972 1964
1964 1962
1966 1963
1966 1963
1966 1964
1965 1963
1968 1966
1964 1964
1962 1962
1966 1960
1964 1964
1965 1967
1964 1964
1966 1964
1964 1964
1962 1964
1963 1966
2071 1957
1955 1999
1974 1961
1972 1951
1972 1953
1952 1967
1959 1975
1971 1963
1971 1960
1963 1968
1961 1970
1965 1969
1966 1961
1966 1966
1966 1966
1965 1965
1964 1966
1965 1964
1964 1965
1963 1962
1964 1964
1964 1962
1966 1964
1966 1961
1859 1964
1991 1975
1959 1998
1977 1942
1974 1947
1946 1977
1960 1973
1976 1963
1975 1963
1959 1963
1961 1966
1969 1962
1963 1968
1964 1963
1965 1962
1985 1926
1971 1966
1962 1971
1964 1960
1968 1966
1966 1967
1938 1991
1957 1963
1967 1950
1964 1965
1868 1963
1957 2098
1968 1987
1972 1960
1964 1948
1940 1973
1966 1973
1967 1960
1972 1953
1943 1963
1966 1956
1960 1965
1959 1965
1964 1962
1954 1964
1976 1968
1961 1970
1962 1959
1962 1960
1965 1961
2006 1962
1946 1946
1968 1957
1966 1961
1965 1967
1924 1960
1971 1900
1979 1981
1957 1970
1947 1957
1958 1982
1976 1961
1998 1949
1944 1943
1960 1966
1967 1968
1968 1959
1966 1966
1934 1969
1971 1974
1965 1967
1960 1959
1961 1961
1966 1962
2015 1964
1950 1935
1956 1960
1965 1960
1962 1964
1964 1964
1834 1969
1972 2065
1964 1962
1944 1965
1949 1961
1961 1980
2011 1955
1961 1918
1950 1958
1965 1969
1966 1963
1965 1955
1969 1963
1967 1978
1973 1969
1962 1967
1960 1961
1967 1965
1957 1965
1962 1951
1952 1952
1966 1964
1964 1962
1962 1960
1965 1962
1906 1960
1995 1974
1959 1957
1949 1969
1951 1969
1970 1962
1960 1976
1951 1939
1965 1971
1968 1964
1967 1962
1966 1962
1971 1943
1970 1973
1968 1966
1964 1965
1966 1964
1964 1966
1947 1999
1959 1943
1964 1965
1966 1964
1964 1965
1971 1968
1967 1968
1919 1964
1988 2011
1967 1958
1960 1970
1985 1939
1924 2023
1962 1957
1966 1961
1967 1965
1963 1964
1964 1962
1978 1949
1974 1975
1966 1969
1966 1964
1963 1965
1966 1967
1938 1999
1959 1955
1963 1959
1966 1969
1965 1966
1971 1968
1970 1965
1972 1967
1881 1967
1968 2022
1970 1961
1954 1970
1938 1997
1952 1950
1964 1955
1965 1969
1963 1967
1962 1961
1977 1930
1969 1969
1966 1968
1969 1963
1965 1966
1961 1962
1947 1998
1949 1948
1960 1953
1962 1962
1963 1960
1965 1965
1960 1966
1972 1971
1960 1967
2017 1961
1960 1910
1966 1972
1985 1964
1949 1946
1963 1958
1960 1964
1962 1960
1966 1964
1930 1963
1982 1981
1967 1968
1970 1968
1964 1965
1962 1962
1965 1964
1965 1965
1964 1962
1967 1962
1967 1963
1971 1965
1967 1967
1965 1961
1965 1963
1968 1965
1913 1968
1958 2013
1975 1980
1966 1965
1964 1966
1964 1962
1967 1966
1968 1967
1964 1962
1970 1967
1971 1968
1969 1969
1966 1965
1967 1965
1967 1964
1964 1963
1963 1964
1969 1966
1969 1968
1967 1965
1968 1964
1969 1967
1968 1965
1966 1963
1969 1967
1967 1965
1958 1940
1968 1980
1967 1964
1961 1967
1962 1962
1964 1966
1968 1965
1969 1967
1967 1967
1968 1966
1965 1966
1966 1962
1962 1962
1964 1965
1966 1967
1962 1967
1964 1966
1961 1965
1962 1965
1964 1963
1963 1965
1965 1966
1968 1965
1966 1966
1963 1963
1985 1934
1962 1975
1964 1964
1963 1969
1964 1968
1961 1968
1964 1966
1965 1966
1964 1962
1965 1964
1965 1967
1967 1966
1962 1967
1963 1966
1964 1967
1965 1968
1960 1967
1967 1966
1968 1969
1969 1967
1966 1966
1967 1966
1967 1967
1965 1967
1965 1965
2024 1940
1962 1973
1966 1965
1964 1969
1966 1969
1967 1968
1969 1968
1968 1966
1965 1966
1966 1962
1967 1965
1968 1965
1965 1967
1965 1964
1965 1964
1963 1966
1966 1964
1968 1966
1969 1968
1970 1967
1964 1966
1967 1967
1964 1963
1965 1964
1964 1965
1965 1952
1963 1965
1962 1969
1965 1968
1963 1965
1964 1966
1967 1967
1967 1969
1968 1970
1970 1972
1964 1970
1960 1965
1959 1966
1962 1966
1960 1967
1962 1968
1964 1971
1964 1968
1964 1968
1963 1967
1963 1968
1965 1966
1966 1967
1965 1967
1965 1967
1946 1965
1964 1987
1961 1967
1963 1966
1963 1966
1965 1968
1967 1969
1966 1966
1965 1964
1963 1965
1964 1964
1963 1965
1965 1967
1963 1969
1964 1965
1964 1968
1965 1969
1963 1969
1964 1965
1966 1965
1966 1965
1968 1964
1963 1964
1962 1967
1962 1967
1946 1965
1964 2000
1963 1965
1963 1970
1967 1970
1965 1967
1964 1967
1963 1966
1959 1964
1959 1963
1960 1965
1960 1965
1960 1968
1962 1967
1962 1969
1963 1969
1960 1966
1961 1965
1964 1964
1963 1968
1963 1967
1960 1965
1959 1968
1957 1964
1957 1964
1956 1968
1958 1949
1962 1971
1964 1967
1963 1968
1961 1965
1963 1966
1963 1966
1959 1964
1962 1965
1960 1967
1960 1970
1960 1966
1960 1966
1961 1966
1962 1966
1963 1969
1966 1969
1963 1968
1964 1966
1962 1964
1960 1964
1960 1965
1957 1967
1961 1967
1958 1966
1963 1966
1962 1968
1962 1966
1963 1967
1961 1965
1964 1968
1963 1966
1962 1967
1961 1966
1961 1964
1960 1964
1960 1965
1961 1966
1960 1962
1964 1965
1966 1965
1965 1968
1963 1964
1963 1966
1960 1964
1959 1962
1961 1962
1963 1963
1964 1965
1966 1969
1944 1946
1961 1946
1962 1968
1961 1967
1963 1967
1954 1962
1972 1974
1960 1970
1964 1961
1958 1963
1958 1960
1998 1964
1946 1948
1967 1960
1966 1968
1965 1964
1962 1965
1924 1963
1977 1978
1963 1965
1969 1963
1964 1965
1959 1961
2027 1959
1940 1934
1959 1957
1965 1957
1968 1966
1968 1967
1908 1966
1975 1986
1961 1960
1967 1967
1962 1966
1962 1960
1967 1967
1963 1966
1963 1963
1963 1961
1968 1968
1961 1969
1967 1963
1968 1964
1966 1968
1964 1966
1962 1963
1965 1965
1962 1967
1963 1967
1965 1965
1974 1965
1968 1969
1968 1964
1971 1964
1970 1965
1966 1964
1964 1964
1970 1963
1968 1967
1968 1968
1964 1965
1968 1966
1967 1967
1967 1966
1965 1962
1966 1965
1966 1968
1964 1967
1967 1969
1966 1968
1964 1968
1963 1964
1964 1966
1966 1969
1966 1968
1964 1969
1964 1968
1961 1971
1962 1966
1963 1966
1963 1969
1966 1972
1966 1970
1965 1971
1963 1968
1963 1969
1963 1967
1964 1966
1965 1970
1966 1969
1964 1971
1965 1968
1961 1967
1963 1966
1963 1967
1962 1966
1964 1967
1966 1968
1966 1969
1963 1969
1962 1967
1959 1966
1973 1962
1968 1975
1960 1970
1958 1964
1967 1966
1968 1971
1959 1964
1959 1960
1969 1968
1969 1971
1962 1966
1965 1963
1983 1962
1969 1968
1962 1969
1963 1959
1969 1966
1961 1963
1948 1983
1958 1962
1970 1952
1968 1968
1965 1963
1968 1967
1959 1966
1974 1965
1965 1969
1966 1960
1964 1963
1965 1962
1983 1966
1947 1954
1965 1952
1965 1967
1967 1967
1966 1961
1949 1967
1979 1968
1964 1969
1964 1959
1968 1963
1967 1967
2014 1962
1942 1948
1966 1959
1966 1963
1964 1964
1966 1962
1956 1966
1982 1972
1962 1973
1959 1958
1965 1960
1968 1968
1999 1967
1950 1944
1968 1964
1969 1967
1964 1965
1966 1963
1942 1965
1973 1980
1966 1967
1959 1966
1965 1964
1964 1964
2019 1965
1951 1929
1955 1963
1966 1962
1963 1968
1964 1966
1945 1966
1965 1990
1968 1970
1951 1968
1962 1968
1964 1967
1981 1970
1957 1940
1955 1959
1969 1966
1963 1967
1962 1964
1971 1967
1965 1976
1968 1974
1957 1963
1969 1966
1963 1966
1960 1964
1959 1971
1945 1950
1967 1962
1963 1968
1967 1966
1965 1967
1965 1961
1973 1976
1962 1968
1962 1963
1960 1961
1968 1963
1952 2007
1956 1945
1966 1966
1965 1964
1961 1966
1963 1962
1972 1947
1970 1979
1964 1967
1964 1966
1961 1967
1958 1961
1938 2023
1960 1944
1964 1968
1966 1966
1964 1969
1966 1966
1975 1944
1966 1978
1958 1962
1964 1963
1965 1966
1955 1970
1942 1999
1963 1954
1963 1963
1966 1968
1963 1969
1967 1967
1976 1946
1966 1972
1964 1970
1961 1961
1964 1965
1966 1964
1957 1984
1963 1962
1965 1960
1972 1968
1966 1966
1961 1960
1980 1955
1968 1967
1963 1974
1960 1961
1968 1968
1965 1967
1953 1962
1957 1970
1969 1956
1966 1970
1966 1961
1968 1967
1962 1972
1974 1965
1961 1975
1962 1963
1967 1968
1967 1972
1975 1971
1951 1960
1968 1962
1965 1973
1963 1969
1965 1970
1923 1967
1976 1977
1963 1978
1962 1971
1963 1963
1966 1969
2026 1968
1940 1936
1970 1965
1962 1966
1967 1966
1968 1970
1918 1968
1980 1986
1964 1968
1968 1965
1965 1966
1963 1965
2041 1969
1946 1932
1961 1964
1961 1964
1961 1967
1966 1968
1925 1968
1980 1994
1970 1964
1971 1972
1966 1967
1968 1963
1969 1967
1967 1967
1966 1964
1971 1965
1968 1965
1966 1964
1966 1964
1970 1965
1971 1968
1968 1963
1969 1964
1969 1967
1970 1970
1965 1966
1967 1964
1966 1967
1968 1969
1966 1966
1968 1966
1969 1966
1969 1967
1967 1965
1968 1966
1970 1966
1965 1967
1964 1964
1969 1967
1968 1968
1968 1967
1967 1969
1969 1969
1965 1966
1968 1965
1967 1970
1966 1970
1967 1969
1970 1966
1967 1970
1968 1970
1962 1965
1965 1967
1968 1968
1967 1965
1969 1969
1969 1977
1965 1959
1966 1965
1965 1968
1967 1970
1967 1969
1967 1972
1969 1970
1962 1969
1965 1968
1964 1967
1962 1966
1967 1969
1967 1972
1966 1969
1963 1968
1966 1969
1967 1968
1964 1966
1966 1965
1967 1967
1965 1968
1963 1966
1965 1967
1963 1965
1963 1965
1965 1967
1965 1967
1966 1968
1963 1966
1964 1968
1965 1966
1965 1965
1962 1967
1963 1966
1964 1968
1962 1961
1965 1966
1964 1966
1964 1966
1966 1966
1966 1965
1964 1963
1967 1963
1968 1965
1966 1965
1966 1965
1965 1968
1966 1964
1963 1964
1966 1963
1965 1964
1965 1966
1966 1967
1964 1965
1966 1966
1963 1967
1964 1963
1963 1963
1966 1964
1967 1968
1968 1968
1963 1964
1963 1966
1963 1968
1963 1968
1962 1967
1965 1971
1966 1969
1964 1967
1962 1964
1964 1962
1967 1966
1967 1967
1968 1968
1967 1968
1965 1969
1959 1969
1958 1968
1959 1967
1960 1966
1962 1967
1964 1966
1968 1966
1966 1964
1967 1964
1965 1966
1962 1968
1962 1969
1962 1972
1963 1975
1957 1969
1956 1969
1958 1965
1961 1964
1963 1959
1967 1962
1967 1964
1969 1962
1965 1968
1966 1970
1959 1971
1958 1972
1958 1972
1959 1970
1961 1964
1960 1964
1965 1960
1966 1957
1970 1957
1972 1960
1970 1963
1967 1964
1963 1965
1964 1970
1961 1972
1959 1971
1958 1967
1959 1962
1963 1956
1969 1955
1970 1956
1974 1959
1973 1963
1970 1962
1965 1968
1963 1967
1962 1973
1957 1971
1956 1970
1960 1967
1961 1962
1963 1959
1965 1956
1971 1957
1971 1958
1973 1961
1970 1967
1965 1970
1958 1971
1955 1971
1955 1970
1957 1969
1959 1966
1964 1961
1967 1961
1967 1957
1973 1957
1972 1959
1970 1966
1965 1969
1964 1973
1959 1975
1955 1972
1954 1970
1957 1967
1961 1964
1965 1960
1970 1960
1972 1959
1973 1964
1972 1964
1967 1969
1960 1971
1958 1973
1956 1975
1953 1974
1954 1972
1956 1967
1961 1963
1965 1959
1973 1959
1972 1961
1972 1964
1969 1963
1968 1969
1964 1974
1958 1975
1956 1975
1955 1973
1957 1969
1961 1961
1967 1960
1971 1960
1974 1960
1972 1961
1972 1964
1974 1969
1965 1969
1964 1973
1957 1972
1957 1970
2025 1969
1938 1937
1962 1951
1969 1954
1972 1960
1977 1958
1934 1960
1986 1984
1967 1971
1966 1969
1960 1971
1955 1966
2032 1967
1937 1932
1963 1958
1966 1958
1968 1956
1974 1956
1920 1961
1983 1986
1968 1966
1969 1972
1964 1974
1943 1968
2024 1965
1937 1928
1957 1957
1964 1959
1963 1962
1970 1961
1932 1962
1978 1987
1974 1970
1967 1970
1964 1976
1958 1969
1964 1973
1948 1956
1953 1961
1960 1963
1964 1963
1970 1965
1973 1967
1972 1966
1968 1965
1972 1970
1968 1972
1959 1973
1959 1969
1957 1971
1958 1971
1958 1964
1963 1964
1967 1964
1968 1963
1970 1962
1973 1965
1970 1971
1968 1968
1964 1967
1965 1972
1958 1973
1958 1969
1958 1968
1959 1965
1960 1964
1966 1962
1971 1965
1973 1964
1972 1966
1971 1967
1965 1968
1962 1969
1959 1970
1958 1970
1957 1965
1959 1968
1960 1966
1963 1964
1982 1934
1973 1973
1970 1966
1971 1961
1971 1971
1965 1968
1922 2021
1958 1954
1955 1962
1962 1970
1958 1968
1963 1965
1980 1963
1970 1967
1969 1964
1966 1959
1968 1961
1969 1964
1947 1978
1959 1962
1957 1957
1958 1969
1958 1965
1963 1964
1970 1965
1976 1962
1966 1970
1967 1955
1970 1960
1970 1961
1966 1965
1951 1960
1963 1959
1959 1970
1959 1966
1958 1967
1951 1967
1975 1965
1961 1973
1966 1960
1966 1964
1969 1962
2009 1964
1943 1953
1962 1957
1960 1969
1957 1969
1957 1964
1929 1966
1976 1977
1964 1974
1963 1965
1968 1963
1968 1966
2023 1962
1937 1933
1965 1960
1962 1965
1960 1967
1956 1966
1940 1969
1968 1978
1964 1967
1965 1964
1969 1964
1966 1966
2027 1965
1946 1926
1955 1962
1960 1958
1957 1968
1957 1963
1944 1965
1970 1976
1969 1971
1961 1964
1969 1964
1965 1964
2002 1964
1956 1927
1955 1962
1962 1960
1955 1966
1957 1963
1958 1963
1964 1975
1976 1968
1969 1969
1970 1963
1969 1966
1971 1966
1964 1955
1952 1958
1965 1966
1958 1970
1957 1965
1964 1966
1965 1967
1967 1961
1971 1949
1975 1965
1973 1966
1969 1967
1962 1988
1954 1950
1964 1972
1958 1970
1956 1967
1961 1965
1964 1953
1977 1971
1972 1961
1975 1960
1976 1964
1975 1967
1956 2009
1958 1955
1957 1971
1958 1974
1959 1972
1962 1970
1962 1967
1967 1961
1969 1958
1977 1960
1975 1960
1973 1963
1938 2032
1965 1950
1956 1972
1954 1974
1948 1974
1953 1970
1973 1950
1969 1976
1967 1967
1970 1957
1972 1959
1973 1961
1944 1996
1965 1961
1961 1970
1958 1984
1953 1978
1954 1975
1958 1970
1964 1970
1967 1965
1972 1955
1980 1959
1977 1967
1968 1959
1966 1963
1965 1971
1956 1978
1951 1977
1952 1975
1962 1975
1970 1969
1968 1975
1970 1955
1979 1960
1985 1960
1983 1956
1951 1960
1965 1954
1959 1978
1953 1975
1952 1976
1954 1976
1970 1975
1960 1971
1967 1954
1978 1956
1985 1963
1972 1961
1966 1959
1968 1961
1960 1973
1952 1974
1951 1973
1922 1980
1975 1985
1960 1974
1967 1960
1975 1958
1976 1960
1989 1954
1962 1951
1970 1956
1970 1972
1955 1976
1947 1970
1904 1974
1971 2002
1966 1973
1965 1965
1972 1957
1975 1958
2046 1952
1950 1913
1967 1956
1961 1964
1958 1971
1956 1972
1911 1978
1966 2002
1963 1971
1967 1969
1971 1965
1971 1958
2036 1957
1953 1922
1963 1954
1963 1962
1955 1968
1956 1968
1915 1977
1963 1994
1961 1979
1963 1970
1969 1969
1967 1959
2004 1956
1964 1945
1962 1951
1966 1960
1958 1963
1955 1966
1955 1971
1953 1977
1962 1975
1970 1979
1967 1970
1969 1962
1975 1958
1976 1963
1967 1957
1965 1958
1961 1963
1958 1968
1953 1970
1957 1974
1960 1978
1961 1976
1964 1970
1971 1968
1973 1966
1969 1960
1970 1961
1968 1961
1964 1966
1957 1969
1956 1972
1955 1971
1960 1975
1960 1977
1965 1975
1969 1973
1972 1968
1970 1963
1966 1962
1968 1959
1966 1960
1962 1964
1961 1968
1960 1970
1960 1973
1962 1970
1967 1970
1970 1969
1972 1966
1972 1965
1972 1960
1966 1960
