3243 2225
3108 2466
2619 2585
2034 2556
1411 2383
923 2100
752 1785
840 1524
1186 1370
1755 1363
2390 1517
2916 1786
3202 2089
3213 2363
2837 2527
2322 2586
1690 2447
1124 2218
778 1918
757 1645
1026 1448
1494 1378
2090 1466
2683 1675
3084 1954
3253 2236
3004 2429
2563 2543
1973 2498
1374 2312
930 2040
769 1757
888 1526
1274 1408
1842 1441
2434 1603
2903 1851
3158 2129
3083 2355
2747 2498
2237 2494
1644 2377
1131 2132
834 1860
848 1634
1131 1466
1590 1442
2164 1550
2692 1761
3022 2014
3088 2256
2870 2426
2442 2492
1885 2408
1361 2221
997 1970
870 1719
1020 1530
1413 1462
1932 1519
2455 1686
2853 1924
3023 2185
2928 2355
2604 2455
2093 2431
1611 2275
1171 2066
968 1804
1005 1619
1265 1499
1712 1512
2225 1634
2662 1827
2895 2103
2924 2263
2707 2408
2301 2429
1819 2333
1384 2149
1099 1920
1036 1708
1205 1563
1556 1528
2006 1595
2441 1756
2751 1972
2863 2184
2750 2337
2444 2399
2024 2354
1574 2214
1269 2034
1117 1813
1176 1650
1433 1562
1820 1598
2248 1701
2578 1882
2752 2077
2735 2255
2529 2358
2178 2355
1783 2258
1462 2091
1253 1910
1222 1741
1388 1623
1689 1609
2054 1675
2384 1826
2606 1989
2671 2154
2561 2281
2294 2320
1954 2267
1626 2154
1400 2012
1306 1853
1373 1696
1593 1649
1916 1680
2231 1764
2463 1905
2576 2076
2536 2206
2353 2261
2078 2255
1785 2184
1543 2057
1412 1906
1424 1782
1569 1711
1807 1702
2076 1755
2315 1865
2461 1998
2479 2119
2366 2196
2160 2222
1904 2180
1676 2090
1530 1970
1518 1831
1583 1780
1748 1737
1973 1762
2193 1835
2355 1931
2398 2055
2343 2145
2195 2177
1946 2160
1802 2126
1646 2007
1571 1911
1608 1824
1733 1785
1980 1790
2084 1793
2243 1909
2330 1999
2302 2079
2204 2126
2004 2136
1876 2123
1732 2036
1653 1949
1659 1876
1757 1812
1935 1815
2021 1807
2162 1886
2255 1964
2244 2040
2184 2099
2056 2107
1938 2097
1806 2041
1725 1975
1706 1915
1752 1860
1859 1845
1970 1860
2100 1883
2190 1948
2211 2010
2171 2055
2082 2079
1963 2071
1855 2043
1781 1997
1749 1941
1774 1889
1845 1867
1968 1862
2052 1908
2122 1939
2157 1996
2151 2039
2086 2050
1986 2056
1892 2039
1825 2002
1787 1953
1796 1919
1854 1899
1933 1892
2016 1906
2090 1938
2130 1977
2122 2012
2080 2035
2009 2047
1929 2035
1856 2007
1823 1973
1825 1940
1861 1915
1923 1903
2007 1912
2061 1929
2092 1970
2089 1991
2079 2016
2028 2017
1949 2025
1890 2012
1856 1986
1847 1952
1865 1933
1916 1922
1974 1921
2030 1930
2067 1952
2080 1976
2063 1994
2022 2012
1969 2017
1921 2009
1884 1990
1871 1970
1881 1949
1912 1935
1955 1929
2001 1933
2023 1947
2060 1978
2050 1981
2020 1992
1977 1999
1938 2008
1916 1993
1894 1974
1888 1967
1910 1957
1945 1942
1982 1934
2019 1939
2041 1949
2040 1964
2024 1980
1996 1992
1961 1998
1930 1995
1912 1988
1905 1977
1917 1966
1937 1953
1968 1946
1991 1945
2012 1949
2020 1955
2025 1975
2002 1970
1970 1986
1955 1997
1940 1991
1923 1984
1916 1988
1934 1978
1954 1960
1978 1946
1996 1945
2006 1945
2011 1949
2002 1960
1989 1975
1971 1987
1954 1995
1940 1998
1932 1992
1935 1985
1945 1973
1958 1961
1977 1950
1989 1946
1997 1940
2003 1948
2001 1961
1981 1972
1972 1976
1952 1997
1945 2012
1947 2000
1949 1984
1948 1972
1961 1960
1974 1946
1985 1939
1988 1940
1992 1949
1992 1958
1986 1978
1973 1995
1963 2005
1955 2006
1948 2001
1945 1985
1950 1970
1959 1953
1967 1938
1978 1933
1988 1935
2008 1944
1985 1967
1980 1983
1966 1997
1959 2020
1963 2012
1958 1994
1949 1982
1951 1963
1954 1943
1961 1934
1975 1930
1983 1938
1991 1957
1993 1975
1987 1993
1979 2005
1969 2012
1956 2012
1948 2000
1943 1978
1947 1954
1953 1937
1967 1926
1979 1928
1987 1934
2008 1950
1987 1992
1987 1983
1964 2021
1960 2024
1958 1994
1946 1974
1943 1969
1945 1950
1955 1926
1972 1922
1987 1937
1988 1947
1993 1962
2011 1979
1988 2010
1966 2026
1947 2010
1943 2001
1936 1981
1932 1960
1942 1928
1968 1919
1984 1923
1993 1931
2007 1951
1998 1974
1999 2008
1964 2020
1953 2019
1950 2003
1939 1987
1942 1970
1926 1943
1960 1918
1980 1915
1994 1922
2001 1938
1983 1958
2014 1982
1980 2008
1965 2013
1952 2020
1946 2007
1955 1986
1918 1949
1953 1934
1967 1924
1989 1919
2004 1923
1974 1938
2013 1973
1998 1981
1975 2011
1946 2014
1941 2019
2014 1989
1905 1942
1931 1961
1960 1937
1980 1921
1994 1918
1972 1929
2011 1968
2002 1970
1980 1998
1959 2008
1943 2017
1997 2014
1918 1957
1926 1974
1951 1955
1965 1936
1982 1925
1957 1926
2012 1961
2005 1953
1993 1977
1980 2020
1952 2006
2002 2011
1924 1966
1927 1979
1937 1975
1958 1955
1981 1928
1961 1926
2006 1945
2007 1951
1996 1960
1980 1984
1957 1999
1975 2010
1920 1995
1922 1990
1941 1985
1956 1963
1975 1947
1991 1937
2005 1926
2005 1943
1999 1949
1983 1972
1951 1986
1956 2019
1914 2050
1919 1987
1931 1997
1953 1985
1974 1952
1983 1940
1989 1935
2002 1933
2001 1943
1985 1959
1968 1975
1956 1993
1948 2009
1939 2010
1940 2000
1950 1987
1965 1971
1978 1953
1991 1937
1998 1936
1997 1943
1983 1952
1969 1965
1959 1985
1944 1999
1952 2029
1943 2001
1943 2000
1961 1978
1982 1947
1982 1942
1987 1945
1990 1942
1983 1942
1978 1961
1965 1979
1954 1991
1949 2002
1950 2004
1952 1995
1964 1983
1973 1967
1979 1954
1985 1941
1986 1937
1985 1942
1980 1956
1969 1974
1959 1986
1956 1998
1957 2005
1966 2007
1962 1985
1966 1972
1982 1957
1998 1937
1976 1951
1970 1944
1972 1956
1971 1965
1962 1983
1958 1989
1963 1994
1966 2001
1966 1987
1971 1975
1967 1963
1992 1952
1975 1948
1975 1940
1968 1949
1968 1964
1964 1979
1960 1988
1966 1997
1970 1997
1992 1994
1975 1981
1948 1963
1995 1957
1982 1942
1963 1944
1966 1960
1966 1965
2024 1963
1940 1948
1959 1995
1974 1994
1974 1995
1979 1982
1982 1973
1980 1964
1969 1952
1964 1946
1963 1949
1965 1962
1960 1973
1953 1979
1960 1990
1975 2000
1977 1998
1969 1982
1968 1965
1984 1980
1969 1957
1966 1943
1972 1937
1953 1953
1959 1971
1949 1973
1955 1982
1970 1995
1977 1997
1981 1987
1983 1975
1989 1970
1986 1967
1968 1951
1958 1949
1950 1954
1947 1963
1943 1973
1946 1977
1966 1987
1977 1996
1983 1989
1995 1980
1995 1965
2009 1991
1977 1954
1975 1944
1948 1951
1931 1964
1929 1963
1935 1959
1942 1973
1954 1986
1979 1989
1998 1986
2015 1979
2021 1988
2008 1976
1987 1966
1964 1962
1932 1959
1903 1950
1898 1947
1905 1953
1924 1961
1957 1967
2001 1978
2038 1993
2053 1994
2069 1997
2030 1996
1991 1983
1927 1967
1872 1991
1868 1927
1860 1923
1877 1939
1923 1949
1984 1959
2047 1978
2092 2000
2105 2011
2086 2012
2039 2002
1973 1990
1896 1968
1840 1945
1807 1927
1818 1919
1863 1918
1941 1928
2029 1950
2104 1976
2150 2001
2160 2022
2114 2022
2027 2027
1918 1998
1836 1972
1782 1925
1759 1921
1789 1910
1873 1902
1980 1914
2103 1946
2169 1988
2205 2008
2178 2035
2103 2040
1988 2031
1864 2003
1767 1968
1720 1936
1732 1910
1802 1895
1917 1899
2047 1915
2159 1950
2224 1985
2231 2019
2165 2041
2070 2059
1920 2034
1797 2001
1713 1960
1677 1935
1728 1911
1843 1890
1982 1893
2119 1918
2219 1952
2260 1991
2231 2023
2132 2044
1995 2046
1849 2034
1733 2004
1673 1967
1686 1931
1772 1905
1904 1894
2056 1903
2184 1928
2261 1958
2262 1993
2193 2021
2089 2026
1916 2038
1777 2020
1686 1989
1661 1968
1725 1931
1847 1903
1986 1905
2120 1909
2228 1931
2272 1968
2253 2001
2120 2000
1977 2016
1844 2027
1733 2010
1672 1979
1696 1951
1786 1932
1921 1924
2064 1916
2183 1931
2248 1954
2242 1981
2155 2019
2038 2000
1919 2012
1773 2017
1702 1990
1696 1957
1762 1922
1867 1955
2009 1933
2132 1926
2216 1945
2232 1975
2179 2013
2086 1995
1955 2011
1835 2011
1742 1997
1704 1973
1740 1955
1837 1943
1957 1941
2079 1940
2176 1950
2222 1970
2196 1988
2113 1999
2001 2007
1880 2006
1786 2016
1727 1971
1731 1958
1805 1947
1919 1938
2041 1932
2135 1951
2189 1980
2191 1991
2138 1997
2037 2008
1922 2006
1821 1992
1758 1973
1746 1957
1793 1939
1885 1931
1997 1938
2102 1952
2168 1969
2186 1991
2148 2006
2065 2013
1961 2008
1858 1996
1803 1974
1757 1959
1788 1936
1862 1918
1965 1915
2053 1940
2135 1974
2179 1988
2160 2003
2090 2019
1996 2022
1894 2006
1813 1979
1773 1952
1783 1929
1841 1916
1928 1914
2029 1929
2108 1951
2156 1980
2154 2005
2110 2022
2027 2026
1933 2013
1849 1991
1783 1960
1792 1951
1819 1909
1887 1910
1980 1919
2083 1942
2141 1963
2150 1998
2119 2030
2055 2034
1973 2023
1883 2005
1817 1978
1792 1944
1813 1914
1872 1905
1954 1910
2038 1929
2105 1961
2136 1994
2123 2021
2076 2034
2001 2032
1923 2016
1854 1987
1816 1957
1838 1921
1849 1914
1918 1901
1986 1918
2059 1958
2120 1979
2124 2012
2080 2027
2026 2037
1963 2025
1890 1999
1832 1962
1826 1934
1854 1917
1899 1911
1962 1909
2035 1935
2082 1972
2113 2009
2084 2019
2050 2031
1986 2033
1921 2004
1865 1984
1836 1929
1857 1923
1892 1927
1939 1906
2003 1930
2064 1924
2083 2002
2072 2020
2058 2031
2012 2026
1948 2011
1892 1999
1864 1944
1864 1927
1884 1918
1917 1914
1966 1917
2038 1910
2058 1993
2068 2006
2053 2020
2024 2027
1972 2020
1904 2035
1889 1953
1873 1937
1879 1919
1932 1900
1950 1924
2013 1893
2023 1977
2045 2011
2054 2014
2035 2019
1987 2023
1904 2069
1914 1963
1892 1941
1896 1928
1906 1915
1940 1919
1997 1907
2008 1959
2034 1992
2036 2008
2027 2019
2001 2022
1934 2037
1927 1982
1909 1946
1902 1939
1905 1920
1917 1920
1975 1938
2000 1947
2015 1984
2035 1987
2020 2008
2000 2027
1971 2013
1938 1985
1930 1956
1912 1949
1913 1929
1933 1920
1947 1929
1990 1948
2001 1977
2011 1989
2012 2009
2001 2016
2019 2007
1940 1985
1946 1965
1929 1953
1925 1935
1933 1923
1927 1925
1981 1957
1993 1968
1998 1985
2001 1994
2007 2007
2050 2000
1938 1972
1954 1982
1941 1954
1932 1942
1939 1927
1918 1932
1973 1958
1985 1956
1989 1982
1996 1993
1997 2010
2037 2011
1955 1970
1952 1988
1947 1963
1941 1947
1946 1932
1929 1933
1973 1961
1966 1956
1980 1971
1992 1988
1984 2007
2022 2006
1957 1969
1961 1982
1962 1963
1943 1957
1947 1940
1944 1933
1966 1950
1981 1948
1987 1971
1987 1983
1985 1995
1998 2004
1971 1992
1954 1985
1961 1980
1953 1959
1956 1947
1946 1934
1975 1934
1986 1956
1979 1959
2000 1976
1983 2000
1991 2002
1956 1989
1965 1972
1957 1983
1953 1971
1963 1951
1970 1938
1977 1921
1977 1953
1983 1951
1984 1969
1979 1983
1982 1992
1951 2035
1962 1978
1965 1986
1958 1972
1960 1957
1963 1950
1987 1903
1975 1956
1978 1951
1979 1966
1970 1986
1986 2010
1936 2056
1957 1976
1965 1988
1967 1972
1965 1958
1963 1956
1992 1915
1974 1951
1982 1951
1978 1963
1973 1971
1973 1979
1968 1990
1968 1992
1967 1989
1967 1981
1966 1971
1966 1961
1970 1951
1970 1949
1974 1952
1975 1963
1973 1970
1970 1982
1974 2017
1966 1998
1966 1991
1966 1980
1953 1979
1962 1975
1976 1957
1971 1949
1972 1954
1973 1958
1973 1966
1969 1975
1972 1986
1967 1991
1965 1992
1965 1989
1964 1982
1969 1969
1969 1964
1970 1956
1971 1953
1969 1955
1969 1961
1973 1971
1971 1978
1970 1988
1969 1990
1969 1988
1967 1979
1979 1966
1968 1966
1963 1967
1970 1958
1973 1953
1967 1953
1965 1966
1970 1970
1968 1980
1969 1985
1971 1990
1972 1986
1971 1984
1968 1971
1967 1965
1966 1958
1966 1956
1964 1956
1965 1960
1965 1966
1964 1970
1961 1980
1975 2002
1975 1984
1970 1984
1966 1978
1965 1975
1973 1958
1967 1952
1957 1959
1958 1964
1967 1960
1967 1967
1967 1974
1975 1981
1974 1983
1976 1981
1972 1983
1974 1977
1968 1972
1964 1965
1960 1968
1957 1960
1959 1964
1961 1965
1966 1969
1971 1975
1984 1977
1971 1989
1980 1976
1977 1969
1968 1973
1960 1977
1963 1967
1964 1956
1957 1960
1958 1967
1961 1964
1968 1972
1972 1977
1974 1977
1977 1978
1977 1977
1975 1976
1971 1973
1966 1970
1962 1969
1962 1968
1959 1965
1963 1968
1965 1969
1972 1972
1975 1973
1988 1979
1975 1972
1963 1973
1972 1974
1980 1963
1969 1963
1959 1968
1962 1970
1963 1966
1966 1965
1968 1972
1974 1972
1975 1974
1977 1974
1978 1974
1975 1974
1972 1971
1968 1970
1967 1970
1966 1969
1967 1969
1967 1968
1968 1971
1970 1971
1972 1976
1975 1972
1977 1978
1973 1974
1966 1972
1969 1979
1974 1966
1974 1964
1969 1967
1968 1971
1968 1970
1971 1968
1968 1972
1973 1971
1974 1974
1975 1973
1974 1972
1974 1971
1971 1970
1968 1961
1966 1967
1963 1966
1967 1966
1967 1967
1969 1968
1952 1971
1984 1963
1968 1983
1974 1968
1973 1962
1973 1965
1964 1975
1967 1977
1972 1963
1967 1963
1963 1968
1969 1972
1968 1969
1970 1973
1969 1974
1969 1973
1970 1974
1974 1974
1972 1972
1971 1969
1972 1969
1967 1969
1965 1968
1964 1968
1963 1967
1968 1968
1974 1955
1972 1973
1970 1973
1969 1968
1982 1961
1971 1964
1964 1978
1971 1973
1971 1964
1966 1967
1963 1968
1966 1968
1960 1973
1968 1972
1968 1973
1969 1973
1971 1970
1972 1968
1971 1970
1969 1968
1968 1968
1968 1969
1964 1970
1959 1969
1962 1970
1958 1973
1972 1995
1965 1965
1957 1973
1967 1976
1979 1967
1976 1960
1968 1968
1965 1970
1967 1969
1963 1968
1963 1972
1962 1970
1963 1972
1967 1973
1970 1974
1947 2015
1965 1949
1970 1965
1974 1965
1968 1967
1968 1965
1984 1935
1964 1982
1964 1971
1951 1978
1964 1996
1968 1972
1934 2036
1960 1948
1968 1974
1971 1964
1972 1960
1963 1969
1986 1923
1967 1981
1969 1968
1969 1976
1965 1976
1969 1972
1930 2045
1972 1950
1971 1967
1969 1969
1969 1966
1969 1969
1993 1925
1964 1976
1966 1975
1965 1973
1980 1973
1989 1969
1967 1986
1968 1970
1968 1960
1977 1963
1961 1974
1967 1977
1971 1961
1965 1966
1960 1975
1961 1974
1966 1970
1968 1969
1970 1975
1972 1973
1973 1969
1972 1967
1973 1966
1969 1966
1968 1965
1964 1967
1963 1969
1961 1972
1965 1969
1966 1968
1978 1974
1970 1971
1976 1970
1976 1966
1983 1960
1970 1959
1963 1971
1970 1970
1969 1965
1961 1971
1960 1976
1965 1976
1969 1972
1969 1971
1974 1972
1976 1967
1976 1969
1975 1967
1972 1969
1967 1967
1967 1966
1964 1970
1963 1971
1963 1973
1966 1972
1963 1961
1978 1970
1970 1967
1964 1968
1975 1971
1978 1964
1972 1962
1961 1964
1959 1972
1969 1970
1965 1968
1965 1970
1969 1969
1969 1970
1970 1966
1970 1965
1972 1965
1975 1963
1972 1967
1970 1968
1970 1968
1967 1968
1965 1969
1966 1971
1964 1971
1968 1969
1975 1985
1970 1962
1963 1963
1968 1960
1971 1967
1973 1963
1968 1967
1962 1976
1967 1978
1967 1971
1965 1968
1965 1972
1965 1966
1965 1964
1967 1964
1968 1967
1965 1965
1969 1967
1968 1970
1970 1975
1968 1978
1970 1978
1967 1977
1966 1972
1958 1968
1964 1986
1964 1959
1964 1961
1972 1940
1966 1986
1973 1969
1980 1968
1975 1981
1974 1988
1958 2008
1967 1960
1964 1965
1964 1966
1958 1958
1956 1952
1982 1916
1969 1971
1972 1976
1971 1976
1978 1987
1975 1991
1933 2051
1972 1969
1963 1964
1957 1968
1948 1950
1949 1950
1969 1920
1953 1958
1960 1979
1979 1968
1987 1977
1985 1996
1948 2024
1973 1990
1968 1967
1956 1971
1947 1958
1948 1949
1951 1938
1960 1947
1956 1961
1972 1963
1982 1980
1992 1992
1990 1999
1972 1991
1977 1978
1963 1977
1957 1960
1947 1960
1932 1950
1951 1939
1943 1942
1960 1954
1981 1978
1991 1984
2032 1993
1970 1986
1984 1991
1966 1983
1956 1973
1942 1953
1910 1947
1951 1951
1950 1946
1958 1954
1970 1960
1987 1979
2026 1992
1980 1980
1992 1994
1979 1993
1964 1981
1932 1964
1918 1955
1952 1964
1947 1944
1953 1944
1962 1958
1979 1976
2055 1988
1980 1947
1978 1992
1982 1990
1973 1986
1960 1968
1928 1959
1953 1972
1959 1954
1953 1952
1968 1955
1977 1970
2026 1974
1975 1945
1973 1982
1979 1983
1965 1980
1962 1969
1935 1963
1978 1974
1959 1968
1962 1957
1971 1955
1979 1968
2004 1979
1977 1970
1965 1969
1969 1975
1962 1973
1955 1966
1956 1961
1958 1960
1971 1967
1969 1964
1978 1963
1981 1974
1981 1980
1973 1996
1968 1964
1966 1981
1954 1969
1950 1958
1956 1954
1952 1954
1971 1954
1969 1962
1987 1973
1990 1971
1990 1976
1958 2042
1971 1961
1963 1976
1954 1968
1940 1957
1940 1951
1954 1927
1963 1955
1968 1959
1979 1962
1988 1976
1996 1988
1974 2023
1976 1977
1968 1980
1960 1971
1946 1960
1940 1947
1963 1905
1952 1951
1973 1955
1971 1962
1990 1977
1995 1987
1957 2050
1988 1980
1969 1984
1961 1981
1951 1962
1945 1949
1949 1933
1949 1950
1960 1954
1965 1952
1980 1967
1996 1985
1998 1997
1989 1991
1986 1990
1971 1981
1955 1971
1943 1955
1950 1952
1953 1945
1952 1952
1962 1941
1979 1966
1985 1976
1989 1979
1976 1989
1979 1979
1967 1993
1961 1983
1952 1964
1940 1952
1951 1948
1950 1950
1957 1947
1968 1959
1983 1972
1985 1984
1983 1988
1982 1988
1975 1991
1962 1984
1948 1971
1929 1957
1955 1956
1945 1951
1953 1949
1985 1953
1976 1969
2004 1980
1973 1969
1983 1981
1972 1984
1956 1991
1953 1972
1919 1959
1958 1968
1950 1953
1950 1948
1967 1950
1968 1960
2020 1967
1968 1951
1976 1985
1974 1986
1960 1982
1957 1968
1953 1968
1948 1959
1948 1948
1961 1950
1965 1958
1982 1958
1995 1970
1972 1960
1972 1968
1977 1977
1963 1989
1960 1975
1961 1963
1952 1968
1958 1963
1951 1951
1970 1950
1970 1964
1976 1968
1971 1969
1965 1971
1972 1982
1964 1980
1956 1977
1951 1971
1953 1960
1952 1952
1958 1953
1963 1955
1976 1960
1995 1965
1970 1983
1973 1974
1968 1970
1965 1982
1960 1979
1954 1970
1952 1957
1957 1958
1949 1956
1961 1948
1975 1955
1978 1964
1975 1971
1975 1979
1980 1988
1966 1986
1960 1979
1956 1972
1961 1962
1958 1970
1951 1954
1961 1948
1972 1956
1969 1962
1975 1961
1976 1978
1979 1975
1974 1981
1964 1977
1959 1974
1968 1946
1956 1969
1943 1957
1958 1950
1966 1951
1970 1957
1972 1970
1975 1964
1980 1972
1978 1983
1968 1978
1959 1974
1968 1952
1956 1969
1945 1958
1954 1946
1962 1949
1971 1955
1979 1960
1977 1987
1977 1968
1974 1973
1974 1977
1966 1970
1958 1975
1954 1972
1956 1961
1956 1952
1961 1954
1964 1953
1971 1955
1974 1964
1979 1970
1976 1974
1973 1976
1971 1978
1964 1975
1959 1971
1955 1964
1955 1961
1954 1956
1961 1954
1966 1958
1970 1963
1973 1978
1976 1972
1975 1978
1974 1971
1964 1972
1959 1977
1960 1969
1959 1965
1960 1960
1961 1957
1965 1955
1968 1960
1973 1965
1973 1973
1973 1977
1970 1983
1968 1979
1965 1977
1959 1968
1961 1964
1962 1957
1965 1955
1969 1957
1970 1961
1971 1966
1973 1986
1971 1973
1970 1976
1974 1972
1964 1976
1960 1976
1955 1967
1958 1962
1958 1958
1962 1959
1966 1962
1971 1965
1972 1971
1966 1974
1970 1980
1966 1982
1965 1981
1961 1976
1960 1971
1956 1964
1960 1962
1963 1960
1965 1959
1968 1964
1976 1968
1984 1987
1967 1969
1971 1970
1965 1973
1966 1977
1959 1972
1959 1965
1959 1961
1957 1960
1962 1956
1968 1959
1976 1965
1973 1968
1974 1971
1974 1978
1967 1975
1962 1976
1961 1972
1956 1968
1955 1961
1958 1961
1963 1960
1964 1960
1968 1961
1970 1956
1976 1968
1971 1972
1971 1972
1960 1979
1958 1971
1961 1963
1960 1960
1957 1962
1921 2039
1961 1937
1964 1958
1970 1963
1971 1967
1971 1968
2001 1934
1968 1980
1967 1975
1964 1972
1955 1967
1958 1962
1924 2013
1958 1948
1966 1950
1971 1962
1984 1965
1969 1976
1984 1957
1962 1976
1967 1981
1969 1968
1960 1967
1963 1966
1946 1992
1954 1950
1969 1951
1969 1961
1974 1965
1975 1970
1971 1970
1975 1975
1972 1978
1967 1974
1960 1966
1960 1968
1962 1961
1967 1959
1967 1960
1969 1959
1971 1962
1971 1962
1973 1975
1962 1969
1970 1975
1968 1963
1962 1972
1959 1966
1958 1965
1961 1961
1966 1960
1965 1959
1968 1962
1973 1965
1974 1968
1970 1972
1967 1972
1963 1969
1958 1970
1959 1970
1958 1965
1963 1964
1965 1961
1965 1962
1967 1963
1968 1962
1977 1974
1969 1964
1970 1963
1970 1967
1966 1975
1964 1968
1956 1966
1958 1960
1961 1957
1963 1962
1968 1959
1970 1963
1970 1966
1971 1968
1969 1966
1967 1969
1966 1966
1966 1971
1967 1968
1956 1962
1957 1956
1970 1961
1966 1968
1965 1959
1987 1951
1969 1973
1974 1980
1961 1961
1967 1969
1965 1973
1959 1965
1960 1961
1955 1955
1965 1963
1966 1963
1966 1965
1966 1964
1968 1957
1975 1979
1964 1968
1964 1968
1961 1969
1961 1969
1945 2012
1954 1941
1965 1965
1966 1964
1964 1965
1968 1963
1996 1935
1968 1993
1966 1970
1956 1972
1966 1969
1965 1968
1939 2005
1956 1953
1965 1967
1964 1967
1965 1967
1967 1967
1977 1936
1970 1978
1966 1972
1965 1969
1965 1972
1964 1972
1916 2044
1954 1949
1953 1961
1961 1969
1959 1965
1965 1965
1996 1933
1966 1996
1972 1976
1958 1965
1963 1968
1964 1968
1925 2000
1954 1959
1955 1957
1959 1967
1959 1964
1963 1955
1981 1965
1973 1967
1968 1975
1965 1964
1967 1971
1963 1974
1951 1967
1949 1966
1960 1959
1960 1973
1960 1963
1962 1964
1959 1965
1970 1961
1966 1973
1963 1967
1966 1964
1965 1968
1995 1970
1941 1955
1961 1957
1959 1965
1961 1966
1959 1963
1938 1963
1978 1970
1970 1970
1972 1971
1962 1965
1965 1966
1995 1970
1948 1950
1963 1962
1964 1966
1965 1966
1965 1966
1927 1967
1975 1976
1973 1968
1957 1971
1963 1963
1964 1969
2043 1966
1943 1929
1959 1968
1962 1962
1961 1968
1962 1962
1937 1965
1973 1989
1973 1963
1968 1973
1965 1961
1967 1969
2012 1970
1957 1933
1957 1967
1970 1965
1962 1972
1962 1962
1949 1965
1970 1978
1977 1970
1969 1978
1973 1964
1964 1965
1994 1964
1961 1943
1953 1960
1966 1966
1964 1968
1963 1966
1970 1967
1965 1970
1973 1967
1967 1966
1966 1961
1969 1966
1972 1965
1965 1973
1957 1951
1969 1969
1963 1969
1962 1964
1966 1967
1967 1969
1965 1964
1983 1963
1972 1966
1970 1968
1966 1963
1950 2009
1963 1947
1966 1967
1963 1966
1963 1967
1965 1966
1971 1948
1968 1982
1958 1964
1964 1962
1967 1964
1970 1968
1949 2009
1964 1950
1963 1965
1965 1966
1960 1966
1965 1968
1965 1959
1964 1971
1966 1965
1963 1943
1971 1970
1964 1965
1924 2033
1965 1945
1961 1959
1962 1971
1964 1968
1963 1968
1990 1916
1962 1974
1967 1966
1969 1969
1971 1973
1968 1967
1930 2033
1961 1948
1960 1962
1960 1968
1963 1965
1967 1970
1986 1934
1968 1973
1965 1972
2025 1967
1978 1968
1963 1964
1949 1996
1956 1956
1963 1964
1961 1969
1961 1966
1962 1968
1961 1967
1971 1972
1964 1973
1972 1969
1968 1967
1969 1967
2004 1971
1946 1955
1965 1960
1959 1968
1960 1963
1962 1967
1961 1969
1964 1967
1965 1972
1964 1970
1985 1947
1962 1989
1963 1967
1962 1969
1966 1966
1962 1969
1962 1970
1955 1966
1958 1963
1964 1970
1962 1970
1966 1968
1968 1969
1970 1973
1964 1970
1962 1965
1967 1968
1966 1971
1964 1969
1962 1969
1966 1970
1962 1971
1961 1968
1966 1967
1938 1973
1984 2009
1968 1962
1967 1975
1967 1967
1961 1968
1961 1965
1961 1965
1964 1965
1964 1964
1966 1968
1965 1968
1966 1968
1968 1967
1966 1967
1966 1967
1966 1969
1965 1968
1963 1968
1960 1965
1960 1964
1960 1964
1964 1969
1966 1968
1969 1969
2010 1946
1967 1979
1976 1970
1967 1966
1962 1971
1966 1965
1963 1962
1960 1963
1964 1963
1965 1964
1968 1967
1970 1965
1971 1966
1975 1968
1973 1968
1973 1971
1971 1969
1965 1968
1963 1965
1961 1964
1957 1961
1963 1961
1969 1963
1971 1966
1937 1968
1980 2001
1977 1973
1972 1974
1964 1962
1961 1973
1967 1968
1962 1964
1964 1964
1961 1963
1962 1964
1962 1959
1968 1964
1973 1968
1974 1969
1976 1972
1975 1973
1972 1973
1965 1968
1962 1965
1959 1965
1961 1961
1963 1964
1967 1965
1968 1967
2001 1929
1966 1988
1978 1968
1973 1958
1972 1966
1968 1972
1966 1966
1964 1965
1964 1963
1960 1963
1962 1965
1963 1965
1970 1970
1968 1969
1972 1974
1971 1972
1971 1974
1969 1971
1966 1968
1963 1969
1959 1965
1959 1966
1959 1965
1958 1966
1928 1967
1999 1996
1959 1967
1970 1970
1970 1964
1965 1971
1963 1968
1964 1966
1958 1963
1958 1961
1957 1962
1961 1962
1966 1967
1966 1968
1968 1970
1970 1970
1968 1971
1964 1970
1964 1969
1962 1967
1962 1965
1962 1966
1961 1963
1961 1965
1961 1964
1992 1932
1964 2001
1965 1963
1962 1979
1972 1971
1969 1972
1961 1968
1958 1969
1957 1967
1960 1966
1961 1966
1964 1968
1963 1970
1966 1967
1970 1970
1971 1973
1971 1974
1967 1973
1966 1974
1963 1968
1962 1967
1961 1964
1959 1963
1962 1964
2048 1933
1986 1965
1964 1971
1977 1960
1961 1967
1960 1979
1972 1975
1972 1967
1960 1972
1960 1966
1959 1964
1961 1962
1959 1963
1964 1965
1970 1968
1968 1969
1972 1969
1972 1969
1970 1973
1966 1970
1965 1966
1964 1964
1964 1963
1961 1959
2003 1963
1967 1871
1971 1973
1954 1966
1979 1965
1976 1952
1959 1969
1967 1975
1962 1969
1965 1965
1963 1966
1961 1963
1959 1961
1961 1959
1967 1963
1969 1961
1969 1968
1970 1968
1969 1969
1965 1968
1965 1965
1964 1967
1961 1965
1962 1964
1965 1961
1924 1884
1980 1979
1965 1963
1949 1960
1989 1960
1974 1950
1962 1975
1965 1975
1964 1967
1962 1966
1957 1965
1962 1964
1954 1991
1952 1957
1970 1953
1968 1967
1970 1967
1968 1965
1966 1971
1979 1974
1961 1970
1966 1966
1961 1968
1956 1961
1953 1962
1952 2092
1968 1956
1952 1972
1952 1962
1964 1978
1951 1960
1981 1976
1963 1973
1970 1971
1963 1969
1962 1973
2027 1965
1944 1933
1967 1960
1966 1964
1965 1966
1970 1968
1967 1972
1966 1965
1970 1971
1967 1973
1962 1970
1963 1965
1967 1972
2018 1914
1952 1993
1950 1956
1954 1983
1975 1968
1971 1956
1960 1969
1963 1977
1964 1970
1966 1966
1968 1970
1966 1971
1967 1970
1964 1967
1967 1967
1967 1970
1967 1967
1964 1967
1964 1967
1968 1971
1966 1968
1967 1968
1966 1969
1969 1967
2153 1839
1963 1960
1969 1967
1950 1958
1951 1989
1969 1968
1968 1962
1964 1968
1963 1970
1967 1968
1969 1970
1964 1967
1966 1967
1962 1968
1965 1968
1962 1970
1962 1967
1962 1971
1959 1966
1963 1970
1963 1971
1964 1969
1961 1970
1966 1968
1918 1967
2003 1999
1956 1960
1980 1955
1967 1949
1954 1977
1966 1974
1966 1963
1964 1966
1966 1967
1966 1966
1967 1967
1965 1966
1965 1965
1964 1964
1966 1964
1967 1966
1966 1965
1965 1965
1969 1964
1966 1965
1966 1966
1967 1964
1965 1965
1808 1990
1956 2154
1966 1957
1957 1975
1984 1953
1961 1945
1977 1935
1965 1974
1973 1969
1969 1954
1967 1968
1961 1965
1936 1995
1960 1961
1967 1954
1966 1970
1963 1962
1966 1964
1969 1966
1974 1971
1959 1974
1963 1957
1970 1962
1972 1968
1964 1963
2019 1959
1957 1998
1974 1965
1968 1947
1969 1947
1938 1968
1976 1977
1966 1968
1962 1961
1969 1965
1966 1966
1983 1964
1957 1958
1966 1962
1966 1965
1967 1965
1967 1965
1948 1966
1981 1974
1965 1970
1962 1964
1967 1962
1966 1970
2025 1966
2083 1959
1986 1963
1966 1964
1950 1966
1983 1953
1926 1949
1969 1993
1962 1975
1967 1970
1970 1960
1962 1973
1983 1972
1953 1951
1961 1965
1969 1968
1964 1974
1962 1966
1927 1966
1967 1993
1970 1970
1960 1968
1966 1967
1964 1972
1980 1970
1920 1948
1982 2031
1958 1960
1972 1968
1981 1938
1954 1965
1957 1990
1976 1974
1967 1962
1964 1962
1966 1971
1956 1966
1962 1959
1959 1961
1965 1969
1962 1967
1963 1966
1959 1970
1963 1966
1972 1975
1958 1963
1964 1963
1962 1967
1963 1964
1841 1987
1974 2039
1965 1963
1941 1970
1983 1959
1966 1948
1963 1952
1964 1987
1965 1964
1963 1962
1968 1970
1966 1962
1952 1980
1961 1953
1966 1969
1967 1973
1962 1968
1962 1968
1978 1926
1965 1979
1961 1965
1964 1960
1966 1969
1962 1964
1973 2030
1936 1940
1960 1992
1939 1969
1964 1973
1976 1954
1979 1944
1955 1981
1957 1969
1964 1958
1963 1968
1962 1967
1931 2007
1962 1961
1959 1959
1964 1970
1960 1965
1966 1967
1969 1956
1973 1970
1961 1967
1960 1959
1970 1967
1969 1969
1961 1966
2033 1900
1967 1991
1950 1962
1949 1980
1977 1957
1979 1959
1973 1968
1962 1971
1965 1962
1967 1970
1965 1963
1968 1968
1949 1957
1964 1957
1963 1970
1964 1970
1960 1965
1963 1969
1974 1972
1962 1970
1970 1964
1966 1969
1970 1963
1994 1968
1909 1878
1966 1988
1974 1963
1966 1951
1980 1951
1920 1965
1970 1989
1962 1962
1969 1968
1965 1965
1965 1964
2029 1966
1946 1935
1967 1961
1966 1964
1963 1965
1968 1964
1912 1967
1975 1990
1964 1966
1965 1968
1966 1968
1966 1964
1989 1965
1920 1928
1968 1999
1969 1969
1956 1957
1983 1951
1960 1956
1957 1978
1967 1966
1969 1966
1968 1970
1963 1968
1967 1969
1968 1967
1967 1969
1966 1967
1967 1968
1965 1969
1965 1969
1964 1967
1965 1970
1965 1969
1966 1969
1966 1970
1969 1969
1952 2048
1986 2028
1958 1964
1943 1971
1970 1975
1978 1956
1962 1967
1957 1971
1964 1968
1966 1967
1968 1972
1969 1970
1967 1969
1966 1969
1965 1969
1966 1971
1965 1968
1965 1969
1965 1968
1965 1970
1964 1970
1967 1965
1965 1966
1968 1968
1902 1968
1991 2018
1960 1961
1941 1975
1963 1975
1975 1958
1966 1958
1956 1968
1964 1972
1962 1965
1961 1969
1963 1966
1963 1966
1966 1967
1968 1967
1970 1972
1964 1967
1962 1967
1963 1967
1964 1966
1963 1968
1966 1968
1964 1970
1963 1970
1925 1966
1995 1921
1967 1964
1956 1975
1952 1965
1961 1983
1979 1960
1964 1958
1963 1968
1965 1965
1966 1966
1966 1967
1964 1965
1967 1968
1966 1963
1967 1966
1967 1966
1968 1968
1968 1967
1967 1968
1965 1968
1962 1962
1964 1968
1964 1968
1881 1969
1970 2109
1970 1963
1958 1974
1953 1964
1961 1982
1980 1958
1967 1959
1967 1970
1968 1968
1968 1967
1968 1966
1966 1967
1969 1968
1958 1959
1968 1967
1969 1967
1969 1967
1968 1965
1965 1965
1966 1963
1966 1963
1967 1967
1967 1968
1885 1965
1980 1979
1970 1959
1961 1974
1955 1954
1958 1985
1976 1960
1967 1954
1965 1966
1967 1966
1965 1966
1969 1965
1969 1965
1970 1966
1966 1963
1969 1965
1970 1966
1970 1966
1970 1966
1966 1966
1967 1966
1963 1963
1965 1965
1966 1965
1957 1966
1999 1965
1963 1961
1953 1975
1949 1966
1969 1974
1978 1952
1967 1960
1962 1972
1975 1971
1964 1966
1964 1964
1962 1968
1965 1968
1966 1967
1967 1970
1967 1970
1968 1969
1965 1968
1963 1966
1962 1967
1964 1967
1963 1967
1963 1969
1930 1967
1987 2021
1961 1959
1954 1977
1950 1964
1961 1983
1975 1960
1963 1958
1960 1967
1965 1965
1964 1967
1963 1967
1962 1969
1961 1967
1962 1968
1965 1967
1965 1972
1964 1968
1962 1968
1961 1965
1962 1966
1959 1966
1960 1966
1961 1967
1924 1967
1989 2006
1957 1961
1946 1978
1947 1975
1967 1970
1963 1960
1963 1968
1964 1968
1963 1968
1961 1967
1960 1965
1962 1965
1964 1964
1967 1967
1966 1967
1965 1969
1964 1968
1959 1965
1961 1964
1961 1965
1962 1966
1966 1968
1964 1967
1935 1967
1988 1994
1958 1961
1953 1976
1957 1972
1965 1972
1960 1966
1964 1971
1960 1967
1961 1967
1963 1965
1962 1964
1962 1966
1964 1968
1963 1968
1964 1965
1961 1967
1963 1966
1962 1965
1923 1965
1979 1975
1963 1969
1962 1958
1962 1959
1937 1949
2041 1983
1935 1928
1960 1965
1960 1961
1960 1964
1964 1964
1919 1965
1977 1983
1961 1964
1966 1967
1961 1962
1960 1959
2037 1960
1940 1931
1963 1959
1963 1963
1961 1965
1960 1963
1907 1964
1975 1991
1965 1963
1968 1967
1965 1964
1937 1902
2054 1986
1943 1921
1964 1963
1967 1960
1964 1963
1966 1964
1964 1965
1963 1962
1968 1963
1969 1968
1963 1964
1965 1962
1971 1965
1970 1969
1962 1960
1964 1963
1969 1963
1968 1966
1966 1966
1965 1965
1968 1969
1965 1964
1964 1963
1954 1930
1977 1947
1966 1969
1968 1964
1964 1966
1966 1967
1961 1965
1963 1966
1966 1969
1964 1969
1967 1969
1968 1967
1967 1969
1964 1966
1964 1965
1967 1963
1966 1964
1965 1966
1964 1966
1967 1968
1966 1969
1963 1969
1964 1967
1966 1969
2033 1940
1969 1971
1966 1970
1967 1967
1963 1968
1964 1967
1963 1968
1962 1964
1962 1965
1965 1965
1967 1969
1966 1968
1964 1968
1964 1969
1960 1975
1959 1960
1966 1962
1969 1972
1960 1967
1961 1964
1986 1945
1965 1973
1960 1970
1960 1962
2017 1956
1968 1973
1945 1986
1963 1964
1962 1962
1962 1968
1959 1962
1965 1967
1965 1967
1972 1968
1963 1974
1958 1963
1968 1961
1966 1971
1962 1965
1961 1960
1967 1965
1967 1970
1959 1964
1960 1963
1949 1967
1974 1965
1955 1976
1973 1961
1964 2018
1964 1972
1994 1967
1942 1957
1964 1958
1961 1967
1963 1968
1964 1966
1937 1966
1978 1972
1964 1970
1961 1962
1966 1965
1962 1969
2026 1963
1938 1938
1968 1960
1968 1967
1963 1967
1962 1964
1941 1965
1973 1973
1962 1970
1955 1963
1964 1955
1967 1965
2022 1969
1951 1930
1961 1964
1963 1960
1965 1964
1966 1960
1950 1964
1976 1985
1971 1969
1961 1967
1964 1957
1966 1967
1997 1960
1960 1928
1958 1960
1970 1962
1964 1966
1963 1959
1965 1961
1970 1969
1971 1971
1955 1959
1968 1957
1970 1967
1968 1967
1959 1955
1961 1958
1968 1966
1969 1969
1963 1962
1964 1960
1964 1961
1975 1972
1961 1965
1967 1962
1969 1968
1968 1967
1964 1973
1959 1950
1971 1964
1966 1962
1966 1962
1965 1963
1965 1946
1968 1973
2012 1956
1966 1954
1963 1964
1964 1964
1944 2025
1963 1940
1964 1965
1966 1962
1960 1964
1962 1961
1976 1932
1966 1975
1970 1970
1959 1969
1965 1965
1964 1967
1947 2003
1963 1953
1964 1965
1965 1967
1964 1965
1968 1965
1967 1958
1969 1969
1946 1956
1962 1964
1969 1967
1967 1971
1954 1978
1962 1958
1968 1968
1969 1973
1960 1966
1960 1959
1984 1947
1966 1970
1967 1972
1962 1964
1966 1970
1962 1970
1950 1975
1955 1963
1964 1961
1970 1972
1961 1969
1964 1968
1968 1967
1958 1968
1957 1956
1966 1959
1966 1968
1967 1969
1975 1969
1951 1964
1962 1957
1962 1969
1961 1968
1960 1965
1960 1968
1975 1972
1967 1975
1959 1964
1961 1962
1965 1968
1964 1967
1962 1963
1963 1964
1970 1969
1962 1967
1961 1963
1944 1963
1967 1967
1963 1976
1965 1963
1968 1967
1964 1967
2036 1969
1942 1936
1963 1966
1962 1963
1961 1969
1963 1962
1916 1965
1977 1992
1963 1967
1965 1968
1963 1967
1960 1964
2030 1967
1943 1929
1963 1963
1964 1963
1965 1965
1966 1965
1922 1965
1977 1986
1963 1963
1966 1968
1963 1966
1964 1965
2001 1969
1952 1931
1953 1965
1963 1959
1964 1965
1964 1966
1956 1966
1967 1981
1972 1970
1963 1972
1958 1960
1961 1961
1963 1964
1968 1967
1969 1967
1966 1968
1960 1965
1962 1965
1961 1964
1964 1955
1966 1965
1969 1965
1970 1970
1969 1968
1968 1965
1960 1967
1966 1963
1964 1966
1970 1967
1969 1967
1965 1968
1966 1965
1967 1963
1966 1968
1966 1964
1966 1965
1969 1966
1968 1963
1968 1966
1970 1965
1965 1965
1963 1964
1972 1969
1964 1966
1967 1967
1967 1964
1964 1966
1967 1967
1968 1967
1967 1967
1967 1967
1965 1968
1965 1964
1966 1966
1965 1967
1964 1969
1963 1967
1965 1967
1963 1966
1966 1965
1965 1969
1966 1968
1964 1966
1962 1966
1963 1967
1961 1966
1959 1965
1963 1965
1966 1969
1965 1969
1965 1975
1965 1971
1962 1966
1961 1969
1964 1969
1965 1972
1964 1969
1963 1973
1960 1969
1960 1965
1963 1966
1963 1966
1964 1968
1965 1969
1963 1970
1960 1970
1960 1966
1962 1969
1960 1970
1961 1967
1962 1967
1964 1967
1964 1964
1964 1965
1964 1964
1963 1965
1962 1966
1965 1969
1966 1968
1965 1968
1965 1962
1965 1965
1963 1966
1966 1965
1967 1969
1964 1967
1962 1966
1962 1964
1966 1966
1964 1963
1964 1966
1964 1966
1966 1968
1962 1970
1964 1971
1964 1966
1963 1968
1965 1967
1963 1966
1964 1969
1963 1964
1966 1967
1965 1969
1965 1970
1964 1970
1966 1967
1965 1967
1963 1967
1965 1967
1965 1967
1965 1967
1964 1968
1965 1969
1962 1967
1965 1964
1965 1964
1966 1964
1966 1966
1966 1965
1965 1967
1959 1967
1961 1964
1964 1965
1965 1966
1965 1966
1966 1965
1966 1967
1966 1964
1965 1961
1966 1964
1966 1965
1965 1964
1967 1965
1967 1966
1965 1967
1962 1963
1962 1963
1963 1963
1968 1963
1963 1966
1966 1967
1963 1965
1962 1963
1964 1963
1962 1964
1966 1967
1966 1967
1968 1969
1965 1966
1964 1966
1963 1963
1966 1965
1963 1963
1965 1965
1968 1967
1964 1967
1964 1967
1964 1966
1963 1967
1964 1967
1965 1966
1962 1968
1957 1967
1964 1964
1966 1964
1966 1964
1967 1966
1965 1967
1965 1966
1959 1964
1965 1966
1967 1970
1966 1968
1966 1967
1966 1964
1967 1964
1964 1962
1966 1961
1966 1965
1964 1965
1963 1967
1964 1968
1959 1967
1963 1964
1963 1968
1963 1966
1966 1968
1962 1966
1967 1966
1962 1965
1964 1964
1965 1965
1964 1967
1965 1965
1965 1968
1965 1968
1963 1967
1965 1966
1964 1966
1965 1964
1963 1964
1968 1968
1964 1967
1962 1966
1961 1967
1961 1965
1963 1967
1964 1968
1965 1970
1964 1972
1961 1966
1961 1966
1964 1967
1965 1966
1966 1967
1965 1968
1966 1967
1965 1967
1964 1965
1963 1968
1962 1966
1964 1965
2037 1967
1945 1927
1959 1963
1963 1961
1965 1970
1963 1964
1912 1967
1973 1992
1965 1969
1965 1969
1961 1965
1963 1962
2039 1971
1943 1928
1961 1960
1964 1963
1964 1961
1968 1964
1920 1967
1974 1989
1966 1965
1967 1964
1964 1964
1960 1963
2009 1965
1948 1934
1961 1960
1968 1961
1965 1966
1965 1962
1952 1964
1972 1976
1973 1967
1967 1965
1970 1969
1968 1964
1963 1963
1949 1979
1960 1949
1971 1968
1966 1963
1970 1964
1969 1965
1964 1963
1968 1962
1970 1968
1965 1966
1961 1961
1968 1969
1971 1973
1963 1967
1964 1959
1967 1965
1969 1963
1967 1962
1967 1961
1972 1965
1965 1968
1964 1963
1963 1966
1967 1969
1967 1970
1965 1967
1965 1967
1966 1966
1963 1967
1966 1965
1972 1953
1970 1977
1961 1967
1958 1962
1967 1967
1969 1973
1961 1969
1960 1965
1964 1968
1966 1969
1958 1964
1961 1961
1980 1956
1965 1968
1962 1969
1965 1958
1966 1962
1961 1965
1931 1990
1958 1962
1960 1955
1963 1971
1961 1966
1960 1968
1971 1966
1964 1962
1967 1972
1964 1966
1964 1963
1967 1970
1962 1968
1951 1963
1961 1953
1963 1969
1962 1967
1966 1966
1962 1971
1968 1970
1956 1969
1953 1960
1965 1966
1966 1973
1975 1968
1951 1961
1967 1964
1963 1973
1960 1966
1961 1964
1935 1963
1977 1971
1962 1971
1962 1964
1964 1966
1961 1966
2027 1962
1935 1939
1964 1961
1964 1963
1966 1965
1965 1958
1945 1962
1977 1974
1967 1966
1962 1960
1967 1962
1964 1969
2028 1967
1944 1928
1957 1962
1964 1961
1966 1966
1966 1962
1956 1961
1972 1974
1972 1964
1966 1966
1966 1963
1963 1966
1993 1969
1951 1939
1953 1961
1965 1960
1967 1964
1966 1957
1974 1960
1974 1965
1973 1966
1966 1958
1970 1962
1972 1975
1959 1974
1955 1969
1963 1966
1963 1972
1959 1963
1963 1956
1972 1958
1973 1958
1981 1973
1968 1961
1969 1966
1965 1971
1959 1968
1955 1996
1950 1955
1961 1973
1962 1967
1959 1961
1968 1956
1975 1946
1977 1969
1970 1963
1972 1962
1968 1969
1968 1976
1948 2008
1954 1959
1959 1975
1961 1970
1964 1965
1967 1962
1974 1935
1974 1971
1967 1959
1968 1961
1970 1965
1971 1977
1948 2003
1955 1966
1956 1975
1962 1974
1957 1972
1959 1963
1985 1930
1970 1970
1974 1963
1972 1958
1975 1969
1965 1974
1923 2019
1959 1965
1956 1971
1957 1977
1957 1971
1961 1965
1966 1954
1973 1962
1970 1961
1967 1955
1976 1961
1973 1974
1962 1975
1961 1970
1960 1977
1959 1979
1951 1969
1955 1960
1968 1963
1976 1959
1967 1967
1970 1954
1973 1963
1971 1964
1975 1965
1950 1964
1958 1963
1958 1978
1956 1973
1958 1967
1950 1964
1975 1961
1959 1963
1970 1951
1972 1956
1974 1964
1975 1970
1957 1971
1961 1969
1960 1977
1955 1974
1953 1966
1934 1963
1981 1973
1965 1961
1970 1952
1977 1956
1972 1963
2004 1962
1952 1955
1967 1969
1962 1975
1960 1974
1957 1967
1958 1964
1963 1963
1967 1959
1971 1958
1971 1955
1973 1961
1971 1964
1965 1965
1964 1971
1962 1973
1960 1976
1958 1970
1928 1965
1966 1992
1972 1959
1966 1962
1972 1956
1973 1963
2027 1961
1951 1929
1960 1966
1961 1970
1959 1974
1958 1971
1933 1968
1967 1982
1966 1965
1966 1962
1973 1961
1966 1957
1984 1961
1951 1946
1954 1959
1961 1968
1956 1967
1961 1968
1958 1969
1969 1963
1966 1971
1966 1957
1971 1964
1969 1957
1971 1961
1949 1989
1955 1951
1963 1969
1957 1969
1963 1970
1961 1972
1962 1969
1969 1966
1971 1968
1970 1964
1966 1957
1970 1965
1971 1970
1965 1970
1961 1971
1962 1973
1958 1972
1957 1971
1958 1969
1964 1968
1970 1966
1970 1964
1972 1963
1968 1967
1966 1970
1964 1969
1963 1972
1961 1975
1958 1976
1959 1972
1961 1969
1964 1968
1967 1964
1971 1962
1972 1964
1974 1966
1968 1966
1969 1968
1964 1973
1958 1971
1957 1972
1957 1971
1961 1970
1962 1964
1967 1963
1973 1962
1972 1963
1973 1964
1972 1962
1966 1966
1964 1969
1962 1969
1962 1972
1963 1972
1961 1970
1967 1967
1966 1963
1966 1959
1973 1958
1975 1962
1973 1966
1970 1967
1964 1974
1958 1972
1957 1970
1957 1972
1960 1970
1961 1969
1967 1966
1970 1961
1975 1960
1974 1960
1974 1960
1973 1965
1966 1966
1965 1973
1962 1972
1959 1974
1957 1967
1961 1966
1964 1963
1971 1960
1973 1961
1977 1960
1977 1959
1977 1959
1971 1963
1967 1969
1963 1971
1959 1971
1959 1973
1958 1970
1962 1964
1964 1963
1969 1959
1974 1960
1975 1960
1977 1964
1973 1965
1971 1966
1966 1970
1963 1973
1957 1974
1956 1971
1958 1972
1961 1968
1963 1963
1968 1961
1974 1960
1972 1960
1973 1962
1970 1966
1965 1970
1960 1971
1956 1973
1954 1976
1954 1972
1956 1971
1959 1965
1963 1959
1968 1959
1975 1958
1979 1960
1971 1963
1970 1967
1966 1973
1957 1971
1955 1977
1952 1976
1957 1974
1957 1971
1963 1966
1968 1962
1968 1958
1974 1956
1977 1958
1974 1963
1970 1967
1964 1973
1957 1977
1953 1976
1952 1975
1955 1973
1959 1968
1966 1963
1973 1960
1973 1958
1975 1955
1973 1956
1971 1962
1964 1968
1958 1974
1956 1978
1953 1979
1951 1975
1956 1973
1965 1968
1966 1960
1974 1957
1977 1953
1974 1957
1972 1958
1967 1964
1960 1969
1956 1974
1952 1978
1949 1980
1952 1978
1956 1970
1966 1965
1971 1958
1976 1956
1977 1953
1973 1956
1966 1954
1962 1965
1956 1972
1950 1979
1949 1981
1949 1978
1956 1976
1960 1969
1969 1962
1974 1956
1978 1955
1976 1952
1978 1953
1967 1959
1960 1966
1955 1972
1951 1977
1952 1981
1957 1977
1965 1973
1970 1965
1973 1957
1980 1953
1982 1951
1979 1954
1972 1957
1965 1968
1957 1972
1952 1975
1950 1978
1953 1979
1959 1974
1968 1968
1975 1962
1982 1953
1979 1948
1978 1951
1973 1954
1968 1957
1960 1969
1957 1975
1953 1979
1951 1977
1956 1977
1962 1971
1970 1960
1976 1958
1979 1956
1978 1955
1971 1952
1967 1958
1959 1963
1952 1972
1951 1975
1952 1981
1940 1978
1965 1979
1970 1973
1967 1958
1975 1953
1980 1958
1974 1959
1962 1955
1960 1958
1959 1972
1949 1980
1943 1975
1954 1974
1955 1988
1972 1977
1963 1964
1975 1957
1980 1961
1974 1956
1965 1957
1950 1949
1955 1967
1946 1970
1948 1974
1951 1980
1956 1965
1971 1983
1963 1965
1975 1959
1975 1957
1973 1955
1951 2004
1953 1936
1957 1965
1955 1969
1943 1975
1947 1972
1961 1940
1961 1984
1972 1966
1974 1967
1977 1957
1974 1955
1950 1995
1961 1944
1959 1962
1955 1969
1948 1985
1951 1976
1965 1942
1961 1987
1965 1968
1972 1965
1979 1964
1974 1959
1931 2028
1966 1940
1955 1961
1956 1969
1945 1971
1947 1972
1978 1947
1956 1979
1972 1973
1965 1969
1976 1957
1981 1957
1945 1982
1967 1950
